100 600
-9912 7621
-9752 -5106
-9401 5112
-9216 1232
-9145 -6497
-9060 8035
-9052 9768
-8658 8085
-8559 4220
-8515 -3850
-8439 660
-8242 -4360
-7988 5005
-7368 -7914
-7346 -5954
-7326 3761
-7168 5778
-7164 1309
-7061 -6036
-7031 -8476
-6754 324
-6432 6471
-5778 -2145
-5463 1782
-5392 965
-5328 6049
-5321 -639
-5220 -4838
-4861 5052
-4665 -1893
-4259 -4215
-3588 -5847
-3586 4107
-3573 -6032
-3314 363
-3257 7550
-3015 9193
-2630 -6272
-2604 523
-2473 -7754
-2320 6250
-2141 9533
-1763 8917
-1755 6327
-819 -1100
-784 -683
-742 6187
-680 5222
-499 -912
-465 -4773
-330 5147
57 7301
250 -5483
305 3115
424 4451
559 800
578 -7141
599 -3947
1136 501
1181 -3388
1521 8796
1797 2150
2174 -1755
2300 550
2315 -4629
3556 8140
3611 283
3644 8870
4021 9569
4169 -5637
4328 -1882
4335 -7971
4433 -4209
4548 -6583
4622 2410
4881 -4628
5102 -4400
5324 -961
5429 -8567
5463 9313
5702 -4863
5803 -7186
6196 -8977
6239 -1141
6445 -4114
6678 -8983
6769 3829
6856 -2127
6969 -1210
7251 6349
7454 152
7547 177
7629 2131
8111 -1654
8412 -7926
8440 4845
8608 -3336
8744 -3659
9259 -4465
9375 -889
1 4 6830
1 12 9787
1 13 1076
1 19 6436
1 24 2291
1 25 2638
1 36 6659
1 37 1007
1 43 9192
1 51 6659
1 53 2070
1 73 7794
1 74 47
1 75 6151
1 77 3859
1 81 8663
1 90 1971
1 91 1920
2 8 493
2 9 6506
2 15 6018
2 16 4866
2 27 7545
2 28 5482
2 29 7091
2 34 6038
2 63 503
2 90 9683
2 95 7702
3 22 6572
3 25 5176
3 27 482
3 40 8214
3 42 2600
3 44 6694
3 62 6079
3 82 7950
3 95 5782
3 98 5144
4 29 2665
4 53 7672
4 79 8316
4 80 6470
4 87 6593
4 94 4741
4 96 6140
5 6 7213
5 9 3539
5 31 5044
5 37 6235
5 38 1750
5 39 7596
5 42 2768
5 46 476
5 65 2700
5 73 1517
5 84 3907
5 94 6309
6 10 340
6 11 3613
6 45 7511
6 54 7044
6 56 2183
6 57 2513
6 69 7931
6 76 3001
6 78 8254
6 82 3828
6 84 2115
6 87 4143
6 96 8131
7 8 3614
7 9 7851
7 11 1461
7 13 9784
7 40 186
7 55 925
7 59 4090
7 64 2321
7 66 3385
7 70 3431
7 74 1843
7 77 3812
7 83 9900
7 84 879
7 94 9215
7 96 9982
8 13 6615
8 18 5977
8 36 2638
8 39 8786
8 50 6360
8 65 4303
8 75 3765
8 81 1997
8 86 4702
8 89 5115
8 93 1142
9 13 2632
9 19 6391
9 30 8451
9 31 2764
9 32 7662
9 34 5076
9 50 9661
9 61 7797
9 75 7870
9 86 6799
9 88 8492
9 93 352
10 15 4538
10 17 8856
10 26 6688
10 33 9163
10 47 2811
10 51 5546
10 69 7054
10 71 2643
10 78 9276
10 85 5270
10 87 8491
10 90 4456
11 14 7659
11 16 5327
11 17 4215
11 18 4501
11 27 3942
11 28 9890
11 32 921
11 37 6152
11 38 8454
11 40 1025
11 49 9065
11 55 8634
11 57 5005
11 59 3060
11 64 8028
11 75 1729
11 86 7047
11 89 1476
12 15 4479
12 22 179
12 32 1449
12 34 4183
12 35 771
12 37 2831
12 43 2067
12 45 732
12 68 1278
12 91 677
12 97 1850
13 26 8630
13 31 1935
13 34 9352
13 37 5632
13 56 3725
13 70 2873
13 76 1258
13 80 6348
13 87 4618
13 88 3619
13 97 1519
13 100 9806
14 18 1403
14 23 8215
14 39 734
14 46 6318
14 47 5420
14 50 19
14 77 6383
14 87 8302
14 90 3814
14 99 6327
15 19 2624
15 53 8606
15 57 9935
15 68 4952
15 92 5567
15 93 9547
15 95 7763
15 96 905
16 39 2664
16 42 9354
16 49 7711
16 51 6073
16 86 5276
17 19 1276
17 23 3129
17 31 6155
17 62 7371
17 73 4310
17 100 6093
18 23 947
18 29 5260
18 33 1769
18 42 2637
18 52 7372
18 63 5651
18 69 7390
18 81 4873
18 99 2173
19 28 9881
19 51 7124
19 70 4344
19 83 8257
19 98 3203
20 38 9152
20 49 256
20 62 7751
20 74 3674
20 87 9484
20 91 3461
20 92 1841
20 99 9415
21 25 2583
21 38 6529
21 42 8443
21 64 9852
21 73 9608
21 85 2564
21 95 3305
22 32 8312
22 33 6728
22 55 491
22 56 5752
22 60 6024
22 69 3190
22 70 7746
22 73 854
22 74 9579
22 75 7689
22 79 846
22 81 2502
22 94 1075
23 25 1986
23 32 8107
23 55 7634
23 56 3782
23 61 2610
23 70 1424
23 78 7194
23 79 1813
23 89 5952
24 34 4505
24 39 6328
24 40 9922
24 60 7837
24 62 4444
24 70 8930
24 73 3173
24 83 8134
24 96 1980
24 98 4918
24 99 8863
25 31 4451
25 35 3356
25 38 126
25 39 301
25 54 3013
25 57 1515
25 64 6979
25 65 2989
25 66 4534
25 71 6572
25 94 8780
25 95 5632
26 28 1941
26 29 8124
26 34 5906
26 35 2450
26 56 1366
26 61 5143
26 75 5565
27 32 5681
27 34 1067
27 36 3524
27 37 1794
27 47 6706
27 54 2838
27 55 1624
27 57 93
27 65 6460
27 69 4298
27 85 3957
27 86 135
28 33 5978
28 40 373
28 43 2036
28 48 1032
28 72 8341
28 77 5402
28 79 6390
28 84 8297
29 44 5564
29 45 8197
29 58 3959
29 60 833
29 90 9777
30 52 1755
30 58 215
30 75 9140
30 77 4100
30 90 7790
30 100 6627
31 33 4686
31 46 4947
31 48 7067
31 50 7660
31 56 1697
31 68 5878
31 70 832
31 79 9028
31 82 900
31 87 7521
31 92 4021
32 39 8356
32 44 8113
32 46 5994
32 47 8044
32 56 9101
32 60 8097
32 61 4472
32 83 941
32 89 6050
33 42 8953
33 47 1322
33 48 5765
33 52 8632
33 55 6669
33 63 1844
33 65 3620
33 66 6947
33 78 5619
33 82 1350
33 84 4439
33 96 6605
34 36 1594
34 41 4342
34 48 1137
34 52 2898
34 60 4559
35 41 9866
35 52 8293
35 54 1334
35 55 1282
35 62 8760
35 68 4440
35 71 6499
35 73 472
35 77 8706
35 86 4475
35 93 3790
35 95 7401
35 99 6753
35 100 9988
36 38 8882
36 63 7499
36 64 7282
36 75 2681
36 79 3457
36 97 7896
37 41 8020
37 57 3019
37 58 6060
37 59 3612
37 63 2731
37 66 1266
37 69 144
37 83 8464
37 98 5183
38 41 5757
38 51 1451
38 53 1816
38 58 1136
38 65 523
38 71 3312
38 82 1942
38 98 4326
39 45 98
39 51 9814
39 57 8801
39 60 5447
39 91 9532
39 100 9991
40 46 7795
40 47 5583
40 48 2800
40 52 1836
40 53 7525
40 61 3101
40 64 6495
40 67 3662
40 71 6103
40 87 2132
40 89 5988
40 90 8493
40 94 246
40 96 2387
40 99 7390
41 51 278
41 77 1590
41 81 7938
41 90 1693
41 91 1477
41 97 9581
42 56 8085
42 72 3745
42 85 2068
42 86 489
42 94 8321
43 45 9671
43 53 2553
43 57 5568
43 59 5549
43 70 7815
43 71 5922
43 74 7218
43 78 5585
43 84 7551
43 91 9694
43 94 2373
44 46 3433
44 80 9119
44 83 6589
44 89 2621
44 98 9630
45 61 4527
45 65 7934
45 78 7228
45 82 2751
45 93 862
45 98 2329
46 48 3838
46 75 457
47 67 7279
47 73 0
47 75 9725
47 86 9658
47 91 1124
47 98 5335
47 99 2941
48 51 5576
48 62 593
48 63 9148
48 66 5039
48 76 4905
48 83 1258
48 87 4827
49 54 6799
49 78 3026
49 80 9835
49 85 2543
49 89 1861
49 99 6834
50 63 7111
50 68 9063
50 74 9569
50 87 6161
51 53 7456
51 60 2037
51 61 5483
51 62 6788
51 84 3774
51 88 1511
51 89 7329
51 98 1962
52 59 4902
52 60 5119
52 63 3401
52 67 1391
52 77 3556
52 91 3780
52 93 3315
52 94 4189
53 63 5856
53 73 8895
53 77 6488
53 90 8452
53 93 2023
54 62 7526
54 73 6858
54 78 9241
54 82 2835
54 87 2748
54 89 1441
54 98 3729
55 57 5237
55 63 8740
55 67 2458
55 94 3373
55 98 1559
56 59 4413
57 59 7624
57 73 8044
57 78 2191
57 79 7655
57 80 4022
57 94 3397
57 99 5978
58 65 6226
58 84 3812
58 89 4540
59 82 6921
60 77 5872
60 79 9356
60 80 420
61 69 8555
61 73 9604
61 74 524
61 75 5
61 84 2470
61 85 8682
62 69 2758
62 97 6724
62 99 1884
63 67 7640
63 85 8143
63 87 2811
63 88 4219
63 98 9566
64 65 6814
64 68 3705
64 88 7208
64 91 6951
65 78 3826
65 82 2456
66 73 9568
66 76 7978
66 83 3279
66 84 314
66 89 5316
66 94 8509
66 96 9785
67 78 6245
67 89 4327
67 96 4991
67 100 3599
68 77 5979
68 87 5244
68 93 3446
68 97 7438
69 70 7927
69 86 3983
70 79 8408
70 80 1415
70 83 8540
70 95 5356
71 77 3767
71 81 3950
71 91 7413
71 97 7183
72 82 7712
72 86 6929
72 98 8319
73 83 7066
73 85 3690
73 87 9963
73 90 2259
73 95 4518
73 98 685
74 79 6562
74 85 1067
75 76 3438
75 81 2664
75 82 6692
75 90 4166
76 89 2501
76 94 4455
77 83 5008
77 86 2667
77 87 1876
77 94 9492
78 84 2632
78 91 1616
78 100 9017
79 84 8625
79 94 6705
80 82 5118
80 88 1629
80 96 2630
81 90 6856
81 98 7194
82 94 653
83 92 4953
84 87 7825
84 88 5817
85 87 6295
86 93 3989
86 98 3636
87 98 6177
88 93 1907
88 94 6174
89 95 1837
89 96 179
90 99 9419
91 92 8368
91 99 4446
92 95 4969
93 98 4228
94 100 9584
