150
9956003 4338159
9912302 4099714
9868603 3861269
9803272 3631902
9737943 3402535
9725452 3366405
9712963 3330276
9696862 3286153
9680763 3242031
9604920 3061837
9529080 2881643
9480997 2784399
9432916 2687155
9193856 2313907
8954799 1940659
8617533 1583544
8280269 1226429
8207226 1165339
8134185 1104248
8099004 1076462
8063826 1048675
7749979 841149
7436134 633623
7424309 627068
7412486 620512
7390677 608640
7368870 596768
7326013 574244
7283157 551720
7267277 543641
7251398 535562
7243949 531822
7236502 528081
7233820 526742
7231140 525403
6900813 389225
6570487 253046
6267535 173486
5964585 93925
5483012 46963
5001441 0
4908226 1712
4815011 3423
4756526 6275
4698042 9126
3783960 242784
2869879 476441
2696173 566710
2522467 656979
2447967 701207
2373467 745435
2138182 910069
1902897 1074703
1666287 1287152
1429677 1499601
1210267 1755916
990856 2012231
780564 2346644
570271 2681057
561384 2698194
552497 2715331
504204 2814683
455910 2914036
390994 3068980
326077 3223924
295153 3310016
264228 3396109
203286 3605778
142343 3815447
72870 4499847
3396 5184248
6262 5243113
9127 5301980
22216 5447551
35304 5593124
40857 5636393
46410 5679663
129531 6061165
212651 6442668
264893 6597515
317135 6752364
875276 7628285
1433416 8504209
1545127 8611086
1656837 8717965
1807742 8843305
1958646 8968648
2234154 9152168
2509662 9335691
2924871 9526057
3340081 9716425
3418919 9742706
3497757 9768990
3577796 9792740
3657836 9816492
3724170 9833998
3790504 9851507
4051719 9902037
4312935 9952569
4322134 9953827
4331334 9955087
4336873 9955827
4342413 9956569
4373326 9960473
4404239 9964380
5392417 9884997
6380596 9805617
6412566 9796200
6444537 9786785
6512378 9765253
6580220 9743723
6741469 9683767
6902719 9623814
7031198 9566667
7159679 9509522
7278359 9448740
7397041 9387960
7404998 9383593
7412956 9379228
7507305 9324524
7601657 9269822
7902884 9054132
8204114 8838444
8295831 8758004
8387551 8677567
8427387 8640055
8467226 8602546
8505311 8565098
8543399 8527652
8830243 8182413
9117090 7837176
9154379 7781479
9191670 7725785
9242986 7643414
9294304 7561045
9433660 7291400
9573019 7021756
9631873 6876478
9690730 6731201
9716959 6656509
9743190 6581818
9813027 6328869
9882867 6075921
9901573 5982604
9920281 5889288
9944379 5724914
9968480 5560542
9969330 5552891
9970182 5545242
9963091 4941700
