1000
9999605 4937170
9999012 4905760
9998421 4874350
9997433 4842949
9996447 4811549
9995065 4780163
9993685 4748778
9991908 4717412
9990134 4686047
9987963 4654706
9985795 4623366
9983230 4592055
9980668 4560744
9977710 4529467
9974755 4498191
9971405 4466954
9968057 4435718
9964314 4404526
9960574 4373334
9956439 4342191
9952307 4311049
9947782 4279960
9943259 4248872
9938343 4217843
9933430 4186814
9928125 4155849
9922822 4124885
9917128 4093989
9911436 4063093
9905354 4032271
9899275 4001450
9892807 3970707
9886341 3939964
9879486 3909305
9872634 3878646
9865395 3848075
9858159 3817505
9850536 3787028
9842916 3756551
9834911 3726171
9826908 3695792
9818522 3665516
9810138 3635240
9801372 3605072
9792609 3574904
9783465 3544848
9774323 3514792
9764802 3484853
9755283 3454915
9745386 3425098
9735492 3395282
9725221 3365592
9714953 3335902
9704310 3306343
9693669 3276785
9682656 3247363
9671645 3217941
9660262 3188659
9648882 3159377
9637133 3130241
9625386 3101105
9613271 3072118
9601159 3043132
9588681 3014300
9576206 2985468
9563367 2956795
9550530 2928122
9537331 2899613
9524135 2871104
9510579 2842762
9497026 2814421
9483115 2786252
9469207 2758084
9454943 2730092
9440682 2702101
9426068 2674290
9411456 2646480
9396493 2618856
9381533 2591232
9366225 2563797
9350919 2536363
9335267 2509123
9319617 2481884
9303624 2454843
9287633 2427802
9271301 2400965
9254972 2374127
9238305 2347497
9221640 2320866
9204639 2294447
9187640 2268028
9170308 2241825
9152979 2215622
9135320 2189639
9117663 2163655
9099678 2137896
9081696 2112136
9063389 2086605
9045085 2061074
9026459 2035775
9007835 2010475
8988892 1985412
8969952 1960349
8950696 1935526
8931442 1910702
8911876 1886123
8892312 1861543
8872438 1837212
8852566 1812880
8832388 1788800
8812213 1764720
8791734 1740896
8771257 1717071
8750480 1693506
8729706 1669941
8708635 1646639
8687566 1623336
8666203 1600300
8644843 1577264
8623193 1554499
8601545 1531733
8579610 1509242
8557678 1486750
8535463 1464536
8513250 1442322
8490757 1420389
8468267 1398455
8445500 1376806
8422736 1355157
8399699 1333796
8376664 1312434
8353360 1291364
8330059 1270294
8306493 1249519
8282929 1228743
8259103 1208265
8235280 1187787
8211199 1167611
8187120 1147434
8162787 1127561
8138457 1107688
8113876 1088123
8089298 1068558
8064473 1049303
8039651 1030048
8014587 1011107
7989525 992165
7964224 973540
7938926 954915
7913394 936610
7887864 918304
7862103 900321
7836345 882337
7810360 864679
7784378 847021
7758174 829691
7731972 812360
7705552 795360
7679134 778360
7652502 761694
7625873 745028
7599034 728698
7572198 712367
7545156 696375
7518116 680383
7490876 664732
7463637 649081
7436202 633774
7408768 618467
7381143 603506
7353520 588544
7325709 573931
7297899 559318
7269907 545056
7241916 530793
7213747 516884
7185579 502974
7157237 489420
7128896 475865
7100386 462668
7071878 449470
7043204 436632
7014532 423794
6985699 411318
6956868 398841
6927881 386728
6898895 374614
6869758 362866
6840623 351118
6811340 339737
6782059 328355
6752636 317343
6723215 306331
6693656 295689
6664098 285047
6634407 274778
6604718 264508
6574901 254613
6545085 244717
6515146 235197
6485208 225677
6455151 216534
6425096 207391
6394927 198627
6364760 189862
6334483 181477
6304208 173092
6273828 165088
6243449 157084
6212971 149463
6182495 141841
6151924 134604
6121354 127366
6090694 120513
6060036 113659
6029292 107192
5998550 100725
5967728 94645
5936907 88564
5906010 82871
5875115 77178
5844150 71874
5813186 66570
5782156 61656
5751128 56741
5720039 52217
5688951 47693
5657808 43560
5626666 39426
5595473 35685
5564282 31943
5533045 28594
5501809 25245
5470532 22289
5439256 19332
5407944 16769
5376634 14205
5345293 12036
5313953 9866
5282587 8091
5251222 6315
5219836 4934
5188451 3553
5157050 2566
5125650 1579
5094239 987
5062830 395
5031414 198
5000000 0
4968585 198
4937170 395
4905760 987
4874350 1579
4842949 2566
4811549 3553
4780163 4934
4748778 6315
4717412 8091
4686047 9866
4654706 12036
4623366 14205
4592055 16769
4560744 19332
4529467 22289
4498191 25245
4466954 28594
4435718 31943
4404526 35685
4373334 39426
4342191 43560
4311049 47693
4279960 52217
4248872 56741
4217843 61656
4186814 66570
4155849 71874
4124885 77178
4093989 82871
4063093 88564
4032271 94645
4001450 100725
3970707 107192
3939964 113659
3909305 120513
3878646 127366
3848075 134604
3817505 141841
3787028 149463
3756551 157084
3726171 165088
3695792 173092
3665516 181477
3635240 189862
3605072 198627
3574904 207391
3544848 216534
3514792 225677
3484853 235197
3454915 244717
3425098 254613
3395282 264508
3365592 274778
3335902 285047
3306343 295689
3276785 306331
3247363 317343
3217941 328355
3188659 339737
3159377 351118
3130241 362866
3101105 374614
3072118 386728
3043132 398841
3014300 411318
2985468 423794
2956795 436632
2928122 449470
2899613 462668
2871104 475865
2842762 489420
2814421 502974
2786252 516884
2758084 530793
2730092 545056
2702101 559318
2674290 573931
2646480 588544
2618856 603506
2591232 618467
2563797 633774
2536363 649081
2509123 664732
2481884 680383
2454843 696375
2427802 712367
2400965 728698
2374127 745028
2347497 761694
2320866 778360
2294447 795360
2268028 812360
2241825 829691
2215622 847021
2189639 864679
2163655 882337
2137896 900321
2112136 918304
2086605 936610
2061074 954915
2035775 973540
2010475 992165
1985412 1011107
1960349 1030048
1935526 1049303
1910702 1068558
1886123 1088123
1861543 1107688
1837212 1127561
1812880 1147434
1788800 1167611
1764720 1187787
1740896 1208265
1717071 1228743
1693506 1249519
1669941 1270294
1646639 1291364
1623336 1312434
1600300 1333796
1577264 1355157
1554499 1376806
1531733 1398455
1509242 1420389
1486750 1442322
1464536 1464536
1442322 1486750
1420389 1509242
1398455 1531733
1376806 1554499
1355157 1577264
1333796 1600300
1312434 1623336
1291364 1646639
1270294 1669941
1249519 1693506
1228743 1717071
1208265 1740896
1187787 1764720
1167611 1788800
1147434 1812880
1127561 1837212
1107688 1861543
1088123 1886123
1068558 1910702
1049303 1935526
1030048 1960349
1011107 1985412
992165 2010475
973540 2035775
954915 2061074
936610 2086605
918304 2112136
900321 2137896
882337 2163655
864679 2189639
847021 2215622
829691 2241825
812360 2268028
795360 2294447
778360 2320866
761694 2347497
745028 2374127
728698 2400965
712367 2427802
696375 2454843
680383 2481884
664732 2509123
649081 2536363
633774 2563797
618467 2591232
603506 2618856
588544 2646480
573931 2674290
559318 2702101
545056 2730092
530793 2758084
516884 2786252
502974 2814421
489420 2842762
475865 2871104
462668 2899613
449470 2928122
436632 2956795
423794 2985468
411318 3014300
398841 3043132
386728 3072118
374614 3101105
362866 3130241
351118 3159377
339737 3188659
328355 3217941
317343 3247363
306331 3276785
295689 3306343
285047 3335902
274778 3365592
264508 3395282
254613 3425098
244717 3454915
235197 3484853
225677 3514792
216534 3544848
207391 3574904
198627 3605072
189862 3635240
181477 3665516
173092 3695792
165088 3726171
157084 3756551
149463 3787028
141841 3817505
134604 3848075
127366 3878646
120513 3909305
113659 3939964
107192 3970707
100725 4001450
94645 4032271
88564 4063093
82871 4093989
77178 4124885
71874 4155849
66570 4186814
61656 4217843
56741 4248872
52217 4279960
47693 4311049
43560 4342191
39426 4373334
35685 4404526
31943 4435718
28594 4466954
25245 4498191
22289 4529467
19332 4560744
16769 4592055
14205 4623366
12036 4654706
9866 4686047
8091 4717412
6315 4748778
4934 4780163
3553 4811549
2566 4842949
1579 4874350
987 4905760
395 4937170
198 4968585
0 5000000
198 5031414
395 5062830
987 5094239
1579 5125650
2566 5157050
3553 5188451
4934 5219836
6315 5251222
8091 5282587
9866 5313953
12036 5345293
14205 5376634
16769 5407944
19332 5439256
22289 5470532
25245 5501809
28594 5533045
31943 5564282
35685 5595473
39426 5626666
43560 5657808
47693 5688951
52217 5720039
56741 5751128
61656 5782156
66570 5813186
71874 5844150
77178 5875115
82871 5906010
88564 5936907
94645 5967728
100725 5998550
107192 6029292
113659 6060036
120513 6090694
127366 6121354
134604 6151924
141841 6182495
149463 6212971
157084 6243449
165088 6273828
173092 6304208
181477 6334483
189862 6364760
198627 6394927
207391 6425096
216534 6455151
225677 6485208
235197 6515146
244717 6545085
254613 6574901
264508 6604718
274778 6634407
285047 6664098
295689 6693656
306331 6723215
317343 6752636
328355 6782059
339737 6811340
351118 6840623
362866 6869758
374614 6898895
386728 6927881
398841 6956868
411318 6985699
423794 7014532
436632 7043204
449470 7071878
462668 7100386
475865 7128896
489420 7157237
502974 7185579
516884 7213747
530793 7241916
545056 7269907
559318 7297899
573931 7325709
588544 7353520
603506 7381143
618467 7408768
633774 7436202
649081 7463637
664732 7490876
680383 7518116
696375 7545156
712367 7572198
728698 7599034
745028 7625873
761694 7652502
778360 7679134
795360 7705552
812360 7731972
829691 7758174
847021 7784378
864679 7810360
882337 7836345
900321 7862103
918304 7887864
936610 7913394
954915 7938926
973540 7964224
992165 7989525
1011107 8014587
1030048 8039651
1049303 8064473
1068558 8089298
1088123 8113876
1107688 8138457
1127561 8162787
1147434 8187120
1167611 8211199
1187787 8235280
1208265 8259103
1228743 8282929
1249519 8306493
1270294 8330059
1291364 8353360
1312434 8376664
1333796 8399699
1355157 8422736
1376806 8445500
1398455 8468267
1420389 8490757
1442322 8513250
1464536 8535463
1486750 8557678
1509242 8579610
1531733 8601545
1554499 8623193
1577264 8644843
1600300 8666203
1623336 8687566
1646639 8708635
1669941 8729706
1693506 8750480
1717071 8771257
1740896 8791734
1764720 8812213
1788800 8832388
1812880 8852566
1837212 8872438
1861543 8892312
1886123 8911876
1910702 8931442
1935526 8950696
1960349 8969952
1985412 8988892
2010475 9007835
2035775 9026459
2061074 9045085
2086605 9063389
2112136 9081696
2137896 9099678
2163655 9117663
2189639 9135320
2215622 9152979
2241825 9170308
2268028 9187640
2294447 9204639
2320866 9221640
2347497 9238305
2374127 9254972
2400965 9271301
2427802 9287633
2454843 9303624
2481884 9319617
2509123 9335267
2536363 9350919
2563797 9366225
2591232 9381533
2618856 9396493
2646480 9411456
2674290 9426068
2702101 9440682
2730092 9454943
2758084 9469207
2786252 9483115
2814421 9497026
2842762 9510579
2871104 9524135
2899613 9537331
2928122 9550530
2956795 9563367
2985468 9576206
3014300 9588681
3043132 9601159
3072118 9613271
3101105 9625386
3130241 9637133
3159377 9648882
3188659 9660262
3217941 9671645
3247363 9682656
3276785 9693669
3306343 9704310
3335902 9714953
3365592 9725221
3395282 9735492
3425098 9745386
3454915 9755283
3484853 9764802
3514792 9774323
3544848 9783465
3574904 9792609
3605072 9801372
3635240 9810138
3665516 9818522
3695792 9826908
3726171 9834911
3756551 9842916
3787028 9850536
3817505 9858159
3848075 9865395
3878646 9872634
3909305 9879486
3939964 9886341
3970707 9892807
4001450 9899275
4032271 9905354
4063093 9911436
4093989 9917128
4124885 9922822
4155849 9928125
4186814 9933430
4217843 9938343
4248872 9943259
4279960 9947782
4311049 9952307
4342191 9956439
4373334 9960574
4404526 9964314
4435718 9968057
4466954 9971405
4498191 9974755
4529467 9977710
4560744 9980668
4592055 9983230
4623366 9985795
4654706 9987963
4686047 9990134
4717412 9991908
4748778 9993685
4780163 9995065
4811549 9996447
4842949 9997433
4874350 9998421
4905760 9999012
4937170 9999605
4968585 9999801
5000000 10000000
5031414 9999801
5062830 9999605
5094239 9999012
5125650 9998421
5157050 9997433
5188451 9996447
5219836 9995065
5251222 9993685
5282587 9991908
5313953 9990134
5345293 9987963
5376634 9985795
5407944 9983230
5439256 9980668
5470532 9977710
5501809 9974755
5533045 9971405
5564282 9968057
5595473 9964314
5626666 9960574
5657808 9956439
5688951 9952307
5720039 9947782
5751128 9943259
5782156 9938343
5813186 9933430
5844150 9928125
5875115 9922822
5906010 9917128
5936907 9911436
5967728 9905354
5998550 9899275
6029292 9892807
6060036 9886341
6090694 9879486
6121354 9872634
6151924 9865395
6182495 9858159
6212971 9850536
6243449 9842916
6273828 9834911
6304208 9826908
6334483 9818522
6364760 9810138
6394927 9801372
6425096 9792609
6455151 9783465
6485208 9774323
6515146 9764802
6545085 9755283
6574901 9745386
6604718 9735492
6634407 9725221
6664098 9714953
6693656 9704310
6723215 9693669
6752636 9682656
6782059 9671645
6811340 9660262
6840623 9648882
6869758 9637133
6898895 9625386
6927881 9613271
6956868 9601159
6985699 9588681
7014532 9576206
7043204 9563367
7071878 9550530
7100386 9537331
7128896 9524135
7157237 9510579
7185579 9497026
7213747 9483115
7241916 9469207
7269907 9454943
7297899 9440682
7325709 9426068
7353520 9411456
7381143 9396493
7408768 9381533
7436202 9366225
7463637 9350919
7490876 9335267
7518116 9319617
7545156 9303624
7572198 9287633
7599034 9271301
7625873 9254972
7652502 9238305
7679134 9221640
7705552 9204639
7731972 9187640
7758174 9170308
7784378 9152979
7810360 9135320
7836345 9117663
7862103 9099678
7887864 9081696
7913394 9063389
7938926 9045085
7964224 9026459
7989525 9007835
8014587 8988892
8039651 8969952
8064473 8950696
8089298 8931442
8113876 8911876
8138457 8892312
8162787 8872438
8187120 8852566
8211199 8832388
8235280 8812213
8259103 8791734
8282929 8771257
8306493 8750480
8330059 8729706
8353360 8708635
8376664 8687566
8399699 8666203
8422736 8644843
8445500 8623193
8468267 8601545
8490757 8579610
8513250 8557678
8535463 8535463
8557678 8513250
8579610 8490757
8601545 8468267
8623193 8445500
8644843 8422736
8666203 8399699
8687566 8376664
8708635 8353360
8729706 8330059
8750480 8306493
8771257 8282929
8791734 8259103
8812213 8235280
8832388 8211199
8852566 8187120
8872438 8162787
8892312 8138457
8911876 8113876
8931442 8089298
8950696 8064473
8969952 8039651
8988892 8014587
9007835 7989525
9026459 7964224
9045085 7938926
9063389 7913394
9081696 7887864
9099678 7862103
9117663 7836345
9135320 7810360
9152979 7784378
9170308 7758174
9187640 7731972
9204639 7705552
9221640 7679134
9238305 7652502
9254972 7625873
9271301 7599034
9287633 7572198
9303624 7545156
9319617 7518116
9335267 7490876
9350919 7463637
9366225 7436202
9381533 7408768
9396493 7381143
9411456 7353520
9426068 7325709
9440682 7297899
9454943 7269907
9469207 7241916
9483115 7213747
9497026 7185579
9510579 7157237
9524135 7128896
9537331 7100386
9550530 7071878
9563367 7043204
9576206 7014532
9588681 6985699
9601159 6956868
9613271 6927881
9625386 6898895
9637133 6869758
9648882 6840623
9660262 6811340
9671645 6782059
9682656 6752636
9693669 6723215
9704310 6693656
9714953 6664098
9725221 6634407
9735492 6604718
9745386 6574901
9755283 6545085
9764802 6515146
9774323 6485208
9783465 6455151
9792609 6425096
9801372 6394927
9810138 6364760
9818522 6334483
9826908 6304208
9834911 6273828
9842916 6243449
9850536 6212971
9858159 6182495
9865395 6151924
9872634 6121354
9879486 6090694
9886341 6060036
9892807 6029292
9899275 5998550
9905354 5967728
9911436 5936907
9917128 5906010
9922822 5875115
9928125 5844150
9933430 5813186
9938343 5782156
9943259 5751128
9947782 5720039
9952307 5688951
9956439 5657808
9960574 5626666
9964314 5595473
9968057 5564282
9971405 5533045
9974755 5501809
9977710 5470532
9980668 5439256
9983230 5407944
9985795 5376634
9987963 5345293
9990134 5313953
9991908 5282587
9993685 5251222
9995065 5219836
9996447 5188451
9997433 5157050
9998421 5125650
9999012 5094239
9999605 5062830
9999801 5031414
10000000 5000000
9999801 4968585
