150
9725000 5000000
9496052 4811560
9932639 4585795
9464516 4436001
9658831 4212018
9401664 4064398
9794486 3768986
9307937 3699357
9462178 3446106
9183994 3343440
9522050 2986654
9030702 2999142
9140549 2723714
8849139 2668879
9122960 2260712
8640576 2354967
8702951 2065077
8406477 2059608
8608394 1611492
8148485 1784873
8161642 1488641
7868407 1532691
7992765 1057177
7568211 1304829
7531781 1010551
7249999 1102886
7293315 613293
6916006 928279
6831011 644197
6568574 782232
6529634 292271
6210139 665769
6078957 399840
5843215 579708
5723110 103102
5470378 524652
5296685 284324
5094240 500987
4896336 51086
4717443 508880
4506104 300885
4342627 548275
4072463 137679
3972422 618895
3729354 449057
3609424 720246
3274569 360455
3256180 851616
2988193 724693
2915168 1012084
2525000 713175
2588780 1200525
2303379 1120070
2279304 1415616
1844752 1185960
1988913 1655849
1694091 1624117
1719642 1919539
1252875 1765569
1473380 2204835
1177395 2222715
1251855 2509739
765947 2435767
1056620 2832109
767762 2899099
889046 3169686
397607 3177784
750307 3520101
476666 3634325
641376 3880896
158170 3970838
563018 4249541
312259 4407801
515783 4623450
54342 4792716
500000 5000000
279145 5197862
515783 5376550
89033 5620399
563018 5750459
378253 5982382
641376 6119104
261269 6430707
750307 6479899
606807 6739388
889046 6830314
566227 7200944
1056620 7167891
958404 7447677
1251855 7490261
995366 7909536
1473380 7795165
1423199 8087412
1719642 8080461
1536667 8536639
1988913 8344151
1988172 8640675
2279304 8584384
2174968 9064688
2588780 8799475
2637501 9091970
2915168 8987916
2892393 9478893
3256180 9148384
3352998 9428657
3609424 9279754
3668847 9767654
3972422 9381105
4114624 9641307
4342627 9451725
4482585 9922883
4717443 9491120
4901048 9723963
5094240 9499013
5310813 9940232
5470378 9475348
5690242 9674311
5843215 9420292
6130336 9819215
6210139 9334231
6460105 9493742
6568574 9217768
6918202 9563222
6916006 9071721
7189073 9187311
7249999 8897114
7652342 9179423
7568211 8695171
7856730 8763603
7868407 8467309
8312196 8678566
8148485 8215127
8444376 8234485
8406477 7940392
8879282 8074681
8640576 7645033
8935552 7614775
8849139 7331121
9337718 7384680
9030702 7000858
9316502 6921830
9183994 6656560
9674663 6627889
9307937 6300643
9576555 6175059
9401664 5935602
9880680 5825505
9464516 5563999
9708428 5395377
9496052 5188440
