1000
9725000 5000000
9499911 4971726
9949609 4937799
9499200 4915183
9723507 4881261
9497779 4858652
9946482 4813434
9495648 4802144
9719032 4762596
9492806 4745667
9940232 4689187
9489256 4689230
9711575 4644081
9484996 4632843
9930861 4565137
9480028 4576513
9701143 4525791
9474353 4520250
9918375 4441361
9467971 4464063
9687741 4407801
9460884 4407961
9902784 4317939
9453092 4351952
9671379 4290185
9444597 4296045
9884095 4194947
9435400 4240250
9652066 4173017
9425503 4184575
9862321 4072463
9414907 4129028
9629815 4056371
9403614 4073619
9837477 3950565
9391625 4018356
9604639 3940321
9378943 3963248
9809577 3829330
9365569 3908304
9576555 3824941
9351506 3853532
9778639 3708835
9336756 3798942
9545580 3710303
9321321 3744541
9744682 3589155
9305204 3690338
9511734 3596479
9288407 3636342
9707729 3470366
9270932 3582561
9475039 3483542
9252783 3529004
9667803 3352544
9233963 3475680
9435517 3371563
9214474 3422596
9624928 3235762
9194320 3369761
9393193 3260612
9173503 3317184
9579132 3120094
9152027 3264873
9348095 3150760
9129895 3212835
9530443 3005614
9107112 3161080
9300250 3042076
9083679 3109615
9478893 2892393
9059602 3058448
9249689 2934629
9034884 3007588
9424515 2780504
9009529 2957043
9196444 2828486
8983540 2906821
9367341 2670016
8956923 2856929
9140549 2723714
8929681 2807375
9307409 2561000
8901818 2758168
9082038 2620381
8873339 2709314
9244756 2453525
8844248 2660822
9020948 2518550
8814550 2612700
9179423 2347658
8784250 2564955
8957319 2418287
8753352 2517594
9111449 2243466
8721862 2470625
8891191 2319655
8689784 2424056
9040879 2141016
8657123 2377893
8822605 2222715
8623885 2332145
8967756 2040371
8590074 2286818
8751604 2127530
8555697 2241919
8892127 1941595
8520758 2197455
8678234 2034159
8485263 2153435
8814040 1844752
8449218 2109864
8602540 1942661
8412628 2066749
8733544 1749901
8375499 2024097
8524571 1853094
8337837 1981915
8650689 1657103
8299649 1940210
8444376 1765515
8260939 1898988
8565529 1566417
8221714 1858256
8362006 1679979
8181980 1818020
8478117 1477899
8141744 1778286
8277511 1596540
8101012 1739061
8388508 1391606
8059790 1700351
8190947 1515251
8018085 1662163
8296758 1307592
7975903 1624501
8102367 1436163
7933251 1587372
8202927 1225910
7890136 1550782
8011828 1359325
7846565 1514737
8107072 1146612
7802545 1479242
7919386 1284788
7758081 1444303
8009254 1069748
7713182 1409926
7825101 1212596
7667855 1376115
7909536 995366
7622107 1342877
7729031 1142798
7575944 1310216
7807981 923514
7529375 1278138
7631237 1075435
7482406 1246648
7704652 854237
7435045 1215750
7531781 1010551
7387300 1185450
7599614 787578
7339178 1155752
7430726 948187
7290686 1126661
7492934 723580
7241832 1098182
7328136 888382
7192625 1070319
7384680 662282
7143071 1043077
7224076 831174
7093179 1016460
7274920 603725
7042957 990471
7118610 776600
6992412 965116
7163723 547945
6941552 940398
7011807 724693
6890385 916321
7051159 494976
6838920 892888
6903732 675486
6787165 870105
6937299 444853
6735127 847973
6794456 629011
6682816 826497
6822216 397607
6630239 805680
6684046 585296
6577404 785526
6705982 353268
6524320 766037
6572572 544370
6470996 747217
6588670 311864
6417439 729068
6460105 506258
6363658 711593
6470355 273421
6309662 694796
6346716 470985
6255459 678679
6351112 237964
6201058 663244
6232476 438572
6146468 648494
6231014 205514
6091696 634431
6117457 409041
6036752 621057
6110140 176092
5981644 608375
6001733 382409
5926381 596386
5988564 149718
5870972 585093
5885376 358693
5815425 574497
5866364 126407
5759750 564600
5768460 337909
5703955 555403
5743616 106174
5648048 546908
5651059 320070
5592039 539116
5620399 89033
5535937 532029
5533246 305187
5479750 525647
5496790 74993
5423487 519972
5415096 293269
5367157 515004
5372867 64064
5310770 510744
5296685 284324
5254333 507194
5248709 56253
5197856 504352
5178086 278358
5141348 502221
5124393 51564
5084817 500800
5059374 275374
5028274 500089
5000000 50000
4971726 500089
4940626 275374
4915183 500800
4875607 51564
4858652 502221
4821914 278358
4802144 504352
4751291 56253
4745667 507194
4703315 284324
4689230 510744
4627133 64064
4632843 515004
4584904 293269
4576513 519972
4503210 74993
4520250 525647
4466754 305187
4464063 532029
4379601 89033
4407961 539116
4348941 320070
4351952 546908
4256384 106174
4296045 555403
4231540 337909
4240250 564600
4133636 126407
4184575 574497
4114624 358693
4129028 585093
4011436 149718
4073619 596386
3998267 382409
4018356 608375
3889860 176092
3963248 621057
3882543 409041
3908304 634431
3768986 205514
3853532 648494
3767524 438572
3798942 663244
3648888 237964
3744541 678679
3653284 470985
3690338 694796
3529645 273421
3636342 711593
3539895 506258
3582561 729068
3411330 311864
3529004 747217
3427428 544370
3475680 766037
3294018 353268
3422596 785526
3315954 585296
3369761 805680
3177784 397607
3317184 826497
3205544 629011
3264873 847973
3062701 444853
3212835 870105
3096268 675486
3161080 892888
2948841 494976
3109615 916321
2988193 724693
3058448 940398
2836277 547945
3007588 965116
2881390 776600
2957043 990471
2725080 603725
2906821 1016460
2775924 831174
2856929 1043077
2615320 662282
2807375 1070319
2671864 888382
2758168 1098182
2507066 723580
2709314 1126661
2569274 948187
2660822 1155752
2400386 787578
2612700 1185450
2468219 1010551
2564955 1215750
2295348 854237
2517594 1246648
2368763 1075435
2470625 1278138
2192019 923514
2424056 1310216
2270969 1142798
2377893 1342877
2090464 995366
2332145 1376115
2174899 1212596
2286818 1409926
1990746 1069748
2241919 1444303
2080614 1284788
2197455 1479242
1892928 1146612
2153435 1514737
1988172 1359325
2109864 1550782
1797073 1225910
2066749 1587372
1897633 1436163
2024097 1624501
1703242 1307592
1981915 1662163
1809053 1515251
1940210 1700351
1611492 1391606
1898988 1739061
1722489 1596540
1858256 1778286
1521883 1477899
1818020 1818020
1637994 1679979
1778286 1858256
1434471 1566417
1739061 1898988
1555624 1765515
1700351 1940210
1349311 1657103
1662163 1981915
1475429 1853094
1624501 2024097
1266456 1749901
1587372 2066749
1397460 1942661
1550782 2109864
1185960 1844752
1514737 2153435
1321766 2034159
1479242 2197455
1107873 1941595
1444303 2241919
1248396 2127530
1409926 2286818
1032244 2040371
1376115 2332145
1177395 2222715
1342877 2377893
959121 2141016
1310216 2424056
1108809 2319655
1278138 2470625
888551 2243466
1246648 2517594
1042681 2418287
1215750 2564955
820577 2347658
1185450 2612700
979052 2518550
1155752 2660822
755244 2453525
1126661 2709314
917962 2620381
1098182 2758168
692591 2561000
1070319 2807375
859451 2723714
1043077 2856929
632659 2670016
1016460 2906821
803556 2828486
990471 2957043
575485 2780504
965116 3007588
750311 2934629
940398 3058448
521107 2892393
916321 3109615
699750 3042076
892888 3161080
469557 3005614
870105 3212835
651905 3150760
847973 3264873
420868 3120094
826497 3317184
606807 3260612
805680 3369761
375072 3235762
785526 3422596
564483 3371563
766037 3475680
332197 3352544
747217 3529004
524961 3483542
729068 3582561
292271 3470366
711593 3636342
488266 3596479
694796 3690338
255318 3589155
678679 3744541
454420 3710303
663244 3798942
221361 3708835
648494 3853532
423445 3824941
634431 3908304
190423 3829330
621057 3963248
395361 3940321
608375 4018356
162523 3950565
596386 4073619
370185 4056371
585093 4129028
137679 4072463
574497 4184575
347934 4173017
564600 4240250
115905 4194947
555403 4296045
328621 4290185
546908 4351952
97216 4317939
539116 4407961
312259 4407801
532029 4464063
81625 4441361
525647 4520250
298857 4525791
519972 4576513
69139 4565137
515004 4632843
288425 4644081
510744 4689230
59768 4689187
507194 4745667
280968 4762596
504352 4802144
53518 4813434
502221 4858652
276493 4881261
500800 4915183
50391 4937799
500089 4971726
275000 5000000
500089 5028274
50391 5062201
500800 5084817
276493 5118739
502221 5141348
53518 5186566
504352 5197856
280968 5237404
507194 5254333
59768 5310813
510744 5310770
288425 5355919
515004 5367157
69139 5434863
519972 5423487
298857 5474209
525647 5479750
81625 5558639
532029 5535937
312259 5592199
539116 5592039
97216 5682061
546908 5648048
328621 5709815
555403 5703955
115905 5805053
564600 5759750
347934 5826983
574497 5815425
137679 5927537
585093 5870972
370185 5943629
596386 5926381
162523 6049435
608375 5981644
395361 6059679
621057 6036752
190423 6170670
634431 6091696
423445 6175059
648494 6146468
221361 6291165
663244 6201058
454420 6289697
678679 6255459
255318 6410845
694796 6309662
488266 6403521
711593 6363658
292271 6529634
729068 6417439
524961 6516458
747217 6470996
332197 6647456
766037 6524320
564483 6628437
785526 6577404
375072 6764238
805680 6630239
606807 6739388
826497 6682816
420868 6879906
847973 6735127
651905 6849240
870105 6787165
469557 6994386
892888 6838920
699750 6957924
916321 6890385
521107 7107607
940398 6941552
750311 7065371
965116 6992412
575485 7219496
990471 7042957
803556 7171514
1016460 7093179
632659 7329984
1043077 7143071
859451 7276286
1070319 7192625
692591 7439000
1098182 7241832
917962 7379619
1126661 7290686
755244 7546475
1155752 7339178
979052 7481450
1185450 7387300
820577 7652342
1215750 7435045
1042681 7581713
1246648 7482406
888551 7756534
1278138 7529375
1108809 7680345
1310216 7575944
959121 7858984
1342877 7622107
1177395 7777285
1376115 7667855
1032244 7959629
1409926 7713182
1248396 7872470
1444303 7758081
1107873 8058405
1479242 7802545
1321766 7965841
1514737 7846565
1185960 8155248
1550782 7890136
1397460 8057339
1587372 7933251
1266456 8250099
1624501 7975903
1475429 8146906
1662163 8018085
1349311 8342897
1700351 8059790
1555624 8234485
1739061 8101012
1434471 8433583
1778286 8141744
1637994 8320021
1818020 8181980
1521883 8522101
1858256 8221714
1722489 8403460
1898988 8260939
1611492 8608394
1940210 8299649
1809053 8484749
1981915 8337837
1703242 8692408
2024097 8375499
1897633 8563837
2066749 8412628
1797073 8774090
2109864 8449218
1988172 8640675
2153435 8485263
1892928 8853388
2197455 8520758
2080614 8715212
2241919 8555697
1990746 8930252
2286818 8590074
2174899 8787404
2332145 8623885
2090464 9004634
2377893 8657123
2270969 8857202
2424056 8689784
2192019 9076486
2470625 8721862
2368763 8924565
2517594 8753352
2295348 9145763
2564955 8784250
2468219 8989449
2612700 8814550
2400386 9212422
2660822 8844248
2569274 9051813
2709314 8873339
2507066 9276420
2758168 8901818
2671864 9111618
2807375 8929681
2615320 9337718
2856929 8956923
2775924 9168826
2906821 8983540
2725080 9396275
2957043 9009529
2881390 9223400
3007588 9034884
2836277 9452055
3058448 9059602
2988193 9275307
3109615 9083679
2948841 9505024
3161080 9107112
3096268 9324514
3212835 9129895
3062701 9555147
3264873 9152027
3205544 9370989
3317184 9173503
3177784 9602393
3369761 9194320
3315954 9414704
3422596 9214474
3294018 9646732
3475680 9233963
3427428 9455630
3529004 9252783
3411330 9688136
3582561 9270932
3539895 9493742
3636342 9288407
3529645 9726579
3690338 9305204
3653284 9529015
3744541 9321321
3648888 9762036
3798942 9336756
3767524 9561428
3853532 9351506
3768986 9794486
3908304 9365569
3882543 9590959
3963248 9378943
3889860 9823908
4018356 9391625
3998267 9617591
4073619 9403614
4011436 9850282
4129028 9414907
4114624 9641307
4184575 9425503
4133636 9873593
4240250 9435400
4231540 9662091
4296045 9444597
4256384 9893826
4351952 9453092
4348941 9679930
4407961 9460884
4379601 9910967
4464063 9467971
4466754 9694813
4520250 9474353
4503210 9925007
4576513 9480028
4584904 9706731
4632843 9484996
4627133 9935936
4689230 9489256
4703315 9715676
4745667 9492806
4751291 9943747
4802144 9495648
4821914 9721642
4858652 9497779
4875607 9948436
4915183 9499200
4940626 9724626
4971726 9499911
5000000 9950000
5028274 9499911
5059374 9724626
5084817 9499200
5124393 9948436
5141348 9497779
5178086 9721642
5197856 9495648
5248709 9943747
5254333 9492806
5296685 9715676
5310770 9489256
5372867 9935936
5367157 9484996
5415096 9706731
5423487 9480028
5496790 9925007
5479750 9474353
5533246 9694813
5535937 9467971
5620399 9910967
5592039 9460884
5651059 9679930
5648048 9453092
5743616 9893826
5703955 9444597
5768460 9662091
5759750 9435400
5866364 9873593
5815425 9425503
5885376 9641307
5870972 9414907
5988564 9850282
5926381 9403614
6001733 9617591
5981644 9391625
6110140 9823908
6036752 9378943
6117457 9590959
6091696 9365569
6231014 9794486
6146468 9351506
6232476 9561428
6201058 9336756
6351112 9762036
6255459 9321321
6346716 9529015
6309662 9305204
6470355 9726579
6363658 9288407
6460105 9493742
6417439 9270932
6588670 9688136
6470996 9252783
6572572 9455630
6524320 9233963
6705982 9646732
6577404 9214474
6684046 9414704
6630239 9194320
6822216 9602393
6682816 9173503
6794456 9370989
6735127 9152027
6937299 9555147
6787165 9129895
6903732 9324514
6838920 9107112
7051159 9505024
6890385 9083679
7011807 9275307
6941552 9059602
7163723 9452055
6992412 9034884
7118610 9223400
7042957 9009529
7274920 9396275
7093179 8983540
7224076 9168826
7143071 8956923
7384680 9337718
7192625 8929681
7328136 9111618
7241832 8901818
7492934 9276420
7290686 8873339
7430726 9051813
7339178 8844248
7599614 9212422
7387300 8814550
7531781 8989449
7435045 8784250
7704652 9145763
7482406 8753352
7631237 8924565
7529375 8721862
7807981 9076486
7575944 8689784
7729031 8857202
7622107 8657123
7909536 9004634
7667855 8623885
7825101 8787404
7713182 8590074
8009254 8930252
7758081 8555697
7919386 8715212
7802545 8520758
8107072 8853388
7846565 8485263
8011828 8640675
7890136 8449218
8202927 8774090
7933251 8412628
8102367 8563837
7975903 8375499
8296758 8692408
8018085 8337837
8190947 8484749
8059790 8299649
8388508 8608394
8101012 8260939
8277511 8403460
8141744 8221714
8478117 8522101
8181980 8181980
8362006 8320021
8221714 8141744
8565529 8433583
8260939 8101012
8444376 8234485
8299649 8059790
8650689 8342897
8337837 8018085
8524571 8146906
8375499 7975903
8733544 8250099
8412628 7933251
8602540 8057339
8449218 7890136
8814040 8155248
8485263 7846565
8678234 7965841
8520758 7802545
8892127 8058405
8555697 7758081
8751604 7872470
8590074 7713182
8967756 7959629
8623885 7667855
8822605 7777285
8657123 7622107
9040879 7858984
8689784 7575944
8891191 7680345
8721862 7529375
9111449 7756534
8753352 7482406
8957319 7581713
8784250 7435045
9179423 7652342
8814550 7387300
9020948 7481450
8844248 7339178
9244756 7546475
8873339 7290686
9082038 7379619
8901818 7241832
9307409 7439000
8929681 7192625
9140549 7276286
8956923 7143071
9367341 7329984
8983540 7093179
9196444 7171514
9009529 7042957
9424515 7219496
9034884 6992412
9249689 7065371
9059602 6941552
9478893 7107607
9083679 6890385
9300250 6957924
9107112 6838920
9530443 6994386
9129895 6787165
9348095 6849240
9152027 6735127
9579132 6879906
9173503 6682816
9393193 6739388
9194320 6630239
9624928 6764238
9214474 6577404
9435517 6628437
9233963 6524320
9667803 6647456
9252783 6470996
9475039 6516458
9270932 6417439
9707729 6529634
9288407 6363658
9511734 6403521
9305204 6309662
9744682 6410845
9321321 6255459
9545580 6289697
9336756 6201058
9778639 6291165
9351506 6146468
9576555 6175059
9365569 6091696
9809577 6170670
9378943 6036752
9604639 6059679
9391625 5981644
9837477 6049435
9403614 5926381
9629815 5943629
9414907 5870972
9862321 5927537
9425503 5815425
9652066 5826983
9435400 5759750
9884095 5805053
9444597 5703955
9671379 5709815
9453092 5648048
9902784 5682061
9460884 5592039
9687741 5592199
9467971 5535937
9918375 5558639
9474353 5479750
9701143 5474209
9480028 5423487
9930861 5434863
9484996 5367157
9711575 5355919
9489256 5310770
9940232 5310813
9492806 5254333
9719032 5237404
9495648 5197856
9946482 5186566
9497779 5141348
9723507 5118739
9499200 5084817
9949609 5062201
9499911 5028274
