336
10 500
10 501
11 512
12 522
13 531
14 539
15 546
16 552
18 563
19 568
21 577
22 581
25 592
27 599
30 609
31 612
35 623
38 631
40 636
43 643
47 652
52 663
53 665
59 676
64 685
68 692
71 697
76 705
83 716
85 719
92 729
97 736
105 747
108 751
115 760
119 765
128 776
133 782
139 789
146 797
154 806
163 816
173 827
174 828
185 838
195 847
204 855
212 862
219 868
225 873
236 882
241 886
250 893
254 896
265 904
272 909
282 916
285 918
296 925
304 930
309 933
316 937
325 942
336 948
338 949
349 954
358 958
365 961
370 963
378 966
389 970
392 971
402 974
409 976
420 979
424 980
433 982
438 983
449 985
455 986
462 987
470 988
479 989
489 990
500 991
501 991
512 990
522 989
531 988
539 987
546 986
552 985
563 983
568 982
577 980
581 979
592 976
599 974
609 971
612 970
623 966
631 963
636 961
643 958
652 954
663 949
665 948
676 942
685 937
692 933
697 930
705 925
716 918
719 916
729 909
736 904
747 896
751 893
760 886
765 882
776 873
782 868
789 862
797 855
806 847
816 838
827 828
828 827
838 816
847 806
855 797
862 789
868 782
873 776
882 765
886 760
893 751
896 747
904 736
909 729
916 719
918 716
925 705
930 697
933 692
937 685
942 676
948 665
949 663
954 652
958 643
961 636
963 631
966 623
970 612
971 609
974 599
976 592
979 581
980 577
982 568
983 563
985 552
986 546
987 539
988 531
989 522
990 512
991 501
991 500
990 489
989 479
988 470
987 462
986 455
985 449
983 438
982 433
980 424
979 420
976 409
974 402
971 392
970 389
966 378
963 370
961 365
958 358
954 349
949 338
948 336
942 325
937 316
933 309
930 304
925 296
918 285
916 282
909 272
904 265
896 254
893 250
886 241
882 236
873 225
868 219
862 212
855 204
847 195
838 185
828 174
827 173
816 163
806 154
797 146
789 139
782 133
776 128
765 119
760 115
751 108
747 105
736 97
729 92
719 85
716 83
705 76
697 71
692 68
685 64
676 59
665 53
663 52
652 47
643 43
636 40
631 38
623 35
612 31
609 30
599 27
592 25
581 22
577 21
568 19
563 18
552 16
546 15
539 14
531 13
522 12
512 11
501 10
500 10
489 11
479 12
470 13
462 14
455 15
449 16
438 18
433 19
424 21
420 22
409 25
402 27
392 30
389 31
378 35
370 38
365 40
358 43
349 47
338 52
336 53
325 59
316 64
309 68
304 71
296 76
285 83
282 85
272 92
265 97
254 105
250 108
241 115
236 119
225 128
219 133
212 139
204 146
195 154
185 163
174 173
173 174
163 185
154 195
146 204
139 212
133 219
128 225
119 236
115 241
108 250
105 254
97 265
92 272
85 282
83 285
76 296
71 304
68 309
64 316
59 325
53 336
52 338
47 349
43 358
40 365
38 370
35 378
31 389
30 392
27 402
25 409
22 420
21 424
19 433
18 438
16 449
15 455
14 462
13 470
12 479
11 489
