1576
22 5000
22 5001
23 5026
24 5050
25 5073
26 5095
27 5116
28 5136
29 5155
30 5173
31 5190
32 5206
33 5221
34 5235
35 5248
37 5273
38 5285
40 5308
41 5319
43 5340
44 5350
46 5369
47 5378
49 5395
52 5420
53 5428
56 5451
58 5466
61 5488
62 5495
65 5515
67 5528
70 5547
74 5572
75 5578
79 5601
82 5618
84 5629
87 5645
91 5666
92 5671
97 5695
101 5714
104 5728
109 5751
111 5760
116 5782
119 5795
123 5812
128 5833
134 5858
135 5862
141 5885
146 5904
150 5919
153 5930
158 5948
165 5973
167 5980
174 6004
179 6021
182 6031
189 6054
193 6067
198 6083
204 6102
211 6124
219 6149
220 6152
228 6175
235 6195
241 6212
246 6226
255 6251
259 6262
266 6281
269 6289
277 6310
282 6323
289 6341
298 6364
300 6369
309 6391
316 6408
321 6420
329 6439
332 6446
342 6469
349 6485
360 6510
364 6519
373 6539
378 6550
389 6574
395 6587
402 6602
410 6619
419 6638
429 6659
440 6682
452 6707
453 6709
466 6734
478 6757
489 6778
499 6797
508 6814
516 6829
523 6842
536 6866
542 6877
553 6897
558 6906
572 6931
581 6947
594 6970
598 6977
609 6996
616 7008
626 7025
639 7047
642 7052
656 7075
667 7093
675 7106
688 7127
693 7135
705 7154
712 7165
728 7190
737 7204
748 7221
761 7241
776 7264
778 7267
795 7292
810 7314
823 7333
834 7349
843 7362
859 7385
866 7395
878 7412
895 7436
900 7443
918 7468
931 7486
939 7497
950 7512
964 7531
981 7554
984 7558
1003 7583
1019 7604
1032 7621
1042 7634
1059 7656
1066 7665
1084 7688
1095 7702
1110 7721
1129 7745
1133 7750
1150 7771
1163 7787
1172 7798
1186 7815
1205 7838
1210 7844
1231 7869
1247 7888
1258 7901
1275 7921
1281 7928
1300 7950
1313 7965
1333 7988
1340 7996
1355 8013
1363 8022
1380 8041
1389 8051
1408 8072
1418 8083
1439 8106
1450 8118
1462 8131
1475 8145
1489 8160
1504 8176
1520 8193
1537 8211
1555 8230
1574 8250
1594 8271
1615 8293
1637 8316
1660 8340
1661 8341
1685 8364
1708 8386
1730 8407
1751 8427
1771 8446
1790 8464
1808 8481
1825 8497
1841 8512
1856 8526
1870 8539
1883 8551
1895 8562
1918 8583
1929 8593
1950 8612
1960 8621
1979 8638
1988 8646
2005 8661
2013 8668
2036 8688
2051 8701
2073 8720
2080 8726
2100 8743
2113 8754
2132 8770
2157 8791
2163 8796
2186 8815
2203 8829
2214 8838
2230 8851
2251 8868
2256 8872
2280 8891
2299 8906
2313 8917
2336 8935
2345 8942
2367 8959
2380 8969
2397 8982
2418 8998
2443 9017
2447 9020
2470 9037
2489 9051
2504 9062
2515 9070
2533 9083
2558 9101
2565 9106
2589 9123
2606 9135
2616 9142
2639 9158
2652 9167
2668 9178
2687 9191
2709 9206
2734 9223
2737 9225
2760 9240
2780 9253
2797 9264
2811 9273
2836 9289
2847 9296
2866 9308
2874 9313
2895 9326
2908 9334
2926 9345
2949 9359
2954 9362
2976 9375
2993 9385
3005 9392
3024 9403
3031 9407
3054 9420
3070 9429
3095 9443
3104 9448
3124 9459
3135 9465
3159 9478
3172 9485
3187 9493
3204 9502
3223 9512
3244 9523
3267 9535
3292 9548
3294 9549
3319 9561
3342 9572
3363 9582
3382 9591
3399 9599
3414 9606
3427 9612
3451 9623
3462 9628
3482 9637
3491 9641
3516 9652
3532 9659
3555 9669
3562 9672
3581 9680
3593 9685
3610 9692
3632 9701
3637 9703
3660 9712
3678 9719
3691 9724
3712 9732
3720 9735
3739 9742
3750 9746
3775 9755
3789 9760
3806 9766
3826 9773
3849 9781
3852 9782
3877 9790
3899 9797
3918 9803
3934 9808
3947 9812
3970 9819
3980 9822
3997 9827
4021 9834
4028 9836
4053 9843
4071 9848
4082 9851
4097 9855
4116 9860
4139 9866
4143 9867
4168 9873
4189 9878
4206 9882
4219 9885
4241 9890
4250 9892
4273 9897
4287 9900
4306 9904
4330 9909
4335 9910
4356 9914
4372 9917
4383 9919
4400 9922
4423 9926
4429 9927
4454 9931
4473 9934
4486 9936
4506 9939
4513 9940
4535 9943
4550 9945
4573 9948
4581 9949
4606 9952
4623 9954
4632 9955
4651 9957
4661 9958
4682 9960
4693 9961
4716 9963
4728 9964
4753 9966
4766 9967
4780 9968
4795 9969
4811 9970
4828 9971
4846 9972
4865 9973
4885 9974
4906 9975
4928 9976
4951 9977
4975 9978
5000 9979
5001 9979
5026 9978
5050 9977
5073 9976
5095 9975
5116 9974
5136 9973
5155 9972
5173 9971
5190 9970
5206 9969
5221 9968
5235 9967
5248 9966
5273 9964
5285 9963
5308 9961
5319 9960
5340 9958
5350 9957
5369 9955
5378 9954
5395 9952
5420 9949
5428 9948
5451 9945
5466 9943
5488 9940
5495 9939
5515 9936
5528 9934
5547 9931
5572 9927
5578 9926
5601 9922
5618 9919
5629 9917
5645 9914
5666 9910
5671 9909
5695 9904
5714 9900
5728 9897
5751 9892
5760 9890
5782 9885
5795 9882
5812 9878
5833 9873
5858 9867
5862 9866
5885 9860
5904 9855
5919 9851
5930 9848
5948 9843
5973 9836
5980 9834
6004 9827
6021 9822
6031 9819
6054 9812
6067 9808
6083 9803
6102 9797
6124 9790
6149 9782
6152 9781
6175 9773
6195 9766
6212 9760
6226 9755
6251 9746
6262 9742
6281 9735
6289 9732
6310 9724
6323 9719
6341 9712
6364 9703
6369 9701
6391 9692
6408 9685
6420 9680
6439 9672
6446 9669
6469 9659
6485 9652
6510 9641
6519 9637
6539 9628
6550 9623
6574 9612
6587 9606
6602 9599
6619 9591
6638 9582
6659 9572
6682 9561
6707 9549
6709 9548
6734 9535
6757 9523
6778 9512
6797 9502
6814 9493
6829 9485
6842 9478
6866 9465
6877 9459
6897 9448
6906 9443
6931 9429
6947 9420
6970 9407
6977 9403
6996 9392
7008 9385
7025 9375
7047 9362
7052 9359
7075 9345
7093 9334
7106 9326
7127 9313
7135 9308
7154 9296
7165 9289
7190 9273
7204 9264
7221 9253
7241 9240
7264 9225
7267 9223
7292 9206
7314 9191
7333 9178
7349 9167
7362 9158
7385 9142
7395 9135
7412 9123
7436 9106
7443 9101
7468 9083
7486 9070
7497 9062
7512 9051
7531 9037
7554 9020
7558 9017
7583 8998
7604 8982
7621 8969
7634 8959
7656 8942
7665 8935
7688 8917
7702 8906
7721 8891
7745 8872
7750 8868
7771 8851
7787 8838
7798 8829
7815 8815
7838 8796
7844 8791
7869 8770
7888 8754
7901 8743
7921 8726
7928 8720
7950 8701
7965 8688
7988 8668
7996 8661
8013 8646
8022 8638
8041 8621
8051 8612
8072 8593
8083 8583
8106 8562
8118 8551
8131 8539
8145 8526
8160 8512
8176 8497
8193 8481
8211 8464
8230 8446
8250 8427
8271 8407
8293 8386
8316 8364
8340 8341
8341 8340
8364 8316
8386 8293
8407 8271
8427 8250
8446 8230
8464 8211
8481 8193
8497 8176
8512 8160
8526 8145
8539 8131
8551 8118
8562 8106
8583 8083
8593 8072
8612 8051
8621 8041
8638 8022
8646 8013
8661 7996
8668 7988
8688 7965
8701 7950
8720 7928
8726 7921
8743 7901
8754 7888
8770 7869
8791 7844
8796 7838
8815 7815
8829 7798
8838 7787
8851 7771
8868 7750
8872 7745
8891 7721
8906 7702
8917 7688
8935 7665
8942 7656
8959 7634
8969 7621
8982 7604
8998 7583
9017 7558
9020 7554
9037 7531
9051 7512
9062 7497
9070 7486
9083 7468
9101 7443
9106 7436
9123 7412
9135 7395
9142 7385
9158 7362
9167 7349
9178 7333
9191 7314
9206 7292
9223 7267
9225 7264
9240 7241
9253 7221
9264 7204
9273 7190
9289 7165
9296 7154
9308 7135
9313 7127
9326 7106
9334 7093
9345 7075
9359 7052
9362 7047
9375 7025
9385 7008
9392 6996
9403 6977
9407 6970
9420 6947
9429 6931
9443 6906
9448 6897
9459 6877
9465 6866
9478 6842
9485 6829
9493 6814
9502 6797
9512 6778
9523 6757
9535 6734
9548 6709
9549 6707
9561 6682
9572 6659
9582 6638
9591 6619
9599 6602
9606 6587
9612 6574
9623 6550
9628 6539
9637 6519
9641 6510
9652 6485
9659 6469
9669 6446
9672 6439
9680 6420
9685 6408
9692 6391
9701 6369
9703 6364
9712 6341
9719 6323
9724 6310
9732 6289
9735 6281
9742 6262
9746 6251
9755 6226
9760 6212
9766 6195
9773 6175
9781 6152
9782 6149
9790 6124
9797 6102
9803 6083
9808 6067
9812 6054
9819 6031
9822 6021
9827 6004
9834 5980
9836 5973
9843 5948
9848 5930
9851 5919
9855 5904
9860 5885
9866 5862
9867 5858
9873 5833
9878 5812
9882 5795
9885 5782
9890 5760
9892 5751
9897 5728
9900 5714
9904 5695
9909 5671
9910 5666
9914 5645
9917 5629
9919 5618
9922 5601
9926 5578
9927 5572
9931 5547
9934 5528
9936 5515
9939 5495
9940 5488
9943 5466
9945 5451
9948 5428
9949 5420
9952 5395
9954 5378
9955 5369
9957 5350
9958 5340
9960 5319
9961 5308
9963 5285
9964 5273
9966 5248
9967 5235
9968 5221
9969 5206
9970 5190
9971 5173
9972 5155
9973 5136
9974 5116
9975 5095
9976 5073
9977 5050
9978 5026
9979 5001
9979 5000
9978 4975
9977 4951
9976 4928
9975 4906
9974 4885
9973 4865
9972 4846
9971 4828
9970 4811
9969 4795
9968 4780
9967 4766
9966 4753
9964 4728
9963 4716
9961 4693
9960 4682
9958 4661
9957 4651
9955 4632
9954 4623
9952 4606
9949 4581
9948 4573
9945 4550
9943 4535
9940 4513
9939 4506
9936 4486
9934 4473
9931 4454
9927 4429
9926 4423
9922 4400
9919 4383
9917 4372
9914 4356
9910 4335
9909 4330
9904 4306
9900 4287
9897 4273
9892 4250
9890 4241
9885 4219
9882 4206
9878 4189
9873 4168
9867 4143
9866 4139
9860 4116
9855 4097
9851 4082
9848 4071
9843 4053
9836 4028
9834 4021
9827 3997
9822 3980
9819 3970
9812 3947
9808 3934
9803 3918
9797 3899
9790 3877
9782 3852
9781 3849
9773 3826
9766 3806
9760 3789
9755 3775
9746 3750
9742 3739
9735 3720
9732 3712
9724 3691
9719 3678
9712 3660
9703 3637
9701 3632
9692 3610
9685 3593
9680 3581
9672 3562
9669 3555
9659 3532
9652 3516
9641 3491
9637 3482
9628 3462
9623 3451
9612 3427
9606 3414
9599 3399
9591 3382
9582 3363
9572 3342
9561 3319
9549 3294
9548 3292
9535 3267
9523 3244
9512 3223
9502 3204
9493 3187
9485 3172
9478 3159
9465 3135
9459 3124
9448 3104
9443 3095
9429 3070
9420 3054
9407 3031
9403 3024
9392 3005
9385 2993
9375 2976
9362 2954
9359 2949
9344 2926
9334 2908
9326 2895
9313 2874
9308 2866
9296 2847
9289 2836
9273 2811
9264 2797
9253 2780
9240 2760
9225 2737
9223 2734
9206 2709
9191 2687
9178 2668
9167 2652
9158 2639
9142 2616
9135 2606
9123 2589
9106 2565
9101 2558
9083 2533
9070 2515
9062 2504
9051 2489
9037 2470
9020 2447
9017 2443
8998 2418
8982 2397
8969 2380
8959 2367
8942 2345
8935 2336
8917 2313
8906 2299
8891 2280
8872 2256
8868 2251
8851 2230
8838 2214
8829 2203
8815 2186
8796 2163
8791 2157
8770 2132
8754 2113
8743 2100
8726 2080
8720 2073
8701 2051
8688 2036
8668 2013
8661 2005
8646 1988
8638 1979
8621 1960
8612 1950
8593 1929
8583 1918
8562 1895
8551 1883
8539 1870
8526 1856
8512 1841
8497 1825
8481 1808
8464 1790
8446 1771
8427 1751
8407 1730
8386 1708
8364 1685
8341 1661
8340 1660
8316 1637
8293 1615
8271 1594
8250 1574
8230 1555
8211 1537
8193 1520
8176 1504
8160 1489
8145 1475
8131 1462
8118 1450
8106 1439
8083 1418
8072 1408
8051 1389
8041 1380
8022 1363
8013 1355
7996 1340
7988 1333
7965 1313
7950 1300
7928 1281
7921 1275
7901 1258
7888 1247
7869 1231
7844 1210
7838 1205
7815 1186
7798 1172
7787 1163
7771 1150
7750 1133
7745 1129
7721 1110
7702 1095
7688 1084
7665 1066
7656 1059
7634 1042
7621 1032
7604 1019
7583 1003
7558 984
7554 981
7531 964
7512 950
7497 939
7486 931
7468 918
7443 900
7436 895
7412 878
7395 866
7385 859
7362 843
7349 834
7333 823
7314 810
7292 795
7267 778
7264 776
7241 761
7221 748
7204 737
7190 728
7165 712
7154 705
7135 693
7127 688
7106 675
7093 667
7075 656
7052 642
7047 639
7025 626
7008 616
6996 609
6977 598
6970 594
6947 581
6931 572
6906 558
6897 553
6877 542
6866 536
6842 523
6829 516
6814 508
6797 499
6778 489
6757 478
6734 466
6709 453
6707 452
6682 440
6659 429
6638 419
6619 410
6602 402
6587 395
6574 389
6550 378
6539 373
6519 364
6510 360
6485 349
6469 342
6446 332
6439 329
6420 321
6408 316
6391 309
6369 300
6364 298
6341 289
6323 282
6310 277
6289 269
6281 266
6262 259
6251 255
6226 246
6212 241
6195 235
6175 228
6152 220
6149 219
6124 211
6102 204
6083 198
6067 193
6054 189
6031 182
6021 179
6004 174
5980 167
5973 165
5948 158
5930 153
5919 150
5904 146
5885 141
5862 135
5858 134
5833 128
5812 123
5795 119
5782 116
5760 111
5751 109
5728 104
5714 101
5695 97
5671 92
5666 91
5645 87
5629 84
5618 82
5601 79
5578 75
5572 74
5547 70
5528 67
5515 65
5495 62
5488 61
5466 58
5451 56
5428 53
5420 52
5395 49
5378 47
5369 46
5350 44
5340 43
5319 41
5308 40
5285 38
5273 37
5248 35
5235 34
5221 33
5206 32
5190 31
5173 30
5155 29
5136 28
5116 27
5095 26
5073 25
5050 24
5026 23
5001 22
5000 22
4975 23
4951 24
4928 25
4906 26
4885 27
4865 28
4846 29
4828 30
4811 31
4795 32
4780 33
4766 34
4753 35
4728 37
4716 38
4693 40
4682 41
4661 44
4651 44
4632 46
4623 47
4606 49
4581 52
4573 53
4550 56
4535 58
4513 61
4506 62
4486 65
4473 67
4454 70
4429 74
4423 75
4400 79
4383 82
4372 84
4356 87
4335 91
4330 92
4306 97
4287 101
4273 104
4250 109
4241 111
4219 116
4206 119
4189 123
4168 128
4143 134
4139 135
4116 141
4097 146
4082 150
4071 153
4053 158
4028 165
4021 167
3997 174
3980 179
3970 182
3947 189
3934 193
3918 198
3899 204
3877 211
3852 219
3849 220
3826 228
3806 235
3789 241
3775 246
3750 255
3739 259
3720 266
3712 269
3691 277
3678 282
3660 289
3637 298
3632 300
3610 309
3593 316
3581 321
3562 329
3555 332
3532 342
3516 349
3491 360
3482 364
3462 373
3451 378
3427 389
3414 395
3399 402
3382 410
3363 419
3342 429
3319 440
3294 452
3292 453
3267 466
3244 478
3223 489
3204 499
3187 508
3172 516
3159 523
3135 536
3124 542
3104 553
3095 558
3070 572
3054 581
3031 594
3024 598
3005 609
2993 616
2976 626
2954 639
2949 642
2926 656
2908 667
2895 675
2874 688
2866 693
2847 705
2836 712
2811 728
2797 737
2780 748
2760 761
2737 776
2734 778
2709 795
2687 810
2668 823
2652 834
2639 843
2616 859
2606 866
2589 878
2565 895
2558 900
2533 918
2515 931
2504 939
2489 950
2470 964
2447 981
2443 984
2418 1003
2397 1019
2380 1032
2367 1042
2345 1059
2336 1066
2313 1084
2299 1095
2280 1110
2256 1129
2251 1133
2230 1150
2214 1163
2203 1172
2186 1186
2163 1205
2157 1210
2132 1231
2113 1247
2100 1258
2080 1275
2073 1281
2051 1300
2036 1313
2013 1333
2005 1340
1988 1355
1979 1363
1960 1380
1950 1389
1929 1408
1918 1418
1895 1439
1883 1450
1870 1462
1856 1475
1841 1489
1825 1504
1808 1520
1790 1537
1771 1555
1751 1574
1730 1594
1708 1615
1685 1637
1661 1660
1660 1661
1637 1685
1615 1708
1594 1730
1574 1751
1555 1771
1537 1790
1520 1808
1504 1825
1489 1841
1475 1856
1462 1870
1450 1883
1439 1895
1418 1918
1408 1929
1389 1950
1380 1960
1363 1979
1355 1988
1340 2005
1333 2013
1313 2036
1300 2051
1281 2073
1275 2080
1258 2100
1247 2113
1231 2132
1210 2157
1205 2163
1186 2186
1172 2203
1163 2214
1150 2230
1133 2251
1129 2256
1110 2280
1095 2299
1084 2313
1066 2336
1059 2345
1042 2367
1032 2380
1019 2397
1003 2418
984 2443
981 2447
964 2470
950 2489
939 2504
931 2515
918 2533
900 2558
895 2565
878 2589
866 2606
859 2616
843 2639
834 2652
823 2668
810 2687
795 2709
778 2734
776 2737
761 2760
748 2780
737 2797
728 2811
712 2836
705 2847
693 2866
688 2874
675 2895
667 2908
656 2926
642 2949
639 2954
626 2976
616 2993
609 3005
598 3024
594 3031
581 3054
572 3070
558 3095
553 3104
542 3124
536 3135
523 3159
516 3172
508 3187
499 3204
489 3223
478 3244
466 3267
453 3292
452 3294
440 3319
429 3342
419 3363
410 3382
402 3399
395 3414
389 3427
378 3451
373 3462
364 3482
360 3491
349 3516
342 3532
332 3555
329 3562
321 3581
316 3593
309 3610
300 3632
298 3637
289 3660
282 3678
277 3691
269 3712
266 3720
259 3739
255 3750
246 3775
241 3789
235 3806
228 3826
220 3849
219 3852
211 3877
204 3899
198 3918
193 3934
189 3947
182 3970
179 3980
174 3997
167 4021
166 4028
158 4053
153 4071
150 4082
146 4097
141 4116
135 4139
134 4143
128 4168
123 4189
119 4206
116 4219
111 4241
109 4250
104 4273
101 4287
97 4306
92 4330
91 4335
87 4356
84 4372
82 4383
79 4400
75 4423
74 4429
70 4454
67 4473
65 4486
62 4506
61 4513
58 4535
56 4550
53 4573
52 4581
49 4606
47 4623
46 4632
44 4651
43 4661
41 4682
40 4693
38 4716
37 4728
35 4753
34 4766
33 4780
32 4795
31 4811
30 4828
29 4846
28 4865
27 4885
26 4906
25 4928
24 4951
23 4975
