7328
7 50000
7 50001
8 50056
9 50110
10 50163
11 50215
12 50266
13 50316
14 50365
15 50413
16 50460
17 50506
18 50551
19 50595
20 50638
21 50680
22 50721
23 50761
24 50800
25 50838
26 50875
27 50911
28 50946
29 50980
30 51013
31 51045
32 51076
33 51106
34 51135
35 51163
37 51218
38 51245
40 51298
41 51324
43 51375
44 51400
46 51449
47 51473
49 51520
50 51543
52 51588
53 51610
55 51653
56 51674
58 51715
59 51735
61 51774
62 51793
64 51830
67 51885
68 51903
71 51956
73 51991
76 52043
77 52060
80 52110
82 52143
85 52192
86 52208
89 52255
91 52286
94 52332
95 52347
98 52391
100 52420
103 52463
104 52477
108 52532
111 52573
113 52600
116 52640
120 52693
121 52706
125 52757
128 52795
130 52820
133 52857
137 52906
138 52918
142 52965
145 53000
147 53023
150 53057
154 53102
155 53113
160 53167
164 53210
167 53242
172 53295
174 53316
179 53368
182 53399
186 53440
191 53491
192 53501
197 53550
201 53589
204 53618
209 53666
211 53685
216 53732
219 53760
223 53797
228 53843
234 53898
235 53907
241 53960
246 54004
250 54039
253 54065
258 54108
260 54125
265 54167
268 54192
272 54225
277 54266
283 54315
284 54323
291 54378
297 54425
302 54464
306 54495
313 54549
316 54572
321 54610
328 54663
330 54678
337 54730
342 54767
345 54789
352 54840
356 54869
361 54905
367 54948
374 54998
375 55005
383 55060
390 55108
396 55149
401 55183
405 55210
412 55257
415 55277
423 55330
428 55363
435 55409
437 55422
444 55467
449 55499
457 55550
460 55569
467 55613
471 55638
476 55669
482 55706
489 55749
497 55798
506 55853
507 55859
516 55912
524 55959
531 56000
537 56035
542 56064
551 56116
555 56139
562 56179
565 56196
573 56241
578 56269
585 56308
594 56358
596 56369
605 56418
612 56456
617 56483
625 56526
628 56542
638 56595
645 56632
649 56653
658 56700
663 56726
669 56757
676 56793
684 56834
693 56880
703 56931
704 56936
715 56990
725 57039
734 57083
742 57122
749 57156
755 57185
766 57238
771 57262
780 57305
784 57324
795 57376
802 57409
812 57456
815 57470
826 57521
834 57558
839 57581
851 57636
858 57668
867 57709
878 57759
880 57768
891 57817
900 57857
907 57888
919 57941
924 57963
932 57998
943 58046
946 58059
956 58102
963 58132
974 58179
978 58196
991 58251
1000 58289
1005 58310
1016 58356
1022 58381
1035 58435
1042 58464
1050 58497
1059 58534
1069 58575
1080 58620
1092 58669
1105 58722
1106 58726
1120 58781
1133 58832
1145 58879
1156 58922
1166 58961
1175 58996
1183 59027
1190 59054
1203 59104
1209 59127
1220 59169
1225 59188
1239 59241
1248 59275
1261 59324
1265 59339
1276 59380
1283 59406
1293 59443
1306 59491
1309 59502
1323 59553
1334 59593
1342 59622
1355 59669
1360 59687
1372 59730
1379 59755
1388 59787
1399 59826
1412 59872
1427 59925
1429 59932
1444 59984
1457 60029
1468 60067
1477 60098
1493 60153
1500 60177
1512 60218
1517 60235
1530 60279
1538 60306
1549 60343
1563 60390
1566 60400
1582 60453
1595 60496
1605 60529
1612 60552
1623 60588
1638 60637
1642 60650
1659 60705
1672 60747
1681 60776
1695 60821
1700 60837
1716 60888
1727 60923
1744 60977
1750 60996
1763 61037
1770 61059
1785 61106
1793 61131
1810 61184
1819 61212
1829 61243
1840 61277
1852 61314
1865 61354
1879 61397
1894 61443
1910 61492
1927 61544
1945 61599
1946 61602
1964 61655
1981 61705
1997 61752
2012 61796
2026 61837
2039 61875
2051 61910
2062 61942
2072 61971
2091 62026
2100 62052
2117 62101
2125 62124
2140 62167
2147 62187
2160 62224
2179 62278
2185 62295
2202 62343
2213 62374
2229 62419
2234 62433
2253 62486
2267 62525
2276 62550
2289 62586
2306 62633
2310 62644
2329 62696
2344 62737
2355 62767
2373 62816
2380 62835
2397 62881
2407 62908
2420 62943
2436 62986
2455 63037
2458 63045
2478 63098
2495 63143
2509 63180
2520 63209
2539 63259
2547 63280
2568 63335
2581 63369
2599 63416
2604 63429
2621 63473
2633 63504
2652 63553
2659 63571
2675 63612
2684 63635
2704 63686
2715 63714
2728 63747
2743 63785
2760 63828
2779 63876
2800 63929
2802 63934
2823 63986
2842 64033
2859 64075
2874 64112
2887 64144
2898 64171
2918 64220
2927 64242
2943 64281
2950 64298
2969 64344
2981 64373
2998 64414
3020 64467
3025 64479
3043 64522
3056 64553
3077 64603
3085 64622
3104 64667
3115 64693
3129 64726
3146 64766
3166 64813
3189 64867
3192 64874
3214 64925
3233 64969
3249 65006
3262 65036
3285 65089
3295 65112
3312 65151
3319 65167
3337 65208
3348 65233
3363 65267
3382 65310
3405 65362
3409 65371
3430 65418
3447 65456
3460 65485
3482 65534
3491 65554
3514 65605
3528 65636
3547 65678
3571 65731
3576 65742
3597 65788
3613 65823
3624 65847
3641 65884
3664 65934
3670 65947
3695 66001
3714 66042
3727 66070
3747 66113
3754 66128
3776 66175
3791 66207
3814 66256
3822 66273
3847 66326
3864 66362
3873 66381
3892 66421
3902 66442
3923 66486
3934 66509
3957 66557
3969 66582
3994 66634
4007 66661
4021 66690
4036 66721
4052 66754
4069 66789
4087 66826
4106 66865
4126 66906
4147 66949
4169 66994
4192 67041
4216 67090
4241 67141
4267 67194
4268 67196
4295 67249
4321 67300
4346 67349
4370 67396
4393 67441
4415 67484
4436 67525
4456 67564
4475 67601
4493 67636
4510 67669
4526 67700
4541 67729
4555 67756
4582 67808
4595 67833
4620 67881
4632 67904
4655 67948
4666 67969
4687 68009
4697 68028
4716 68064
4744 68117
4753 68134
4779 68183
4796 68215
4821 68262
4829 68277
4852 68320
4867 68348
4889 68389
4918 68443
4925 68456
4952 68506
4972 68543
4985 68567
5004 68602
5029 68648
5035 68659
5064 68712
5087 68754
5104 68785
5132 68836
5143 68856
5170 68905
5186 68934
5207 68972
5233 69019
5238 69028
5267 69080
5291 69123
5310 69157
5324 69182
5347 69223
5356 69239
5378 69278
5391 69301
5421 69354
5438 69384
5459 69421
5484 69465
5513 69516
5517 69523
5548 69577
5575 69624
5598 69664
5617 69697
5632 69723
5658 69768
5669 69787
5698 69837
5716 69868
5741 69911
5748 69923
5779 69976
5803 70017
5820 70046
5847 70092
5857 70109
5880 70148
5893 70170
5922 70219
5938 70246
5957 70278
5979 70315
6004 70357
6032 70404
6063 70456
6066 70461
6098 70514
6127 70562
6153 70605
6176 70643
6196 70676
6213 70704
6244 70755
6258 70778
6283 70819
6294 70837
6324 70886
6343 70917
6370 70961
6378 70974
6407 71021
6428 71055
6441 71076
6472 71126
6490 71155
6513 71192
6541 71237
6574 71290
6579 71298
6611 71349
6638 71392
6660 71427
6677 71454
6706 71500
6718 71519
6749 71568
6768 71598
6794 71639
6827 71691
6834 71702
6864 71749
6887 71785
6903 71810
6928 71849
6962 71902
6971 71916
7000 71961
7020 71992
7051 72040
7062 72057
7097 72111
7121 72148
7134 72168
7162 72211
7177 72234
7209 72283
7226 72309
7245 72338
7266 72370
7289 72405
7314 72443
7341 72484
7370 72528
7401 72575
7434 72625
7469 72678
7471 72681
7506 72733
7539 72782
7570 72828
7599 72871
7626 72911
7651 72948
7674 72982
7695 73013
7714 73041
7750 73094
7767 73119
7799 73166
7814 73188
7842 73229
7855 73248
7892 73302
7916 73337
7951 73388
7962 73404
7993 73449
8013 73478
8042 73520
8051 73533
8085 73582
8110 73618
8126 73641
8149 73674
8179 73717
8216 73770
8223 73780
8256 73827
8282 73864
8301 73891
8332 73935
8344 73952
8373 73993
8390 74017
8412 74048
8439 74086
8471 74131
8508 74183
8513 74190
8551 74243
8584 74289
8612 74328
8635 74360
8653 74385
8684 74428
8697 74446
8731 74493
8752 74522
8781 74562
8818 74613
8826 74624
8861 74672
8888 74709
8907 74735
8937 74776
8948 74791
8984 74840
9009 74874
9048 74927
9062 74946
9093 74988
9110 75011
9147 75061
9167 75088
9190 75119
9216 75154
9245 75193
9277 75236
9312 75283
9350 75334
9353 75338
9393 75391
9430 75440
9464 75485
9495 75526
9523 75563
9548 75596
9570 75625
9611 75679
9630 75704
9665 75750
9681 75771
9710 75809
9723 75826
9759 75873
9782 75903
9815 75946
9825 75959
9862 76007
9889 76042
9906 76064
9947 76117
9971 76148
10002 76188
10040 76237
10047 76246
10086 76296
10118 76337
10143 76369
10161 76392
10190 76429
10230 76480
10241 76494
10278 76541
10304 76574
10345 76626
10360 76645
10394 76688
10413 76712
10455 76765
10478 76794
10505 76828
10536 76867
10571 76911
10610 76960
10653 77014
10657 77019
10698 77070
10735 77116
10768 77157
10797 77193
10822 77224
10843 77250
10881 77297
10898 77318
10928 77355
10971 77408
10984 77424
11019 77467
11041 77494
11072 77532
11112 77581
11121 77592
11162 77642
11194 77681
11217 77709
11254 77754
11268 77771
11301 77811
11320 77834
11363 77886
11387 77915
11416 77950
11450 77991
11489 78038
11533 78091
11538 78097
11579 78146
11615 78189
11646 78226
11672 78257
11693 78282
11730 78326
11746 78345
11789 78396
11816 78428
11854 78473
11865 78486
11904 78532
11932 78565
11977 78618
11994 78638
12034 78685
12057 78712
12086 78746
12121 78787
12162 78835
12168 78842
12211 78892
12248 78935
12279 78971
12304 79000
12348 79051
12367 79073
12399 79110
12444 79162
12457 79177
12503 79230
12536 79268
12556 79291
12603 79345
12630 79376
12664 79415
12705 79462
12712 79470
12755 79519
12791 79560
12820 79593
12842 79618
12879 79660
12894 79677
12932 79720
12955 79746
12986 79781
13025 79825
13072 79878
13080 79887
13121 79933
13154 79970
13179 79998
13221 80045
13238 80064
13281 80112
13307 80141
13342 80180
13386 80229
13395 80239
13441 80290
13478 80331
13506 80362
13553 80414
13572 80435
13620 80488
13649 80520
13688 80563
13737 80617
13747 80628
13788 80673
13819 80707
13840 80730
13872 80765
13915 80812
13926 80824
13971 80873
14005 80910
14028 80935
14063 80973
14110 81024
14122 81037
14171 81090
14208 81130
14233 81157
14271 81198
14284 81212
14324 81255
14351 81284
14392 81328
14406 81343
14449 81389
14478 81420
14522 81467
14537 81483
14583 81532
14614 81565
14661 81615
14677 81632
14726 81684
14759 81719
14809 81772
14826 81790
14861 81827
14879 81846
14916 81885
14935 81905
14974 81946
14994 81967
15035 82010
15056 82032
15099 82077
15121 82100
15166 82147
15189 82171
15236 82220
15260 82245
15309 82296
15334 82322
15385 82375
15411 82402
15438 82430
15466 82459
15495 82489
15525 82520
15556 82552
15588 82585
15621 82619
15655 82654
15690 82690
15726 82727
15763 82765
15801 82804
15840 82844
15880 82885
15921 82927
15963 82970
16006 83014
16050 83059
16095 83105
16141 83152
16188 83200
16236 83249
16285 83299
16335 83350
16386 83402
16438 83455
16491 83509
16492 83510
16546 83563
16599 83615
16651 83666
16702 83716
16752 83765
16801 83813
16849 83860
16896 83906
16942 83951
16987 83995
17031 84038
17074 84080
17116 84121
17157 84161
17197 84200
17236 84238
17274 84275
17311 84311
17347 84346
17382 84380
17416 84413
17449 84445
17481 84476
17512 84506
17542 84535
17571 84563
17599 84590
17626 84616
17679 84667
17705 84692
17756 84741
17781 84765
17830 84812
17854 84835
17901 84880
17924 84902
17969 84945
17991 84966
18034 85007
18055 85027
18096 85066
18116 85085
18155 85122
18174 85140
18211 85175
18229 85192
18282 85242
18317 85275
18369 85324
18386 85340
18436 85387
18469 85418
18518 85464
18534 85479
18581 85523
18612 85552
18658 85595
18673 85609
18717 85650
18746 85677
18789 85717
18803 85730
18844 85768
18871 85793
18911 85830
18964 85879
18977 85891
19028 85938
19066 85973
19091 85996
19128 86030
19177 86075
19189 86086
19236 86129
19271 86161
19294 86182
19328 86213
19373 86254
19384 86264
19438 86313
19481 86352
19513 86381
19566 86429
19587 86448
19639 86495
19670 86523
19711 86560
19762 86606
19772 86615
19821 86659
19860 86694
19889 86720
19937 86763
19956 86780
20003 86822
20031 86847
20068 86880
20114 86921
20123 86929
20176 86976
20220 87015
20255 87046
20281 87069
20324 87107
20341 87122
20383 87159
20408 87181
20441 87210
20482 87246
20531 87289
20539 87296
20586 87337
20625 87371
20656 87398
20710 87445
20733 87465
20771 87498
20824 87544
20839 87557
20891 87602
20928 87634
20950 87653
21001 87697
21030 87722
21066 87753
21109 87790
21159 87833
21166 87839
21214 87880
21255 87915
21289 87944
21316 87967
21363 88007
21383 88024
21436 88069
21469 88097
21515 88136
21528 88147
21573 88185
21605 88212
21656 88255
21675 88271
21719 88308
21744 88329
21775 88355
21812 88386
21855 88422
21904 88463
21910 88468
21963 88512
22010 88551
22051 88585
22086 88614
22115 88638
22167 88681
22190 88700
22230 88733
22247 88747
22292 88784
22320 88807
22359 88839
22409 88880
22420 88889
22469 88929
22507 88960
22534 88982
22577 89017
22593 89030
22646 89073
22683 89103
22704 89120
22751 89158
22777 89179
22808 89204
22844 89233
22885 89266
22931 89303
22982 89344
22987 89348
23041 89391
23090 89430
23134 89465
23173 89496
23207 89523
23236 89546
23289 89588
23313 89607
23356 89641
23375 89656
23427 89697
23460 89723
23507 89760
23521 89771
23572 89811
23609 89840
23632 89858
23664 89883
23705 89915
23755 89954
23764 89961
23813 89999
23853 90030
23884 90054
23937 90095
23959 90112
23994 90139
24042 90176
24055 90186
24098 90219
24128 90242
24175 90278
24192 90291
24230 90320
24251 90336
24297 90371
24322 90390
24376 90431
24405 90453
24438 90478
24475 90506
24516 90537
24561 90571
24610 90608
24663 90648
24667 90651
24718 90689
24765 90724
24808 90756
24847 90785
24882 90811
24913 90834
24940 90854
24990 90891
25013 90908
25055 90939
25074 90953
25127 90992
25161 91017
25210 91053
25225 91064
25266 91094
25292 91113
25329 91140
25377 91175
25388 91183
25439 91220
25479 91249
25508 91270
25555 91304
25573 91317
25616 91348
25641 91366
25673 91389
25712 91417
25758 91450
25811 91488
25818 91493
25870 91530
25915 91562
25953 91589
25984 91611
26008 91628
26049 91657
26066 91669
26110 91700
26137 91719
26174 91745
26221 91778
26231 91785
26284 91822
26327 91852
26360 91875
26383 91891
26419 91916
26468 91950
26481 91959
26523 91988
26552 92008
26597 92039
26613 92050
26664 92085
26699 92109
26753 92146
26772 92159
26813 92187
26835 92202
26882 92234
26907 92251
26960 92287
26988 92306
27019 92327
27053 92350
27090 92375
27130 92402
27173 92431
27219 92462
27268 92495
27320 92530
27323 92532
27376 92567
27426 92600
27473 92631
27517 92660
27558 92687
27596 92712
27631 92735
27663 92756
27692 92775
27718 92792
27767 92824
27790 92839
27833 92867
27853 92880
27890 92904
27944 92939
27961 92950
28009 92981
28040 93001
28085 93030
28099 93039
28152 93073
28191 93098
28216 93114
28252 93137
28299 93167
28310 93174
28362 93207
28403 93233
28433 93252
28482 93283
28501 93295
28547 93324
28574 93341
28609 93363
28652 93390
28703 93422
28711 93427
28764 93460
28809 93488
28846 93511
28875 93529
28925 93560
28946 93573
28980 93594
29027 93623
29040 93631
29084 93658
29115 93677
29164 93707
29182 93718
29223 93743
29246 93757
29297 93788
29325 93805
29358 93825
29396 93848
29439 93874
29487 93903
29540 93935
29545 93938
29597 93969
29644 93997
29686 94022
29723 94044
29755 94063
29782 94079
29831 94108
29853 94121
29892 94144
29909 94154
29955 94181
29984 94198
30025 94222
30078 94253
30090 94260
30133 94285
30164 94303
30214 94332
30233 94343
30278 94369
30304 94384
30337 94403
30377 94426
30424 94453
30478 94484
30485 94488
30536 94517
30580 94542
30617 94563
30647 94580
30700 94610
30723 94623
30762 94645
30778 94654
30819 94677
30844 94691
30878 94710
30921 94734
30973 94763
30982 94768
31029 94794
31067 94815
31096 94831
31145 94858
31165 94869
31216 94897
31247 94914
31289 94937
31342 94966
31353 94972
31399 94997
31434 95016
31458 95029
31495 95049
31545 95076
31558 95083
31612 95112
31653 95134
31681 95149
31724 95172
31739 95180
31786 95205
31818 95222
31867 95248
31884 95257
31937 95285
31973 95304
31992 95314
32032 95335
32053 95346
32097 95369
32120 95381
32168 95406
32193 95419
32245 95446
32272 95460
32301 95475
32332 95491
32365 95508
32400 95526
32437 95545
32476 95565
32517 95586
32560 95608
32605 95631
32652 95655
32701 95680
32752 95706
32805 95733
32807 95734
32860 95760
32911 95785
32960 95809
33007 95832
33052 95854
33095 95875
33136 95895
33175 95914
33212 95932
33247 95949
33280 95965
33311 95980
33340 95994
33367 96007
33419 96032
33444 96044
33492 96067
33515 96078
33559 96099
33580 96109
33620 96128
33639 96137
33675 96154
33728 96179
33745 96187
33794 96210
33826 96225
33873 96247
33888 96254
33931 96274
33959 96287
34000 96306
34054 96331
34067 96337
34117 96360
34154 96377
34178 96388
34213 96404
34259 96425
34270 96430
34323 96454
34365 96473
34396 96487
34447 96510
34467 96519
34516 96541
34545 96554
34583 96571
34630 96592
34639 96596
34691 96619
34734 96638
34768 96653
34793 96664
34834 96682
34850 96689
34889 96706
34912 96716
34965 96739
34995 96752
35032 96768
35076 96787
35127 96809
35134 96812
35188 96835
35235 96855
35275 96872
35308 96886
35334 96897
35379 96916
35398 96924
35448 96945
35479 96958
35522 96976
35534 96981
35587 97003
35628 97020
35657 97032
35703 97051
35720 97058
35759 97074
35781 97083
35830 97103
35857 97114
35889 97127
35926 97142
35968 97159
36015 97178
36067 97199
36072 97201
36125 97222
36173 97241
36216 97258
36254 97273
36287 97286
36315 97297
36366 97317
36389 97326
36430 97342
36448 97349
36497 97368
36528 97380
36572 97397
36585 97402
36632 97420
36666 97433
36721 97454
36742 97462
36792 97481
36821 97492
36858 97506
36903 97523
36956 97543
36964 97546
37015 97565
37058 97581
37093 97594
37120 97604
37166 97621
37185 97628
37234 97646
37264 97657
37305 97672
37357 97691
37368 97695
37415 97712
37451 97725
37476 97734
37515 97748
37568 97767
37582 97772
37627 97788
37658 97799
37706 97816
37723 97822
37777 97841
37814 97854
37834 97861
37877 97876
37900 97884
37949 97901
37975 97910
38030 97929
38059 97939
38091 97950
38126 97962
38164 97975
38205 97989
38249 98004
38296 98020
38346 98037
38399 98055
38402 98056
38457 98074
38509 98091
38558 98107
38604 98122
38647 98136
38687 98149
38724 98161
38758 98172
38789 98182
38817 98191
38870 98208
38895 98216
38942 98231
38964 98238
39005 98251
39024 98257
39078 98274
39113 98285
39164 98301
39180 98306
39225 98320
39254 98329
39296 98342
39351 98359
39364 98363
39413 98378
39449 98389
39472 98396
39505 98406
39548 98419
39601 98435
39611 98438
39658 98452
39695 98463
39722 98471
39766 98484
39783 98489
39824 98501
39848 98508
39903 98524
39934 98533
39972 98544
40017 98557
40069 98572
40076 98574
40129 98589
40175 98602
40214 98613
40246 98622
40271 98629
40314 98641
40332 98646
40379 98659
40408 98667
40448 98678
40499 98692
40510 98695
40558 98708
40595 98718
40621 98725
40662 98736
40677 98740
40726 98753
40760 98762
40813 98776
40832 98781
40874 98792
40897 98798
40947 98811
40974 98818
41005 98826
41040 98835
41079 98845
41122 98856
41169 98868
41220 98881
41275 98895
41279 98896
41332 98909
41381 98921
41426 98932
41467 98942
41504 98951
41537 98959
41566 98966
41620 98979
41645 98985
41691 98996
41712 99001
41750 99010
41805 99023
41822 99027
41869 99038
41899 99045
41942 99055
41955 99058
42003 99069
42038 99077
42060 99082
42113 99094
42144 99101
42184 99110
42233 99121
42242 99123
42292 99134
42333 99143
42365 99150
42420 99162
42443 99167
42480 99175
42531 99186
42545 99189
42592 99199
42625 99206
42677 99217
42696 99221
42739 99230
42763 99235
42816 99246
42845 99252
42879 99259
42918 99267
42962 99276
43011 99286
43065 99297
43070 99298
43121 99308
43167 99317
43208 99325
43244 99332
43275 99338
43301 99343
43348 99352
43369 99356
43406 99363
43459 99373
43475 99376
43518 99384
43545 99389
43583 99396
43632 99405
43643 99407
43693 99416
43732 99423
43760 99428
43805 99436
43822 99439
43862 99446
43885 99450
43937 99459
43966 99464
44001 99470
44042 99477
44089 99485
44142 99494
44148 99495
44203 99504
44252 99512
44295 99519
44332 99525
44363 99530
44388 99534
44432 99541
44451 99544
44502 99552
44534 99557
44579 99564
44592 99566
44638 99573
44671 99578
44724 99586
44744 99589
44791 99596
44818 99600
44852 99605
44893 99611
44941 99618
44996 99626
45003 99627
45053 99634
45096 99640
45132 99645
45161 99649
45212 99656
45234 99659
45271 99664
45323 99671
45338 99673
45391 99680
45429 99685
45452 99688
45506 99695
45537 99699
45576 99704
45623 99710
45678 99717
45686 99718
45735 99724
45776 99729
45809 99733
45834 99736
45876 99741
45893 99743
45936 99748
45962 99751
45997 99755
46041 99760
46094 99766
46103 99767
46158 99773
46204 99778
46241 99782
46269 99785
46316 99790
46335 99792
46383 99797
46412 99800
46451 99804
46500 99809
46510 99810
46561 99815
46602 99819
46633 99822
46685 99827
46706 99829
46759 99834
46791 99837
46834 99841
46888 99846
46899 99847
46944 99851
46978 99854
47001 99856
47036 99859
47083 99863
47095 99864
47144 99868
47181 99871
47206 99873
47244 99876
47295 99880
47308 99881
47361 99885
47401 99888
47428 99890
47469 99893
47524 99897
47538 99898
47581 99901
47610 99903
47654 99906
47669 99907
47715 99910
47746 99912
47793 99915
47809 99916
47858 99919
47891 99921
47941 99924
47958 99925
48010 99928
48045 99930
48098 99933
48116 99934
48171 99937
48208 99939
48227 99940
48266 99942
48286 99943
48327 99945
48348 99946
48391 99948
48413 99949
48458 99951
48481 99952
48528 99954
48552 99955
48601 99957
48626 99958
48677 99960
48703 99961
48756 99963
48783 99964
48838 99966
48866 99967
48895 99968
48925 99969
48956 99970
48988 99971
49021 99972
49055 99973
49090 99974
49126 99975
49163 99976
49201 99977
49240 99978
49280 99979
49321 99980
49363 99981
49406 99982
49450 99983
49495 99984
49541 99985
49588 99986
49636 99987
49685 99988
49735 99989
49786 99990
49838 99991
49891 99992
49945 99993
50000 99994
50001 99994
50056 99993
50110 99992
50163 99991
50215 99990
50266 99989
50316 99988
50365 99987
50413 99986
50460 99985
50506 99984
50551 99983
50595 99982
50638 99981
50680 99980
50721 99979
50761 99978
50800 99977
50838 99976
50875 99975
50911 99974
50946 99973
50980 99972
51013 99971
51045 99970
51076 99969
51106 99968
51135 99967
51163 99966
51218 99964
51245 99963
51298 99961
51324 99960
51375 99958
51400 99957
51449 99955
51473 99954
51520 99952
51543 99951
51588 99949
51610 99948
51653 99946
51674 99945
51715 99943
51735 99942
51774 99940
51793 99939
51830 99937
51885 99934
51903 99933
51956 99930
51991 99928
52043 99925
52060 99924
52110 99921
52143 99919
52192 99916
52208 99915
52255 99912
52286 99910
52332 99907
52347 99906
52391 99903
52420 99901
52463 99898
52477 99897
52532 99893
52573 99890
52600 99888
52640 99885
52693 99881
52706 99880
52757 99876
52795 99873
52820 99871
52857 99868
52906 99864
52918 99863
52965 99859
53000 99856
53023 99854
53057 99851
53102 99847
53113 99846
53167 99841
53210 99837
53242 99834
53295 99829
53316 99827
53368 99822
53399 99819
53440 99815
53491 99810
53501 99809
53550 99804
53589 99800
53618 99797
53666 99792
53685 99790
53732 99785
53760 99782
53797 99778
53843 99773
53898 99767
53907 99766
53960 99760
54004 99755
54039 99751
54065 99748
54108 99743
54125 99741
54167 99736
54192 99733
54225 99729
54266 99724
54315 99718
54323 99717
54378 99710
54425 99704
54464 99699
54495 99695
54549 99688
54572 99685
54610 99680
54663 99673
54678 99671
54730 99664
54767 99659
54789 99656
54840 99649
54869 99645
54905 99640
54948 99634
54998 99627
55005 99626
55060 99618
55108 99611
55149 99605
55183 99600
55210 99596
55257 99589
55277 99586
55330 99578
55363 99573
55409 99566
55422 99564
55467 99557
55499 99552
55550 99544
55569 99541
55613 99534
55638 99530
55669 99525
55706 99519
55749 99512
55798 99504
55853 99495
55859 99494
55912 99485
55959 99477
56000 99470
56035 99464
56064 99459
56116 99450
56139 99446
56179 99439
56196 99436
56241 99428
56269 99423
56308 99416
56358 99407
56369 99405
56418 99396
56456 99389
56483 99384
56526 99376
56542 99373
56595 99363
56632 99356
56653 99352
56700 99343
56726 99338
56757 99332
56793 99325
56834 99317
56880 99308
56931 99298
56936 99297
56990 99286
57039 99276
57083 99267
57122 99259
57156 99252
57185 99246
57238 99235
57262 99230
57305 99221
57324 99217
57376 99206
57409 99199
57456 99189
57470 99186
57521 99175
57558 99167
57581 99162
57636 99150
57668 99143
57709 99134
57759 99123
57768 99121
57817 99110
57857 99101
57888 99094
57941 99082
57963 99077
57998 99069
58046 99058
58059 99055
58102 99045
58132 99038
58179 99027
58196 99023
58251 99010
58289 99001
58310 98996
58356 98985
58381 98979
58435 98966
58464 98959
58497 98951
58534 98942
58575 98932
58620 98921
58669 98909
58722 98896
58726 98895
58781 98881
58832 98868
58879 98856
58922 98845
58961 98835
58996 98826
59027 98818
59054 98811
59104 98798
59127 98792
59169 98781
59188 98776
59241 98762
59275 98753
59324 98740
59339 98736
59380 98725
59406 98718
59443 98708
59491 98695
59502 98692
59553 98678
59593 98667
59622 98659
59669 98646
59687 98641
59730 98629
59755 98622
59787 98613
59826 98602
59872 98589
59925 98574
59932 98572
59984 98557
60029 98544
60067 98533
60098 98524
60153 98508
60177 98501
60218 98489
60235 98484
60279 98471
60306 98463
60343 98452
60390 98438
60400 98435
60453 98419
60496 98406
60529 98396
60552 98389
60588 98378
60637 98363
60650 98359
60705 98342
60747 98329
60776 98320
60821 98306
60837 98301
60888 98285
60923 98274
60977 98257
60996 98251
61037 98238
61059 98231
61106 98216
61131 98208
61184 98191
61212 98182
61243 98172
61277 98161
61314 98149
61354 98136
61397 98122
61443 98107
61492 98091
61544 98074
61599 98056
61602 98055
61655 98037
61705 98020
61752 98004
61796 97989
61837 97975
61875 97962
61910 97950
61942 97939
61971 97929
62026 97910
62052 97901
62101 97884
62124 97876
62167 97861
62187 97854
62224 97841
62278 97822
62295 97816
62343 97799
62374 97788
62419 97772
62433 97767
62486 97748
62525 97734
62550 97725
62586 97712
62633 97695
62644 97691
62696 97672
62737 97657
62767 97646
62816 97628
62835 97621
62881 97604
62908 97594
62943 97581
62986 97565
63037 97546
63045 97543
63098 97523
63143 97506
63180 97492
63209 97481
63259 97462
63280 97454
63335 97433
63369 97420
63416 97402
63429 97397
63473 97380
63504 97368
63553 97349
63571 97342
63612 97326
63635 97317
63686 97297
63714 97286
63747 97273
63785 97258
63828 97241
63876 97222
63929 97201
63934 97199
63986 97178
64033 97159
64075 97142
64112 97127
64144 97114
64171 97103
64220 97083
64242 97074
64281 97058
64298 97051
64344 97032
64373 97020
64414 97003
64467 96981
64479 96976
64522 96958
64553 96945
64603 96924
64622 96916
64667 96897
64693 96886
64726 96872
64766 96855
64813 96835
64867 96812
64874 96809
64925 96787
64969 96768
65006 96752
65036 96739
65089 96716
65112 96706
65151 96689
65167 96682
65208 96664
65233 96653
65267 96638
65310 96619
65362 96596
65371 96592
65418 96571
65456 96554
65485 96541
65534 96519
65554 96510
65605 96487
65636 96473
65678 96454
65731 96430
65742 96425
65788 96404
65823 96388
65847 96377
65884 96360
65934 96337
65947 96331
66001 96306
66042 96287
66070 96274
66113 96254
66128 96247
66175 96225
66207 96210
66256 96187
66273 96179
66326 96154
66362 96137
66381 96128
66421 96109
66442 96099
66486 96078
66509 96067
66557 96044
66582 96032
66634 96007
66661 95994
66690 95980
66721 95965
66754 95949
66789 95932
66826 95914
66865 95895
66906 95875
66949 95854
66994 95832
67041 95809
67090 95785
67141 95760
67194 95734
67196 95733
67249 95706
67300 95680
67349 95655
67396 95631
67441 95608
67484 95586
67525 95565
67564 95545
67601 95526
67636 95508
67669 95491
67700 95475
67729 95460
67756 95446
67808 95419
67833 95406
67881 95381
67904 95369
67948 95346
67969 95335
68009 95314
68028 95304
68064 95285
68117 95257
68134 95248
68183 95222
68215 95205
68262 95180
68277 95172
68320 95149
68348 95134
68389 95112
68443 95083
68456 95076
68506 95049
68543 95029
68567 95016
68602 94997
68648 94972
68659 94966
68712 94937
68754 94914
68785 94897
68836 94869
68856 94858
68905 94831
68934 94815
68972 94794
69019 94768
69028 94763
69080 94734
69123 94710
69157 94691
69182 94677
69223 94654
69239 94645
69278 94623
69301 94610
69354 94580
69384 94563
69421 94542
69465 94517
69516 94488
69523 94484
69577 94453
69624 94426
69664 94403
69697 94384
69723 94369
69768 94343
69787 94332
69837 94303
69868 94285
69911 94260
69923 94253
69976 94222
70017 94198
70046 94181
70092 94154
70109 94144
70148 94121
70170 94108
70219 94079
70246 94063
70278 94044
70315 94022
70357 93997
70404 93969
70456 93938
70461 93935
70514 93903
70562 93874
70605 93848
70643 93825
70676 93805
70704 93788
70755 93757
70778 93743
70819 93718
70837 93707
70886 93677
70917 93658
70961 93631
70974 93623
71021 93594
71055 93573
71076 93560
71126 93529
71155 93511
71192 93488
71237 93460
71290 93427
71298 93422
71349 93390
71392 93363
71427 93341
71454 93324
71500 93295
71519 93283
71568 93252
71598 93233
71639 93207
71691 93174
71702 93167
71749 93137
71785 93114
71810 93098
71849 93073
71902 93039
71916 93030
71961 93001
71992 92981
72040 92950
72057 92939
72111 92904
72148 92880
72168 92867
72211 92839
72234 92824
72283 92792
72309 92775
72338 92756
72370 92735
72405 92712
72443 92687
72484 92660
72528 92631
72575 92600
72625 92567
72678 92532
72681 92530
72733 92495
72782 92462
72828 92431
72871 92402
72911 92375
72948 92350
72982 92327
73013 92306
73041 92287
73094 92251
73119 92234
73166 92202
73188 92187
73229 92159
73248 92146
73302 92109
73337 92085
73388 92050
73404 92039
73449 92008
73478 91988
73520 91959
73533 91950
73582 91916
73618 91891
73641 91875
73674 91852
73717 91822
73770 91785
73780 91778
73827 91745
73864 91719
73891 91700
73935 91669
73952 91657
73993 91628
74017 91611
74048 91589
74086 91562
74131 91530
74183 91493
74190 91488
74243 91450
74289 91417
74328 91389
74360 91366
74385 91348
74428 91317
74446 91304
74493 91270
74522 91249
74562 91220
74613 91183
74624 91175
74672 91140
74709 91113
74735 91094
74776 91064
74791 91053
74840 91017
74874 90992
74927 90953
74946 90939
74988 90908
75011 90891
75061 90854
75088 90834
75119 90811
75154 90785
75193 90756
75236 90724
75283 90689
75334 90651
75338 90648
75391 90608
75440 90571
75485 90537
75526 90506
75563 90478
75596 90453
75625 90431
75679 90390
75704 90371
75750 90336
75771 90320
75809 90291
75826 90278
75873 90242
75903 90219
75946 90186
75959 90176
76007 90139
76042 90112
76064 90095
76117 90054
76148 90030
76188 89999
76237 89961
76246 89954
76296 89915
76337 89883
76369 89858
76392 89840
76429 89811
76480 89771
76494 89760
76541 89723
76574 89697
76626 89656
76645 89641
76688 89607
76712 89588
76765 89546
76794 89523
76828 89496
76867 89465
76911 89430
76960 89391
77014 89348
77019 89344
77070 89303
77116 89266
77157 89233
77193 89204
77224 89179
77250 89158
77297 89120
77318 89103
77355 89073
77408 89030
77424 89017
77467 88982
77494 88960
77532 88929
77581 88889
77592 88880
77642 88839
77681 88807
77709 88784
77754 88747
77771 88733
77811 88700
77834 88681
77886 88638
77915 88614
77950 88585
77991 88551
78038 88512
78091 88468
78097 88463
78146 88422
78189 88386
78226 88355
78257 88329
78282 88308
78326 88271
78345 88255
78396 88212
78428 88185
78473 88147
78486 88136
78532 88097
78565 88069
78618 88024
78638 88007
78685 87967
78712 87944
78746 87915
78787 87880
78835 87839
78842 87833
78892 87790
78935 87753
78971 87722
79000 87697
79051 87653
79073 87634
79110 87602
79162 87557
79177 87544
79230 87498
79268 87465
79291 87445
79345 87398
79376 87371
79415 87337
79462 87296
79470 87289
79519 87246
79560 87210
79593 87181
79618 87159
79660 87122
79677 87107
79720 87069
79746 87046
79781 87015
79825 86976
79878 86929
79887 86921
79933 86880
79970 86847
79998 86822
80045 86780
80064 86763
80112 86720
80141 86694
80180 86659
80229 86615
80239 86606
80290 86560
80331 86523
80362 86495
80414 86448
80435 86429
80488 86381
80520 86352
80563 86313
80617 86264
80628 86254
80673 86213
80707 86182
80730 86161
80765 86129
80812 86086
80824 86075
80873 86030
80910 85996
80935 85973
80973 85938
81024 85891
81037 85879
81090 85830
81130 85793
81157 85768
81198 85730
81212 85717
81255 85677
81284 85650
81328 85609
81343 85595
81389 85552
81420 85523
81467 85479
81483 85464
81532 85418
81565 85387
81615 85340
81632 85324
81684 85275
81719 85242
81772 85192
81790 85175
81827 85140
81846 85122
81885 85085
81905 85066
81946 85027
81967 85007
82010 84966
82032 84945
82077 84902
82100 84880
82147 84835
82171 84812
82220 84765
82245 84741
82296 84692
82322 84667
82375 84616
82402 84590
82430 84563
82459 84535
82489 84506
82520 84476
82552 84445
82585 84413
82619 84380
82654 84346
82690 84311
82727 84275
82765 84238
82804 84200
82844 84161
82885 84121
82927 84080
82970 84038
83014 83995
83059 83951
83105 83906
83152 83860
83200 83813
83249 83765
83299 83716
83350 83666
83402 83615
83455 83563
83509 83510
83510 83509
83563 83455
83615 83402
83666 83350
83716 83299
83765 83249
83813 83200
83860 83152
83906 83105
83951 83059
83995 83014
84038 82970
84080 82927
84121 82885
84161 82844
84200 82804
84238 82765
84275 82727
84311 82690
84346 82654
84380 82619
84413 82585
84445 82552
84476 82520
84506 82489
84535 82459
84563 82430
84590 82402
84616 82375
84667 82322
84692 82296
84741 82245
84765 82220
84812 82171
84835 82147
84880 82100
84902 82077
84945 82032
84966 82010
85007 81967
85027 81946
85066 81905
85085 81885
85122 81846
85140 81827
85175 81790
85192 81772
85242 81719
85275 81684
85324 81632
85340 81615
85387 81565
85418 81532
85464 81483
85479 81467
85523 81420
85552 81389
85595 81343
85609 81328
85650 81284
85677 81255
85717 81212
85730 81198
85768 81157
85793 81130
85830 81090
85879 81037
85891 81024
85938 80973
85973 80935
85996 80910
86030 80873
86075 80824
86086 80812
86129 80765
86161 80730
86182 80707
86213 80673
86254 80628
86264 80617
86313 80563
86352 80520
86381 80488
86429 80435
86448 80414
86495 80362
86523 80331
86560 80290
86606 80239
86615 80229
86659 80180
86694 80141
86720 80112
86763 80064
86780 80045
86822 79998
86847 79970
86880 79933
86921 79887
86929 79878
86976 79825
87015 79781
87046 79746
87069 79720
87107 79677
87122 79660
87159 79618
87181 79593
87210 79560
87246 79519
87289 79470
87296 79462
87337 79415
87371 79376
87398 79345
87445 79291
87465 79268
87498 79230
87544 79177
87557 79162
87602 79110
87634 79073
87653 79051
87697 79000
87722 78971
87753 78935
87790 78892
87833 78842
87839 78835
87880 78787
87915 78746
87944 78712
87967 78685
88007 78638
88024 78618
88069 78565
88097 78532
88136 78486
88147 78473
88185 78428
88212 78396
88255 78345
88271 78326
88308 78282
88329 78257
88355 78226
88386 78189
88422 78146
88463 78097
88468 78091
88512 78038
88551 77991
88585 77950
88614 77915
88638 77886
88681 77834
88700 77811
88733 77771
88747 77754
88784 77709
88807 77681
88839 77642
88880 77592
88889 77581
88929 77532
88960 77494
88982 77467
89017 77424
89030 77408
89073 77355
89103 77318
89120 77297
89158 77250
89179 77224
89204 77193
89233 77157
89266 77116
89303 77070
89344 77019
89348 77014
89391 76960
89430 76911
89465 76867
89496 76828
89523 76794
89546 76765
89588 76712
89607 76688
89641 76645
89656 76626
89697 76574
89723 76541
89760 76494
89771 76480
89811 76429
89840 76392
89858 76369
89883 76337
89915 76296
89954 76246
89961 76237
89999 76188
90030 76148
90054 76117
90095 76064
90112 76042
90139 76007
90176 75959
90186 75946
90219 75903
90242 75873
90278 75826
90291 75809
90320 75771
90336 75750
90371 75704
90390 75679
90431 75625
90453 75596
90478 75563
90506 75526
90537 75485
90571 75440
90608 75391
90648 75338
90651 75334
90689 75283
90724 75236
90756 75193
90785 75154
90811 75119
90834 75088
90854 75061
90891 75011
90908 74988
90939 74946
90953 74927
90992 74874
91017 74840
91053 74791
91064 74776
91094 74735
91113 74709
91140 74672
91175 74624
91183 74613
91220 74562
91249 74522
91270 74493
91304 74446
91317 74428
91348 74385
91366 74360
91389 74328
91417 74289
91450 74243
91488 74190
91493 74183
91530 74131
91562 74086
91589 74048
91611 74017
91628 73993
91657 73952
91669 73935
91700 73891
91719 73864
91745 73827
91778 73780
91785 73770
91822 73717
91852 73674
91875 73641
91891 73618
91916 73582
91950 73533
91959 73520
91988 73478
92008 73449
92039 73404
92050 73388
92085 73337
92109 73302
92146 73248
92159 73229
92187 73188
92202 73166
92234 73119
92251 73094
92287 73041
92306 73013
92327 72982
92350 72948
92375 72911
92402 72871
92431 72828
92462 72782
92495 72733
92530 72681
92532 72678
92567 72625
92600 72575
92631 72528
92660 72484
92687 72443
92712 72405
92735 72370
92756 72338
92775 72309
92792 72283
92824 72234
92839 72211
92867 72168
92880 72148
92904 72111
92939 72057
92950 72040
92981 71992
93001 71961
93030 71916
93039 71902
93073 71849
93098 71810
93114 71785
93137 71749
93167 71702
93174 71691
93207 71639
93233 71598
93252 71568
93283 71519
93295 71500
93324 71454
93341 71427
93363 71392
93390 71349
93422 71298
93427 71290
93460 71237
93488 71192
93511 71155
93529 71126
93560 71076
93573 71055
93594 71021
93623 70974
93631 70961
93658 70917
93677 70886
93707 70837
93718 70819
93743 70778
93757 70755
93788 70704
93805 70676
93825 70643
93848 70605
93874 70562
93903 70514
93935 70461
93938 70456
93969 70404
93997 70357
94022 70315
94044 70278
94063 70246
94079 70219
94108 70170
94121 70148
94144 70109
94154 70092
94181 70046
94198 70017
94222 69976
94253 69923
94260 69911
94285 69868
94303 69837
94332 69787
94343 69768
94369 69723
94384 69697
94403 69664
94426 69624
94453 69577
94484 69523
94488 69516
94517 69465
94542 69421
94563 69384
94580 69354
94610 69301
94623 69278
94645 69239
94654 69223
94677 69182
94691 69157
94710 69123
94734 69080
94763 69028
94768 69019
94794 68972
94815 68934
94831 68905
94858 68856
94869 68836
94897 68785
94914 68754
94937 68712
94966 68659
94972 68648
94997 68602
95016 68567
95029 68543
95049 68506
95076 68456
95083 68443
95112 68389
95134 68348
95149 68320
95172 68277
95180 68262
95205 68215
95222 68183
95248 68134
95257 68117
95285 68064
95304 68028
95314 68009
95335 67969
95346 67948
95369 67904
95381 67881
95406 67833
95419 67808
95446 67756
95460 67729
95475 67700
95491 67669
95508 67636
95526 67601
95545 67564
95565 67525
95586 67484
95608 67441
95631 67396
95655 67349
95680 67300
95706 67249
95733 67196
95734 67194
95760 67141
95785 67090
95809 67041
95832 66994
95854 66949
95875 66906
95895 66865
95914 66826
95932 66789
95949 66754
95965 66721
95980 66690
95994 66661
96007 66634
96032 66582
96044 66557
96067 66509
96078 66486
96099 66442
96109 66421
96128 66381
96137 66362
96154 66326
96179 66273
96187 66256
96210 66207
96225 66175
96247 66128
96254 66113
96274 66070
96287 66042
96306 66001
96331 65947
96337 65934
96360 65884
96377 65847
96388 65823
96404 65788
96425 65742
96430 65731
96454 65678
96473 65636
96487 65605
96510 65554
96519 65534
96541 65485
96554 65456
96571 65418
96592 65371
96596 65362
96619 65310
96638 65267
96653 65233
96664 65208
96682 65167
96689 65151
96706 65112
96716 65089
96739 65036
96752 65006
96768 64969
96787 64925
96809 64874
96812 64867
96835 64813
96855 64766
96872 64726
96886 64693
96897 64667
96916 64622
96924 64603
96945 64553
96958 64522
96976 64479
96981 64467
97003 64414
97020 64373
97032 64344
97051 64298
97058 64281
97074 64242
97083 64220
97103 64171
97114 64144
97127 64112
97142 64075
97159 64033
97178 63986
97199 63934
97201 63929
97222 63876
97241 63828
97258 63785
97273 63747
97286 63714
97297 63686
97317 63635
97326 63612
97342 63571
97349 63553
97368 63504
97380 63473
97397 63429
97402 63416
97420 63369
97433 63335
97454 63280
97462 63259
97481 63209
97492 63180
97506 63143
97523 63098
97543 63045
97546 63037
97565 62986
97581 62943
97594 62908
97604 62881
97621 62835
97628 62816
97646 62767
97657 62737
97672 62696
97691 62644
97695 62633
97712 62586
97725 62550
97734 62525
97748 62486
97767 62433
97772 62419
97788 62374
97799 62343
97816 62295
97822 62278
97841 62224
97854 62187
97861 62167
97876 62124
97884 62101
97901 62052
97910 62026
97929 61971
97939 61942
97950 61910
97962 61875
97975 61837
97989 61796
98004 61752
98020 61705
98037 61655
98055 61602
98056 61599
98074 61544
98091 61492
98107 61443
98122 61397
98136 61354
98149 61314
98161 61277
98172 61243
98182 61212
98191 61184
98208 61131
98216 61106
98231 61059
98238 61037
98251 60996
98257 60977
98274 60923
98285 60888
98301 60837
98306 60821
98320 60776
98329 60747
98342 60705
98359 60650
98363 60637
98378 60588
98389 60552
98396 60529
98406 60496
98419 60453
98435 60400
98438 60390
98452 60343
98463 60306
98471 60279
98484 60235
98489 60218
98501 60177
98508 60153
98524 60098
98533 60067
98544 60029
98557 59984
98572 59932
98574 59925
98589 59872
98602 59826
98613 59787
98622 59755
98629 59730
98641 59687
98646 59669
98659 59622
98667 59593
98678 59553
98692 59502
98695 59491
98708 59443
98718 59406
98725 59380
98736 59339
98740 59324
98753 59275
98762 59241
98776 59188
98781 59169
98792 59127
98798 59104
98811 59054
98818 59027
98826 58996
98835 58961
98845 58922
98856 58879
98868 58832
98881 58781
98895 58726
98896 58722
98909 58669
98921 58620
98932 58575
98942 58534
98951 58497
98959 58464
98966 58435
98979 58381
98985 58356
98996 58310
99001 58289
99010 58251
99023 58196
99027 58179
99038 58132
99045 58102
99055 58059
99058 58046
99069 57998
99077 57963
99082 57941
99094 57888
99101 57857
99110 57817
99121 57768
99123 57759
99134 57709
99143 57668
99150 57636
99162 57581
99167 57558
99175 57521
99186 57470
99189 57456
99199 57409
99206 57376
99217 57324
99221 57305
99230 57262
99235 57238
99246 57185
99252 57156
99259 57122
99267 57083
99276 57039
99286 56990
99297 56936
99298 56931
99308 56880
99317 56834
99325 56793
99332 56757
99338 56726
99343 56700
99352 56653
99356 56632
99363 56595
99373 56542
99376 56526
99384 56483
99389 56456
99396 56418
99405 56369
99407 56358
99416 56308
99423 56269
99428 56241
99436 56196
99439 56179
99446 56139
99450 56116
99459 56064
99464 56035
99470 56000
99477 55959
99485 55912
99494 55859
99495 55853
99504 55798
99512 55749
99519 55706
99525 55669
99530 55638
99534 55613
99541 55569
99544 55550
99552 55499
99557 55467
99564 55422
99566 55409
99573 55363
99578 55330
99586 55277
99589 55257
99596 55210
99600 55183
99605 55149
99611 55108
99618 55060
99626 55005
99627 54998
99634 54948
99640 54905
99645 54869
99649 54840
99656 54789
99659 54767
99664 54730
99671 54678
99673 54663
99680 54610
99685 54572
99688 54549
99695 54495
99699 54464
99704 54425
99710 54378
99717 54323
99718 54315
99724 54266
99729 54225
99733 54192
99736 54167
99741 54125
99743 54108
99748 54065
99751 54039
99755 54004
99760 53960
99766 53907
99767 53898
99773 53843
99778 53797
99782 53760
99785 53732
99790 53685
99792 53666
99797 53618
99800 53589
99804 53550
99809 53501
99810 53491
99815 53440
99819 53399
99822 53368
99827 53316
99829 53295
99834 53242
99837 53210
99841 53167
99846 53113
99847 53102
99851 53057
99854 53023
99856 53000
99859 52965
99863 52918
99864 52906
99868 52857
99871 52820
99873 52795
99876 52757
99880 52706
99881 52693
99885 52640
99888 52600
99890 52573
99893 52532
99897 52477
99898 52463
99901 52420
99903 52391
99906 52347
99907 52332
99910 52286
99912 52255
99915 52208
99916 52192
99919 52143
99921 52110
99924 52060
99925 52043
99928 51991
99930 51956
99933 51903
99934 51885
99937 51830
99939 51793
99940 51774
99942 51735
99943 51715
99945 51674
99946 51653
99948 51610
99949 51588
99951 51543
99952 51520
99954 51473
99955 51449
99957 51400
99958 51375
99960 51324
99961 51298
99963 51245
99964 51218
99966 51163
99967 51135
99968 51106
99969 51076
99970 51045
99971 51013
99972 50980
99973 50946
99974 50911
99975 50875
99976 50838
99977 50800
99978 50761
99979 50721
99980 50680
99981 50638
99982 50595
99983 50551
99984 50506
99985 50460
99986 50413
99987 50365
99988 50316
99989 50266
99990 50215
99991 50163
99992 50110
99993 50056
99994 50001
99994 50000
99993 49945
99992 49891
99991 49838
99990 49786
99989 49735
99988 49685
99987 49636
99986 49588
99985 49541
99984 49495
99983 49450
99982 49406
99981 49363
99980 49321
99979 49280
99978 49240
99977 49201
99976 49163
99975 49126
99974 49090
99973 49055
99972 49021
99971 48988
99970 48956
99969 48925
99968 48895
99967 48866
99966 48838
99964 48783
99963 48756
99961 48703
99960 48677
99958 48626
99957 48601
99955 48552
99954 48528
99952 48481
99951 48458
99949 48413
99948 48391
99946 48348
99945 48327
99943 48286
99942 48266
99940 48227
99939 48208
99937 48171
99934 48116
99933 48098
99930 48045
99928 48010
99925 47958
99924 47941
99921 47891
99919 47858
99916 47809
99915 47793
99912 47746
99910 47715
99907 47669
99906 47654
99903 47610
99901 47581
99898 47538
99897 47524
99893 47469
99890 47428
99888 47401
99885 47361
99881 47308
99880 47295
99876 47244
99873 47206
99871 47181
99868 47144
99864 47095
99863 47083
99859 47036
99856 47001
99854 46978
99851 46944
99847 46899
99846 46888
99841 46834
99837 46791
99834 46759
99829 46706
99827 46685
99822 46633
99819 46602
99815 46561
99810 46510
99809 46500
99804 46451
99800 46412
99797 46383
99792 46335
99790 46316
99785 46269
99782 46241
99778 46204
99773 46158
99767 46103
99766 46094
99760 46041
99755 45997
99751 45962
99748 45936
99743 45893
99741 45876
99736 45834
99733 45809
99729 45776
99724 45735
99718 45686
99717 45678
99710 45623
99704 45576
99699 45537
99695 45506
99688 45452
99685 45429
99680 45391
99673 45338
99671 45323
99664 45271
99659 45234
99656 45212
99649 45161
99645 45132
99640 45096
99634 45053
99627 45003
99626 44996
99618 44941
99611 44893
99605 44852
99600 44818
99596 44791
99589 44744
99586 44724
99578 44671
99573 44638
99566 44592
99564 44579
99557 44534
99552 44502
99544 44451
99541 44432
99534 44388
99530 44363
99525 44332
99519 44295
99512 44252
99504 44203
99495 44148
99494 44142
99485 44089
99477 44042
99470 44001
99464 43966
99459 43937
99450 43885
99446 43862
99439 43822
99436 43805
99428 43760
99423 43732
99416 43693
99407 43643
99405 43632
99396 43583
99389 43545
99384 43518
99376 43475
99373 43459
99363 43406
99356 43369
99352 43348
99343 43301
99338 43275
99332 43244
99325 43208
99317 43167
99308 43121
99298 43070
99297 43065
99286 43011
99276 42962
99267 42918
99259 42879
99252 42845
99246 42816
99235 42763
99230 42739
99221 42696
99217 42677
99206 42625
99199 42592
99189 42545
99186 42531
99175 42480
99167 42443
99162 42420
99150 42365
99143 42333
99134 42292
99123 42242
99121 42233
99110 42184
99101 42144
99094 42113
99082 42060
99077 42038
99069 42003
99058 41955
99055 41942
99045 41899
99038 41869
99027 41822
99023 41805
99010 41750
99001 41712
98996 41691
98985 41645
98979 41620
98966 41566
98959 41537
98951 41504
98942 41467
98932 41426
98921 41381
98909 41332
98896 41279
98895 41275
98881 41220
98868 41169
98856 41122
98845 41079
98835 41040
98826 41005
98818 40974
98811 40947
98798 40897
98792 40874
98781 40832
98776 40813
98762 40760
98753 40726
98740 40677
98736 40662
98725 40621
98718 40595
98708 40558
98695 40510
98692 40499
98678 40448
98667 40408
98659 40379
98646 40332
98641 40314
98629 40271
98622 40246
98613 40214
98602 40175
98589 40129
98574 40076
98572 40069
98557 40017
98544 39972
98533 39934
98524 39903
98508 39848
98501 39824
98489 39783
98484 39766
98471 39722
98463 39695
98452 39658
98438 39611
98435 39601
98419 39548
98406 39505
98396 39472
98389 39449
98378 39413
98363 39364
98359 39351
98342 39296
98329 39254
98320 39225
98306 39180
98301 39164
98285 39113
98274 39078
98257 39024
98251 39005
98238 38964
98231 38942
98216 38895
98208 38870
98191 38817
98182 38789
98172 38758
98161 38724
98149 38687
98136 38647
98122 38604
98107 38558
98091 38509
98074 38457
98056 38402
98055 38399
98037 38346
98020 38296
98004 38249
97989 38205
97975 38164
97962 38126
97950 38091
97939 38059
97929 38030
97910 37975
97901 37949
97884 37900
97876 37877
97861 37834
97854 37814
97841 37777
97822 37723
97816 37706
97799 37658
97788 37627
97772 37582
97767 37568
97748 37515
97734 37476
97725 37451
97712 37415
97695 37368
97691 37357
97672 37305
97657 37264
97646 37234
97628 37185
97621 37166
97604 37120
97594 37093
97581 37058
97565 37015
97546 36964
97543 36956
97523 36903
97506 36858
97492 36821
97481 36792
97462 36742
97454 36721
97433 36666
97420 36632
97402 36585
97397 36572
97380 36528
97368 36497
97349 36448
97342 36430
97326 36389
97317 36366
97297 36315
97286 36287
97273 36254
97258 36216
97241 36173
97222 36125
97201 36072
97199 36067
97178 36015
97159 35968
97142 35926
97127 35889
97114 35857
97103 35830
97083 35781
97074 35759
97058 35720
97051 35703
97032 35657
97020 35628
97003 35587
96981 35534
96976 35522
96958 35479
96945 35448
96924 35398
96916 35379
96897 35334
96886 35308
96872 35275
96855 35235
96835 35188
96812 35134
96809 35127
96787 35076
96768 35032
96752 34995
96739 34965
96716 34912
96706 34889
96689 34850
96682 34834
96664 34793
96653 34768
96638 34734
96619 34691
96596 34639
96592 34630
96571 34583
96554 34545
96541 34516
96519 34467
96510 34447
96487 34396
96473 34365
96454 34323
96430 34270
96425 34259
96404 34213
96388 34178
96377 34154
96360 34117
96337 34067
96331 34054
96306 34000
96287 33959
96274 33931
96254 33888
96247 33873
96225 33826
96210 33794
96187 33745
96179 33728
96154 33675
96137 33639
96128 33620
96109 33580
96099 33559
96078 33515
96067 33492
96044 33444
96032 33419
96007 33367
95994 33340
95980 33311
95965 33280
95949 33247
95932 33212
95914 33175
95895 33136
95875 33095
95854 33052
95832 33007
95809 32960
95785 32911
95760 32860
95734 32807
95733 32805
95706 32752
95680 32701
95655 32652
95631 32605
95608 32560
95586 32517
95565 32476
95545 32437
95526 32400
95508 32365
95491 32332
95475 32301
95460 32272
95446 32245
95419 32193
95406 32168
95381 32120
95369 32097
95346 32053
95335 32032
95314 31992
95304 31973
95285 31937
95257 31884
95248 31867
95222 31818
95205 31786
95180 31739
95172 31724
95149 31681
95134 31653
95112 31612
95083 31558
95076 31545
95049 31495
95029 31458
95016 31434
94997 31399
94972 31353
94966 31342
94937 31289
94914 31247
94897 31216
94869 31165
94858 31145
94831 31096
94815 31067
94794 31029
94768 30982
94763 30973
94734 30921
94710 30878
94691 30844
94677 30819
94654 30778
94645 30762
94623 30723
94610 30700
94580 30647
94563 30617
94542 30580
94517 30536
94488 30485
94484 30478
94453 30424
94426 30377
94403 30337
94384 30304
94369 30278
94343 30233
94332 30214
94303 30164
94285 30133
94260 30090
94253 30078
94222 30025
94198 29984
94181 29955
94154 29909
94144 29892
94121 29853
94108 29831
94079 29782
94063 29755
94044 29723
94022 29686
93997 29644
93969 29597
93938 29545
93935 29540
93903 29487
93874 29439
93848 29396
93825 29358
93805 29325
93788 29297
93757 29246
93743 29223
93718 29182
93707 29164
93677 29115
93658 29084
93631 29040
93623 29027
93594 28980
93573 28946
93560 28925
93529 28875
93511 28846
93488 28809
93460 28764
93427 28711
93422 28703
93390 28652
93363 28609
93341 28574
93324 28547
93295 28501
93283 28482
93252 28433
93233 28403
93207 28362
93174 28310
93167 28299
93137 28252
93114 28216
93098 28191
93073 28152
93039 28099
93030 28085
93001 28040
92981 28009
92950 27961
92939 27944
92904 27890
92880 27853
92867 27833
92839 27790
92824 27767
92792 27718
92775 27692
92756 27663
92735 27631
92712 27596
92687 27558
92660 27517
92631 27473
92600 27426
92567 27376
92532 27323
92530 27320
92495 27268
92462 27219
92431 27173
92402 27130
92375 27090
92350 27053
92327 27019
92306 26988
92287 26960
92251 26907
92234 26882
92202 26835
92187 26813
92159 26772
92146 26753
92109 26699
92085 26664
92050 26613
92039 26597
92008 26552
91988 26523
91959 26481
91950 26468
91916 26419
91891 26383
91875 26360
91852 26327
91822 26284
91785 26231
91778 26221
91745 26174
91719 26137
91700 26110
91669 26066
91657 26049
91628 26008
91611 25984
91589 25953
91562 25915
91530 25870
91493 25818
91488 25811
91450 25758
91417 25712
91389 25673
91366 25641
91348 25616
91317 25573
91304 25555
91270 25508
91249 25479
91220 25439
91183 25388
91175 25377
91140 25329
91113 25292
91094 25266
91064 25225
91053 25210
91017 25161
90992 25127
90953 25074
90939 25055
90908 25013
90891 24990
90854 24940
90834 24913
90811 24882
90785 24847
90756 24808
90724 24765
90689 24718
90651 24667
90648 24663
90608 24610
90571 24561
90537 24516
90506 24475
90478 24438
90453 24405
90431 24376
90390 24322
90371 24297
90336 24251
90320 24230
90291 24192
90278 24175
90242 24128
90219 24098
90186 24055
90176 24042
90139 23994
90112 23959
90095 23937
90054 23884
90030 23853
89999 23813
89961 23764
89954 23755
89915 23705
89883 23664
89858 23632
89840 23609
89811 23572
89771 23521
89760 23507
89723 23460
89697 23427
89656 23375
89641 23356
89607 23313
89588 23289
89546 23236
89523 23207
89496 23173
89465 23134
89430 23090
89391 23041
89348 22987
89344 22982
89303 22931
89266 22885
89233 22844
89204 22808
89179 22777
89158 22751
89120 22704
89103 22683
89073 22646
89030 22593
89017 22577
88982 22534
88960 22507
88929 22469
88889 22420
88880 22409
88839 22359
88807 22320
88784 22292
88747 22247
88733 22230
88700 22190
88681 22167
88638 22115
88614 22086
88585 22051
88551 22010
88512 21963
88468 21910
88463 21904
88422 21855
88386 21812
88355 21775
88329 21744
88308 21719
88271 21675
88255 21656
88212 21605
88185 21573
88147 21528
88136 21515
88097 21469
88069 21436
88024 21383
88007 21363
87967 21316
87944 21289
87915 21255
87880 21214
87839 21166
87833 21159
87790 21109
87753 21066
87722 21030
87697 21001
87653 20950
87634 20928
87602 20891
87557 20839
87544 20824
87498 20771
87465 20733
87445 20710
87398 20656
87371 20625
87337 20586
87296 20539
87289 20531
87246 20482
87210 20441
87181 20408
87159 20383
87122 20341
87107 20324
87069 20281
87046 20255
87015 20220
86976 20176
86929 20123
86921 20114
86880 20068
86847 20031
86822 20003
86780 19956
86763 19937
86720 19889
86694 19860
86659 19821
86615 19772
86606 19762
86560 19711
86523 19670
86495 19639
86448 19587
86429 19566
86381 19513
86352 19481
86313 19438
86264 19384
86254 19373
86213 19328
86182 19294
86161 19271
86129 19236
86086 19189
86075 19177
86030 19128
85996 19091
85973 19066
85938 19028
85891 18977
85879 18964
85830 18911
85793 18871
85768 18844
85730 18803
85717 18789
85677 18746
85650 18717
85609 18673
85595 18658
85552 18612
85523 18581
85479 18534
85464 18518
85418 18469
85387 18436
85340 18386
85324 18369
85275 18317
85242 18282
85192 18229
85175 18211
85140 18174
85122 18155
85085 18116
85066 18096
85027 18055
85007 18034
84966 17991
84945 17969
84902 17924
84880 17901
84835 17854
84812 17830
84765 17781
84741 17756
84692 17705
84667 17679
84616 17626
84590 17599
84563 17571
84535 17542
84506 17512
84476 17481
84445 17449
84413 17416
84380 17382
84346 17347
84311 17311
84275 17274
84238 17236
84200 17197
84161 17157
84121 17116
84080 17074
84038 17031
83995 16987
83951 16942
83906 16896
83860 16849
83813 16801
83765 16752
83716 16702
83666 16651
83615 16599
83563 16546
83510 16492
83509 16491
83455 16438
83402 16386
83350 16335
83299 16285
83249 16236
83200 16188
83152 16141
83105 16095
83059 16050
83014 16006
82970 15963
82927 15921
82885 15880
82844 15840
82804 15801
82765 15763
82727 15726
82690 15690
82654 15655
82619 15621
82585 15588
82552 15556
82520 15525
82489 15495
82459 15466
82430 15438
82402 15411
82375 15385
82322 15334
82296 15309
82245 15260
82220 15236
82171 15189
82147 15166
82100 15121
82077 15099
82032 15056
82010 15035
81967 14994
81946 14974
81905 14935
81885 14916
81846 14879
81827 14861
81790 14826
81772 14809
81719 14759
81684 14726
81632 14677
81615 14661
81565 14614
81532 14583
81483 14537
81467 14522
81420 14478
81389 14449
81343 14406
81328 14392
81284 14351
81255 14324
81212 14284
81198 14271
81157 14233
81130 14208
81090 14171
81037 14122
81024 14110
80973 14063
80935 14028
80910 14005
80873 13971
80824 13926
80812 13915
80765 13872
80730 13840
80707 13819
80673 13788
80628 13747
80617 13737
80563 13688
80520 13649
80488 13620
80435 13572
80414 13553
80362 13506
80331 13478
80290 13441
80239 13395
80229 13386
80180 13342
80141 13307
80112 13281
80064 13238
80045 13221
79998 13179
79970 13154
79933 13121
79887 13080
79878 13072
79825 13025
79781 12986
79746 12955
79720 12932
79677 12894
79660 12879
79618 12842
79593 12820
79560 12791
79519 12755
79470 12712
79462 12705
79415 12664
79376 12630
79345 12603
79291 12556
79268 12536
79230 12503
79177 12457
79162 12444
79110 12399
79073 12367
79051 12348
79000 12304
78971 12279
78935 12248
78892 12211
78842 12168
78835 12162
78787 12121
78746 12086
78712 12057
78685 12034
78638 11994
78618 11977
78565 11932
78532 11904
78486 11865
78473 11854
78428 11816
78396 11789
78345 11746
78326 11730
78282 11693
78257 11672
78226 11646
78189 11615
78146 11579
78097 11538
78091 11533
78038 11489
77991 11450
77950 11416
77915 11387
77886 11363
77834 11320
77811 11301
77771 11268
77754 11254
77709 11217
77681 11194
77642 11162
77592 11121
77581 11112
77532 11072
77494 11041
77467 11019
77424 10984
77408 10971
77355 10928
77318 10898
77297 10881
77250 10843
77224 10822
77193 10797
77157 10768
77116 10735
77070 10698
77019 10657
77014 10653
76960 10610
76911 10571
76867 10536
76828 10505
76794 10478
76765 10455
76712 10413
76688 10394
76645 10360
76626 10345
76574 10304
76541 10278
76494 10241
76480 10230
76429 10190
76392 10161
76369 10143
76337 10118
76296 10086
76246 10047
76237 10040
76188 10002
76148 9971
76117 9947
76064 9906
76042 9889
76007 9862
75959 9825
75946 9815
75903 9782
75873 9759
75826 9723
75809 9710
75771 9681
75750 9665
75704 9630
75679 9611
75625 9570
75596 9548
75563 9523
75526 9495
75485 9464
75440 9430
75391 9393
75338 9353
75334 9350
75283 9312
75236 9277
75193 9245
75154 9216
75119 9190
75088 9167
75061 9147
75011 9110
74988 9093
74946 9062
74927 9048
74874 9009
74840 8984
74791 8948
74776 8937
74735 8907
74709 8888
74672 8861
74624 8826
74613 8818
74562 8781
74522 8752
74493 8731
74446 8697
74428 8684
74385 8653
74360 8635
74328 8612
74289 8584
74243 8551
74190 8513
74183 8508
74131 8471
74086 8439
74048 8412
74017 8390
73993 8373
73952 8344
73935 8332
73891 8301
73864 8282
73827 8256
73780 8223
73770 8216
73717 8179
73674 8149
73641 8126
73618 8110
73582 8085
73533 8051
73520 8042
73478 8013
73449 7993
73404 7962
73388 7951
73337 7916
73302 7892
73248 7855
73229 7842
73188 7814
73166 7799
73119 7767
73094 7750
73041 7714
73013 7695
72982 7674
72948 7651
72911 7626
72871 7599
72828 7570
72782 7539
72733 7506
72681 7471
72678 7469
72625 7434
72575 7401
72528 7370
72484 7341
72443 7314
72405 7289
72370 7266
72338 7245
72309 7226
72283 7209
72234 7177
72211 7162
72168 7134
72148 7121
72111 7097
72057 7062
72040 7051
71992 7020
71961 7000
71916 6971
71902 6962
71849 6928
71810 6903
71785 6887
71749 6864
71702 6834
71691 6827
71639 6794
71598 6768
71568 6749
71519 6718
71500 6706
71454 6677
71427 6660
71392 6638
71349 6611
71298 6579
71290 6574
71237 6541
71192 6513
71155 6490
71126 6472
71076 6441
71055 6428
71021 6407
70974 6378
70961 6370
70917 6343
70886 6324
70837 6294
70819 6283
70778 6258
70755 6244
70704 6213
70676 6196
70643 6176
70605 6153
70562 6127
70514 6098
70461 6066
70456 6063
70404 6032
70357 6004
70315 5979
70278 5957
70246 5938
70219 5922
70170 5893
70148 5880
70109 5857
70092 5847
70046 5820
70017 5803
69976 5779
69923 5748
69911 5741
69868 5716
69837 5698
69787 5669
69768 5658
69723 5632
69697 5617
69664 5598
69624 5575
69577 5548
69523 5517
69516 5513
69465 5484
69421 5459
69384 5438
69354 5421
69301 5391
69278 5378
69239 5356
69223 5347
69182 5324
69157 5310
69123 5291
69080 5267
69028 5238
69019 5233
68972 5207
68934 5186
68905 5170
68856 5143
68836 5132
68785 5104
68754 5087
68712 5064
68659 5035
68648 5029
68602 5004
68567 4985
68543 4972
68506 4952
68456 4925
68443 4918
68389 4889
68348 4867
68320 4852
68277 4829
68262 4821
68215 4796
68183 4779
68134 4753
68117 4744
68064 4716
68028 4697
68009 4687
67969 4666
67948 4655
67904 4632
67881 4620
67833 4595
67808 4582
67756 4555
67729 4541
67700 4526
67669 4510
67636 4493
67601 4475
67564 4456
67525 4436
67484 4415
67441 4393
67396 4370
67349 4346
67300 4321
67249 4295
67196 4268
67194 4267
67141 4241
67090 4216
67041 4192
66994 4169
66949 4147
66906 4126
66865 4106
66826 4087
66789 4069
66754 4052
66721 4036
66690 4021
66661 4007
66634 3994
66582 3969
66557 3957
66509 3934
66486 3923
66442 3902
66421 3892
66381 3873
66362 3864
66326 3847
66273 3822
66256 3814
66207 3791
66175 3776
66128 3754
66113 3747
66070 3727
66042 3714
66001 3695
65947 3670
65934 3664
65884 3641
65847 3624
65823 3613
65788 3597
65742 3576
65731 3571
65678 3547
65636 3528
65605 3514
65554 3491
65534 3482
65485 3460
65456 3447
65418 3430
65371 3409
65362 3405
65310 3382
65267 3363
65233 3348
65208 3337
65167 3319
65151 3312
65112 3295
65089 3285
65036 3262
65006 3249
64969 3233
64925 3214
64874 3192
64867 3189
64813 3166
64766 3146
64726 3129
64693 3115
64667 3104
64622 3085
64603 3077
64553 3056
64522 3043
64479 3025
64467 3020
64414 2998
64373 2981
64344 2969
64298 2950
64281 2943
64242 2927
64220 2918
64171 2898
64144 2887
64112 2874
64075 2859
64033 2842
63986 2823
63934 2802
63929 2800
63876 2779
63828 2760
63785 2743
63747 2728
63714 2715
63686 2704
63635 2684
63612 2675
63571 2659
63553 2652
63504 2633
63473 2621
63429 2604
63416 2599
63369 2581
63335 2568
63280 2547
63259 2539
63209 2520
63180 2509
63143 2495
63098 2478
63045 2458
63037 2455
62986 2436
62943 2420
62908 2407
62881 2397
62835 2380
62816 2373
62767 2355
62737 2344
62696 2329
62644 2310
62633 2306
62586 2289
62550 2276
62525 2267
62486 2253
62433 2234
62419 2229
62374 2213
62343 2202
62295 2185
62278 2179
62224 2160
62187 2147
62167 2140
62124 2125
62101 2117
62052 2100
62026 2091
61971 2072
61942 2062
61910 2051
61875 2039
61837 2026
61796 2012
61752 1997
61705 1981
61655 1964
61602 1946
61599 1945
61544 1927
61492 1910
61443 1894
61397 1879
61354 1865
61314 1852
61277 1840
61243 1829
61212 1819
61184 1810
61131 1793
61106 1785
61059 1770
61037 1763
60996 1750
60977 1744
60923 1727
60888 1716
60837 1700
60821 1695
60776 1681
60747 1672
60705 1659
60650 1642
60637 1638
60588 1623
60552 1612
60529 1605
60496 1595
60453 1582
60400 1566
60390 1563
60343 1549
60306 1538
60279 1530
60235 1517
60218 1512
60177 1500
60153 1493
60098 1477
60067 1468
60029 1457
59984 1444
59932 1429
59925 1427
59872 1412
59826 1399
59787 1388
59755 1379
59730 1372
59687 1360
59669 1355
59622 1342
59593 1334
59553 1323
59502 1309
59491 1306
59443 1293
59406 1283
59380 1276
59339 1265
59324 1261
59275 1248
59241 1239
59188 1225
59169 1220
59127 1209
59104 1203
59054 1190
59027 1183
58996 1175
58961 1166
58922 1156
58879 1145
58832 1133
58781 1120
58726 1106
58722 1105
58669 1092
58620 1080
58575 1069
58534 1059
58497 1050
58464 1042
58435 1035
58381 1022
58356 1016
58310 1005
58289 1000
58251 991
58196 978
58179 974
58132 963
58102 956
58059 946
58046 943
57998 932
57963 924
57941 919
57888 907
57857 900
57817 891
57768 880
57759 878
57709 867
57668 858
57636 851
57581 839
57558 834
57521 826
57470 815
57456 812
57409 802
57376 795
57324 784
57305 780
57262 771
57238 766
57185 755
57156 749
57122 742
57083 734
57039 725
56990 715
56936 704
56931 703
56880 693
56834 684
56793 676
56757 669
56726 663
56700 658
56653 649
56632 645
56595 638
56542 628
56526 625
56483 617
56456 612
56418 605
56369 596
56358 594
56308 585
56269 578
56241 573
56196 565
56179 562
56139 555
56116 551
56064 542
56035 537
56000 531
55959 524
55912 516
55859 507
55853 506
55798 497
55749 489
55706 482
55669 476
55638 471
55613 467
55569 460
55550 457
55499 449
55467 444
55422 437
55409 435
55363 428
55330 423
55277 415
55257 412
55210 405
55183 401
55149 396
55108 390
55060 383
55005 375
54998 374
54948 367
54905 361
54869 356
54840 352
54789 345
54767 342
54730 337
54678 330
54663 328
54610 321
54572 316
54549 313
54495 306
54464 302
54425 297
54378 291
54323 284
54315 283
54266 277
54225 272
54192 268
54167 265
54125 260
54108 258
54065 253
54039 250
54004 246
53960 241
53907 235
53898 234
53843 228
53797 223
53760 219
53732 216
53685 211
53666 209
53618 204
53589 201
53550 197
53501 192
53491 191
53440 186
53399 182
53368 179
53316 174
53295 172
53242 167
53210 164
53167 160
53113 155
53102 154
53057 150
53023 147
53000 145
52965 142
52918 138
52906 137
52857 133
52820 130
52795 128
52757 125
52706 121
52693 120
52640 116
52600 113
52573 111
52532 108
52477 104
52463 103
52420 100
52391 98
52347 95
52332 94
52286 91
52255 89
52208 86
52192 85
52143 82
52110 80
52060 77
52043 76
51991 73
51956 71
51903 68
51885 67
51830 64
51793 62
51774 61
51735 59
51715 58
51674 56
51653 55
51610 53
51588 52
51543 50
51520 49
51473 47
51449 46
51400 44
51375 43
51324 41
51298 40
51245 38
51218 37
51163 35
51135 34
51106 33
51076 32
51045 31
51013 30
50980 29
50946 28
50911 27
50875 26
50838 25
50800 24
50761 23
50721 22
50680 21
50638 20
50595 19
50551 18
50506 17
50460 16
50413 15
50365 14
50316 13
50266 12
50215 11
50163 10
50110 9
50056 8
50001 7
50000 7
49945 8
49891 9
49838 10
49786 11
49735 12
49685 13
49636 14
49588 15
49541 16
49495 17
49450 18
49406 19
49363 20
49321 21
49280 22
49240 23
49201 24
49163 25
49126 26
49090 27
49055 28
49021 29
48988 30
48956 31
48925 32
48895 33
48866 34
48838 35
48783 37
48756 38
48703 40
48677 41
48626 43
48601 44
48552 46
48528 47
48481 49
48458 50
48413 52
48391 53
48348 55
48327 56
48286 58
48266 59
48227 61
48208 62
48171 64
48116 67
48098 68
48045 71
48010 73
47958 76
47941 77
47891 80
47858 82
47809 85
47793 86
47746 89
47715 91
47669 94
47654 95
47610 98
47581 100
47538 103
47524 104
47469 108
47428 111
47401 113
47361 116
47308 120
47295 121
47244 125
47206 128
47181 130
47144 133
47095 137
47083 138
47036 142
47001 145
46978 147
46944 150
46899 154
46888 155
46834 160
46791 164
46759 167
46706 172
46685 174
46633 179
46602 182
46561 186
46510 191
46500 192
46451 197
46412 201
46383 204
46335 209
46316 211
46269 216
46241 219
46204 223
46158 228
46103 234
46094 235
46041 241
45997 246
45962 250
45936 253
45893 258
45876 260
45834 265
45809 268
45776 272
45735 277
45686 283
45678 284
45623 291
45576 297
45537 302
45506 306
45452 313
45429 316
45391 321
45338 328
45323 330
45271 337
45234 342
45212 345
45161 352
45132 356
45096 361
45053 367
45003 374
44996 375
44941 383
44893 390
44852 396
44818 401
44791 405
44744 412
44724 415
44671 423
44638 428
44592 435
44579 437
44534 444
44502 449
44451 457
44432 460
44388 467
44363 471
44332 476
44295 482
44252 489
44203 497
44148 506
44142 507
44089 516
44042 524
44001 531
43966 537
43937 542
43885 551
43862 555
43822 562
43805 565
43760 573
43732 578
43693 585
43643 594
43632 596
43583 605
43545 612
43518 617
43475 625
43459 628
43406 638
43369 645
43348 649
43301 658
43275 663
43244 669
43208 676
43167 684
43121 693
43070 703
43065 704
43011 715
42962 725
42918 734
42879 742
42845 749
42816 755
42763 766
42739 771
42696 780
42677 784
42625 795
42592 802
42545 812
42531 815
42480 826
42443 834
42420 839
42365 851
42333 858
42292 867
42242 878
42233 880
42184 891
42144 900
42113 907
42060 919
42038 924
42003 932
41955 943
41942 946
41899 956
41869 963
41822 974
41805 978
41750 991
41712 1000
41691 1005
41645 1016
41620 1022
41566 1035
41537 1042
41504 1050
41467 1059
41426 1069
41381 1080
41332 1092
41279 1105
41275 1106
41220 1120
41169 1133
41122 1145
41079 1156
41040 1166
41005 1175
40974 1183
40947 1190
40897 1203
40874 1209
40832 1220
40813 1225
40760 1239
40726 1248
40677 1261
40662 1265
40621 1276
40595 1283
40558 1293
40510 1306
40499 1309
40448 1323
40408 1334
40379 1342
40332 1355
40314 1360
40271 1372
40246 1379
40214 1388
40175 1399
40129 1412
40076 1427
40069 1429
40017 1444
39972 1457
39934 1468
39903 1477
39848 1493
39824 1500
39783 1512
39766 1517
39722 1530
39695 1538
39658 1549
39611 1563
39601 1566
39548 1582
39505 1595
39472 1605
39449 1612
39413 1623
39364 1638
39351 1642
39296 1659
39254 1672
39225 1681
39180 1695
39164 1700
39113 1716
39078 1727
39024 1744
39005 1750
38964 1763
38942 1770
38895 1785
38870 1793
38817 1810
38789 1819
38758 1829
38724 1840
38687 1852
38647 1865
38604 1879
38558 1894
38509 1910
38457 1927
38402 1945
38399 1946
38346 1964
38296 1981
38249 1997
38205 2012
38164 2026
38126 2039
38091 2051
38059 2062
38030 2072
37975 2091
37949 2100
37900 2117
37877 2125
37834 2140
37814 2147
37777 2160
37723 2179
37706 2185
37658 2202
37627 2213
37582 2229
37568 2234
37515 2253
37476 2267
37451 2276
37415 2289
37368 2306
37357 2310
37305 2329
37264 2344
37234 2355
37185 2373
37166 2380
37120 2397
37093 2407
37058 2420
37015 2436
36964 2455
36956 2458
36903 2478
36858 2495
36821 2509
36792 2520
36742 2539
36721 2547
36666 2568
36632 2581
36585 2599
36572 2604
36528 2621
36497 2633
36448 2652
36430 2659
36389 2675
36366 2684
36315 2704
36287 2715
36254 2728
36216 2743
36173 2760
36125 2779
36072 2800
36067 2802
36015 2823
35968 2842
35926 2859
35889 2874
35857 2887
35830 2898
35781 2918
35759 2927
35720 2943
35703 2950
35657 2969
35628 2981
35587 2998
35534 3020
35522 3025
35479 3043
35448 3056
35398 3077
35379 3085
35334 3104
35308 3115
35275 3129
35235 3146
35188 3166
35134 3189
35127 3192
35076 3214
35032 3233
34995 3249
34965 3262
34912 3285
34889 3295
34850 3312
34834 3319
34793 3337
34768 3348
34734 3363
34691 3382
34639 3405
34630 3409
34583 3430
34545 3447
34516 3460
34467 3482
34447 3491
34396 3514
34365 3528
34323 3547
34270 3571
34259 3576
34213 3597
34178 3613
34154 3624
34117 3641
34067 3664
34054 3670
34000 3695
33959 3714
33931 3727
33888 3747
33873 3754
33826 3776
33794 3791
33745 3814
33728 3822
33675 3847
33639 3864
33620 3873
33580 3892
33559 3902
33515 3923
33492 3934
33444 3957
33419 3969
33367 3994
33340 4007
33311 4021
33280 4036
33247 4052
33212 4069
33175 4087
33136 4106
33095 4126
33052 4147
33007 4169
32960 4192
32911 4216
32860 4241
32807 4267
32805 4268
32752 4295
32701 4321
32652 4346
32605 4370
32560 4393
32517 4415
32476 4436
32437 4456
32400 4475
32365 4493
32332 4510
32301 4526
32272 4541
32245 4555
32193 4582
32168 4595
32120 4620
32097 4632
32053 4655
32032 4666
31992 4687
31973 4697
31937 4716
31884 4744
31867 4753
31818 4779
31786 4796
31739 4821
31724 4829
31681 4852
31653 4867
31612 4889
31558 4918
31545 4925
31495 4952
31458 4972
31434 4985
31399 5004
31353 5029
31342 5035
31289 5064
31247 5087
31216 5104
31165 5132
31145 5143
31096 5170
31067 5186
31029 5207
30982 5233
30973 5238
30921 5267
30878 5291
30844 5310
30819 5324
30778 5347
30762 5356
30723 5378
30700 5391
30647 5421
30617 5438
30580 5459
30536 5484
30485 5513
30478 5517
30424 5548
30377 5575
30337 5598
30304 5617
30278 5632
30233 5658
30214 5669
30164 5698
30133 5716
30090 5741
30078 5748
30025 5779
29984 5803
29955 5820
29909 5847
29892 5857
29853 5880
29831 5893
29782 5922
29755 5938
29723 5957
29686 5979
29644 6004
29597 6032
29545 6063
29540 6066
29487 6098
29439 6127
29396 6153
29358 6176
29325 6196
29297 6213
29246 6244
29223 6258
29182 6283
29164 6294
29115 6324
29084 6343
29040 6370
29027 6378
28980 6407
28946 6428
28925 6441
28875 6472
28846 6490
28809 6513
28764 6541
28711 6574
28703 6579
28652 6611
28609 6638
28574 6660
28547 6677
28501 6706
28482 6718
28433 6749
28403 6768
28362 6794
28310 6827
28299 6834
28252 6864
28216 6887
28191 6903
28152 6928
28099 6962
28085 6971
28040 7000
28009 7020
27961 7051
27944 7062
27890 7097
27853 7121
27833 7134
27790 7162
27767 7177
27718 7209
27692 7226
27663 7245
27631 7266
27596 7289
27558 7314
27517 7341
27473 7370
27426 7401
27376 7434
27323 7469
27320 7471
27268 7506
27219 7539
27173 7570
27130 7599
27090 7626
27053 7651
27019 7674
26988 7695
26960 7714
26907 7750
26882 7767
26835 7799
26813 7814
26772 7842
26753 7855
26699 7892
26664 7916
26613 7951
26597 7962
26552 7993
26523 8013
26481 8042
26468 8051
26419 8085
26383 8110
26360 8126
26327 8149
26284 8179
26231 8216
26221 8223
26174 8256
26137 8282
26110 8301
26066 8332
26049 8344
26008 8373
25984 8390
25953 8412
25915 8439
25870 8471
25818 8508
25811 8513
25758 8551
25712 8584
25673 8612
25641 8635
25616 8653
25573 8684
25555 8697
25508 8731
25479 8752
25439 8781
25388 8818
25377 8826
25329 8861
25292 8888
25266 8907
25225 8937
25210 8948
25161 8984
25127 9009
25074 9048
25055 9062
25013 9093
24990 9110
24940 9147
24913 9167
24882 9190
24847 9216
24808 9245
24765 9277
24718 9312
24667 9350
24663 9353
24610 9393
24561 9430
24516 9464
24475 9495
24438 9523
24405 9548
24376 9570
24322 9611
24297 9630
24251 9665
24230 9681
24192 9710
24175 9723
24128 9759
24098 9782
24055 9815
24042 9825
23994 9862
23959 9889
23937 9906
23884 9947
23853 9971
23813 10002
23764 10040
23755 10047
23705 10086
23664 10118
23632 10143
23609 10161
23572 10190
23521 10230
23507 10241
23460 10278
23427 10304
23375 10345
23356 10360
23313 10394
23289 10413
23236 10455
23207 10478
23173 10505
23134 10536
23090 10571
23041 10610
22987 10653
22982 10657
22931 10698
22885 10735
22844 10768
22808 10797
22777 10822
22751 10843
22704 10881
22683 10898
22646 10928
22593 10971
22577 10984
22534 11019
22507 11041
22469 11072
22420 11112
22409 11121
22359 11162
22320 11194
22292 11217
22247 11254
22230 11268
22190 11301
22167 11320
22115 11363
22086 11387
22051 11416
22010 11450
21963 11489
21910 11533
21904 11538
21855 11579
21812 11615
21775 11646
21744 11672
21719 11693
21675 11730
21656 11746
21605 11789
21573 11816
21528 11854
21515 11865
21469 11904
21436 11932
21383 11977
21363 11994
21316 12034
21289 12057
21255 12086
21214 12121
21166 12162
21159 12168
21109 12211
21066 12248
21030 12279
21001 12304
20950 12348
20928 12367
20891 12399
20839 12444
20824 12457
20771 12503
20733 12536
20710 12556
20656 12603
20625 12630
20586 12664
20539 12705
20531 12712
20482 12755
20441 12791
20408 12820
20383 12842
20341 12879
20324 12894
20281 12932
20255 12955
20220 12986
20176 13025
20123 13072
20114 13080
20068 13121
20031 13154
20003 13179
19956 13221
19937 13238
19889 13281
19860 13307
19821 13342
19772 13386
19762 13395
19711 13441
19670 13478
19639 13506
19587 13553
19566 13572
19513 13620
19481 13649
19438 13688
19384 13737
19373 13747
19328 13788
19294 13819
19271 13840
19236 13872
19189 13915
19177 13926
19128 13971
19091 14005
19066 14028
19028 14063
18977 14110
18964 14122
18911 14171
18871 14208
18844 14233
18803 14271
18789 14284
18746 14324
18717 14351
18673 14392
18658 14406
18612 14449
18581 14478
18534 14522
18518 14537
18469 14583
18436 14614
18386 14661
18369 14677
18317 14726
18282 14759
18229 14809
18211 14826
18174 14861
18155 14879
18116 14916
18096 14935
18055 14974
18034 14994
17991 15035
17969 15056
17924 15099
17901 15121
17854 15166
17830 15189
17781 15236
17756 15260
17705 15309
17679 15334
17626 15385
17599 15411
17571 15438
17542 15466
17512 15495
17481 15525
17449 15556
17416 15588
17382 15621
17347 15655
17311 15690
17274 15726
17236 15763
17197 15801
17157 15840
17116 15880
17074 15921
17031 15963
16987 16006
16942 16050
16896 16095
16849 16141
16801 16188
16752 16236
16702 16285
16651 16335
16599 16386
16546 16438
16492 16491
16491 16492
16438 16546
16386 16599
16335 16651
16285 16702
16236 16752
16188 16801
16141 16849
16095 16896
16050 16942
16006 16987
15963 17031
15921 17074
15880 17116
15840 17157
15801 17197
15763 17236
15726 17274
15690 17311
15655 17347
15621 17382
15588 17416
15556 17449
15525 17481
15495 17512
15466 17542
15438 17571
15411 17599
15385 17626
15334 17679
15309 17705
15260 17756
15236 17781
15189 17830
15166 17854
15121 17901
15099 17924
15056 17969
15035 17991
14994 18034
14974 18055
14935 18096
14916 18116
14879 18155
14861 18174
14826 18211
14809 18229
14759 18282
14726 18317
14677 18369
14661 18386
14614 18436
14583 18469
14537 18518
14522 18534
14478 18581
14449 18612
14406 18658
14392 18673
14351 18717
14324 18746
14284 18789
14271 18803
14233 18844
14208 18871
14171 18911
14122 18964
14110 18977
14063 19028
14028 19066
14005 19091
13971 19128
13926 19177
13915 19189
13872 19236
13840 19271
13819 19294
13788 19328
13747 19373
13737 19384
13688 19438
13649 19481
13620 19513
13572 19566
13553 19587
13506 19639
13478 19670
13441 19711
13395 19762
13386 19772
13342 19821
13307 19860
13281 19889
13238 19937
13221 19956
13179 20003
13154 20031
13121 20068
13080 20114
13072 20123
13025 20176
12986 20220
12955 20255
12932 20281
12894 20324
12879 20341
12842 20383
12820 20408
12791 20441
12755 20482
12712 20531
12705 20539
12664 20586
12630 20625
12603 20656
12556 20710
12536 20733
12503 20771
12457 20824
12444 20839
12399 20891
12367 20928
12348 20950
12304 21001
12279 21030
12248 21066
12211 21109
12168 21159
12162 21166
12121 21214
12086 21255
12057 21289
12034 21316
11994 21363
11977 21383
11932 21436
11904 21469
11865 21515
11854 21528
11816 21573
11789 21605
11746 21656
11730 21675
11693 21719
11672 21744
11646 21775
11615 21812
11579 21855
11538 21904
11533 21910
11489 21963
11450 22010
11416 22051
11387 22086
11363 22115
11320 22167
11301 22190
11268 22230
11254 22247
11217 22292
11194 22320
11162 22359
11121 22409
11112 22420
11072 22469
11041 22507
11019 22534
10984 22577
10971 22593
10928 22646
10898 22683
10881 22704
10843 22751
10822 22777
10797 22808
10768 22844
10735 22885
10698 22931
10657 22982
10653 22987
10610 23041
10571 23090
10536 23134
10505 23173
10478 23207
10455 23236
10413 23289
10394 23313
10360 23356
10345 23375
10304 23427
10278 23460
10241 23507
10230 23521
10190 23572
10161 23609
10143 23632
10118 23664
10086 23705
10047 23755
10040 23764
10002 23813
9971 23853
9947 23884
9906 23937
9889 23959
9862 23994
9825 24042
9815 24055
9782 24098
9759 24128
9723 24175
9710 24192
9681 24230
9665 24251
9630 24297
9611 24322
9570 24376
9548 24405
9523 24438
9495 24475
9464 24516
9430 24561
9393 24610
9353 24663
9350 24667
9312 24718
9277 24765
9245 24808
9216 24847
9190 24882
9167 24913
9147 24940
9110 24990
9093 25013
9062 25055
9048 25074
9009 25127
8984 25161
8948 25210
8937 25225
8907 25266
8888 25292
8861 25329
8826 25377
8818 25388
8781 25439
8752 25479
8731 25508
8697 25555
8684 25573
8653 25616
8635 25641
8612 25673
8584 25712
8551 25758
8513 25811
8508 25818
8471 25870
8439 25915
8412 25953
8390 25984
8373 26008
8344 26049
8332 26066
8301 26110
8282 26137
8256 26174
8223 26221
8216 26231
8179 26284
8149 26327
8126 26360
8110 26383
8085 26419
8051 26468
8042 26481
8013 26523
7993 26552
7962 26597
7951 26613
7916 26664
7892 26699
7855 26753
7842 26772
7814 26813
7799 26835
7767 26882
7750 26907
7714 26960
7695 26988
7674 27019
7651 27053
7626 27090
7599 27130
7570 27173
7539 27219
7506 27268
7471 27320
7469 27323
7434 27376
7401 27426
7370 27473
7341 27517
7314 27558
7289 27596
7266 27631
7245 27663
7226 27692
7209 27718
7177 27767
7162 27790
7134 27833
7121 27853
7097 27890
7062 27944
7051 27961
7020 28009
7000 28040
6971 28085
6962 28099
6928 28152
6903 28191
6887 28216
6864 28252
6834 28299
6827 28310
6794 28362
6768 28403
6749 28433
6718 28482
6706 28501
6677 28547
6660 28574
6638 28609
6611 28652
6579 28703
6574 28711
6541 28764
6513 28809
6490 28846
6472 28875
6441 28925
6428 28946
6407 28980
6378 29027
6370 29040
6343 29084
6324 29115
6294 29164
6283 29182
6258 29223
6244 29246
6213 29297
6196 29325
6176 29358
6153 29396
6127 29439
6098 29487
6066 29540
6063 29545
6032 29597
6004 29644
5979 29686
5957 29723
5938 29755
5922 29782
5893 29831
5880 29853
5857 29892
5847 29909
5820 29955
5803 29984
5779 30025
5748 30078
5741 30090
5716 30133
5698 30164
5669 30214
5658 30233
5632 30278
5617 30304
5598 30337
5575 30377
5548 30424
5517 30478
5513 30485
5484 30536
5459 30580
5438 30617
5421 30647
5391 30700
5378 30723
5356 30762
5347 30778
5324 30819
5310 30844
5291 30878
5267 30921
5238 30973
5233 30982
5207 31029
5186 31067
5170 31096
5143 31145
5132 31165
5104 31216
5087 31247
5064 31289
5035 31342
5029 31353
5004 31399
4985 31434
4972 31458
4952 31495
4925 31545
4918 31558
4889 31612
4867 31653
4852 31681
4829 31724
4821 31739
4796 31786
4779 31818
4753 31867
4744 31884
4716 31937
4697 31973
4687 31992
4666 32032
4655 32053
4632 32097
4620 32120
4595 32168
4582 32193
4555 32245
4541 32272
4526 32301
4510 32332
4493 32365
4475 32400
4456 32437
4436 32476
4415 32517
4393 32560
4370 32605
4346 32652
4321 32701
4295 32752
4268 32805
4267 32807
4241 32860
4216 32911
4192 32960
4169 33007
4147 33052
4126 33095
4106 33136
4087 33175
4069 33212
4052 33247
4036 33280
4021 33311
4007 33340
3994 33367
3969 33419
3957 33444
3934 33492
3923 33515
3902 33559
3892 33580
3873 33620
3864 33639
3847 33675
3822 33728
3814 33745
3791 33794
3776 33826
3754 33873
3747 33888
3727 33931
3714 33959
3695 34000
3670 34054
3664 34067
3641 34117
3624 34154
3613 34178
3597 34213
3576 34259
3571 34270
3547 34323
3528 34365
3514 34396
3491 34447
3482 34467
3460 34516
3447 34545
3430 34583
3409 34630
3405 34639
3382 34691
3363 34734
3348 34768
3337 34793
3319 34834
3312 34850
3295 34889
3285 34912
3262 34965
3249 34995
3233 35032
3214 35076
3192 35127
3189 35134
3166 35188
3146 35235
3129 35275
3115 35308
3104 35334
3085 35379
3077 35398
3056 35448
3043 35479
3025 35522
3020 35534
2998 35587
2981 35628
2969 35657
2950 35703
2943 35720
2927 35759
2918 35781
2898 35830
2887 35857
2874 35889
2859 35926
2842 35968
2823 36015
2802 36067
2800 36072
2779 36125
2760 36173
2743 36216
2728 36254
2715 36287
2704 36315
2684 36366
2675 36389
2659 36430
2652 36448
2633 36497
2621 36528
2604 36572
2599 36585
2581 36632
2568 36666
2547 36721
2539 36742
2520 36792
2509 36821
2495 36858
2478 36903
2458 36956
2455 36964
2436 37015
2420 37058
2407 37093
2397 37120
2380 37166
2373 37185
2355 37234
2344 37264
2329 37305
2310 37357
2306 37368
2289 37415
2276 37451
2267 37476
2253 37515
2234 37568
2229 37582
2213 37627
2202 37658
2185 37706
2179 37723
2160 37777
2147 37814
2140 37834
2125 37877
2117 37900
2100 37949
2091 37975
2072 38030
2062 38059
2051 38091
2039 38126
2026 38164
2012 38205
1997 38249
1981 38296
1964 38346
1946 38399
1945 38402
1927 38457
1910 38509
1894 38558
1879 38604
1865 38647
1852 38687
1840 38724
1829 38758
1819 38789
1810 38817
1793 38870
1785 38895
1770 38942
1763 38964
1750 39005
1744 39024
1727 39078
1716 39113
1700 39164
1695 39180
1681 39225
1672 39254
1659 39296
1642 39351
1638 39364
1623 39413
1612 39449
1605 39472
1595 39505
1582 39548
1566 39601
1563 39611
1549 39658
1538 39695
1530 39722
1517 39766
1512 39783
1500 39824
1493 39848
1477 39903
1468 39934
1457 39972
1444 40017
1429 40069
1427 40076
1412 40129
1399 40175
1388 40214
1379 40246
1372 40271
1360 40314
1355 40332
1342 40379
1334 40408
1323 40448
1309 40499
1306 40510
1293 40558
1283 40595
1276 40621
1265 40662
1261 40677
1248 40726
1239 40760
1225 40813
1220 40832
1209 40874
1203 40897
1190 40947
1183 40974
1175 41005
1166 41040
1156 41079
1145 41122
1133 41169
1120 41220
1106 41275
1105 41279
1092 41332
1080 41381
1069 41426
1059 41467
1050 41504
1042 41537
1035 41566
1022 41620
1016 41645
1005 41691
1000 41712
991 41750
978 41805
974 41822
963 41869
956 41899
946 41942
943 41955
932 42003
924 42038
919 42060
907 42113
900 42144
891 42184
880 42233
878 42242
867 42292
858 42333
851 42365
839 42420
834 42443
826 42480
815 42531
812 42545
802 42592
795 42625
784 42677
780 42696
771 42739
766 42763
755 42816
749 42845
742 42879
734 42918
725 42962
715 43011
704 43065
703 43070
693 43121
684 43167
676 43208
669 43244
663 43275
658 43301
649 43348
645 43369
638 43406
628 43459
625 43475
617 43518
612 43545
605 43583
596 43632
594 43643
585 43693
578 43732
573 43760
565 43805
562 43822
555 43862
551 43885
542 43937
537 43966
531 44001
524 44042
516 44089
507 44142
506 44148
497 44203
489 44252
482 44295
476 44332
471 44363
467 44388
460 44432
457 44451
449 44502
444 44534
437 44579
435 44592
428 44638
423 44671
415 44724
412 44744
405 44791
401 44818
396 44852
390 44893
383 44941
375 44996
374 45003
367 45053
361 45096
356 45132
352 45161
345 45212
342 45234
337 45271
330 45323
328 45338
321 45391
316 45429
313 45452
306 45506
302 45537
297 45576
291 45623
284 45678
283 45686
277 45735
272 45776
268 45809
265 45834
260 45876
258 45893
253 45936
250 45962
246 45997
241 46041
235 46094
234 46103
228 46158
223 46204
219 46241
216 46269
211 46316
209 46335
204 46383
201 46412
197 46451
192 46500
191 46510
186 46561
182 46602
179 46633
174 46685
172 46706
167 46759
164 46791
160 46834
155 46888
154 46899
150 46944
147 46978
145 47001
142 47036
138 47083
137 47095
133 47144
130 47181
128 47206
125 47244
121 47295
120 47308
116 47361
113 47401
111 47428
108 47469
104 47524
103 47538
100 47581
98 47610
95 47654
94 47669
91 47715
89 47746
86 47793
85 47809
82 47858
80 47891
77 47941
76 47958
73 48010
71 48045
68 48098
67 48116
64 48171
62 48208
61 48227
59 48266
58 48286
56 48327
55 48348
53 48391
52 48413
50 48458
49 48481
47 48528
46 48552
44 48601
43 48626
41 48677
40 48703
38 48756
37 48783
35 48838
34 48866
33 48895
32 48925
31 48956
30 48988
29 49021
28 49055
27 49090
26 49126
25 49163
24 49201
23 49240
22 49280
21 49321
20 49363
19 49406
18 49450
17 49495
16 49541
15 49588
14 49636
13 49685
12 49735
11 49786
10 49838
9 49891
8 49945
