1000
2600927 1831555
2984114 2324333
2787576 1961497
2689538 1755826
3028761 2094323
3008306 1946570
2887360 1607548
2631170 1248827
2470347 1030200
2599775 976740
2355502 478504
3115957 1757729
3013991 1652055
3820728 3275946
3463130 2975465
2475784 1734142
1806440 809618
1228787 158466
889070 104779
799079 526627
2612358 2419423
2595148 2333675
1408246 945787
2005869 1566672
1305034 425106
2304152 1926691
2853806 2531993
3030024 2792903
4023448 3880519
4390165 4398807
3136341 2943019
4581770 4693363
3955885 4240676
2719481 2764139
1280243 1164377
1308397 1360122
862203 671209
913623 1069409
709563 827397
268574 442641
684165 829377
863980 1170354
1472003 1733514
1434028 1582417
1922664 1993716
2649806 2791837
3156828 3602417
1925280 2506544
1628807 2551889
3345547 3810130
1566808 2577859
1482088 2547120
2169251 2418586
1731497 2293712
1669022 2041964
1164666 1807987
463772 1102083
844066 1755878
344035 1406960
800616 1791094
565414 1679697
667973 1990760
109859 1793041
776375 2241701
663655 2165823
890994 2171776
1705652 2821846
1764615 2841740
1930275 2921547
2002084 3052691
3720217 4074951
4320114 4524231
3569020 4136280
806090 2266430
617354 2204147
567029 2196105
1101271 2656280
1215776 2767129
2867016 3812129
3404003 4089366
2606715 3597499
4365198 4655068
4047928 4475610
4279422 4621442
2205621 3603215
495887 2393929
2659831 3707315
726447 2518930
391953 2257196
383767 2529940
581285 2705401
1574829 3302378
1014116 2996908
738563 2871583
333625 2751651
402479 2804552
2141426 3650794
1254833 3262870
263548 2838403
309944 2919501
478682 3050672
671585 3212135
182367 3014486
347155 3225672
839304 3468807
1470802 3556215
2109507 3790181
3066686 4112921
3748638 4396856
4826980 4934037
3454776 4555160
4166471 4718138
2829287 4167601
3564992 4363831
2223546 3912972
1289565 3747825
2607204 4303066
2486847 4263591
1727740 4039619
91182 3457271
382166 3635274
1472775 4032692
1767111 4063523
2436354 4265118
1883422 4418461
2174624 4563638
1880439 4417044
1147512 4340128
999923 4245435
463422 4093785
514088 3938822
272279 3671168
193051 4294109
255946 4440906
793237 4367343
1987367 4744778
2957293 4732257
2528839 4588993
3240888 4545374
2817126 4599595
3130280 4704756
3235320 4831837
2374380 4780429
1908971 4964283
1184322 5080114
1360641 4725198
311869 4512474
106851 4537727
494141 4788055
294488 4926185
1249193 5232379
2185639 5093798
2433320 5086564
2387165 5098285
1628692 5720266
1687049 5531187
2085345 5281562
1853779 5209128
1038099 5547294
302047 5547153
246781 5858155
676250 5756133
607389 5797726
1293332 5539773
522008 5979646
606677 6006833
413180 6153347
83083 6281150
66296 6394999
1566650 5884553
1932309 5841192
1435399 5962142
1927214 5880438
1899782 5919436
226001 6463294
266799 6526192
735469 6760841
773602 6859267
894708 6823104
277811 7055327
13582 7580059
111480 8102740
791880 7634358
817382 7616134
320414 7642802
234510 7568496
1080541 7249691
139930 7424626
739374 7089917
846649 6929246
1076993 6785461
1510044 6605697
1897812 6307165
1745610 6152223
1541360 6473756
1420426 6492693
946259 6426200
2705628 5661064
3878288 5304627
4360621 5110133
2578428 5359652
2155001 5379646
2519504 5214294
3017557 5036293
2765798 4949422
4769283 4968997
4349252 5140408
1809975 6144906
3392938 5598613
4046506 5354130
4858574 5048160
3914876 5502751
1853817 6372957
1528690 6636942
1973382 6472268
1254046 6846617
999439 7232079
1029045 7232448
1396268 7083608
1594821 6982918
1613796 7086726
2855097 6363598
2850675 6277925
3416286 5857500
2052817 6550063
1687500 6672462
2734470 6169760
4602237 5216950
4386582 5458823
4212151 5459478
4178145 5471849
3052950 6331077
3294290 6319081
2865097 6517734
2584028 6744199
2276524 7004140
780731 8021453
1485377 7263507
69018 8248984
1332678 7401381
51042 8397403
712842 8098969
11351 8944852
369908 8832137
861489 8252522
1289728 7883459
1683592 7519722
3360244 6315336
3220165 6435811
4383932 5531398
3624375 6252457
2912522 6845144
2662411 7111595
2809252 7091257
2022675 7732064
1536385 8089879
1417080 8139868
837719 8521211
2078357 7518814
3351053 6438117
3472655 6288160
3151421 6554687
2556610 6917782
1184884 8117397
398054 8826488
54861 9233614
1028971 8450493
1778831 8084211
2294990 7623629
2818099 7234288
2662899 7272432
3241852 6730394
2404324 7759050
3132660 6990388
3501100 6584111
4878225 5182695
4427464 6198986
4329864 6656589
3922280 7390272
3627499 7889037
4068438 6865572
4347621 6240951
4340084 6239095
3962964 6933408
3097114 8262576
3472151 7626602
4012178 6306689
3636517 6606511
3923896 6241424
2648234 7584661
1965270 8308222
3221028 7052381
2662488 7760372
2462593 8003327
1991521 8465533
1651948 8654055
1475592 8759041
1144240 9176712
746480 9457704
532465 9446193
925700 8825720
896184 8883367
1626352 8293946
1751426 8210122
1809309 8074154
20383 9410585
278552 9496163
329529 9587365
493366 9628376
265618 9973200
579246 9663459
800621 9692379
778710 9947421
1041170 9648667
2605465 7946540
2588003 7975090
2744625 7949544
1840422 8982879
1250259 9469962
914364 9806112
1307736 9760106
1291480 9571974
1919820 9025288
1466259 9801302
2288627 9882794
2655420 9674594
3062172 9210484
3504076 8083864
3047420 8796651
3380681 8126936
3121397 8563319
2553632 9544675
2196923 9629720
2385636 8555299
2694106 8103338
2713831 8403212
2486785 8809799
2317268 9255045
2281179 9445957
2912366 8002136
2880697 7771471
3578173 6687215
3691401 6654339
3121157 7594860
3197566 7755778
3148426 8002945
3050065 8152851
3276187 7814149
2556580 9021539
2462824 9251156
2567058 9105000
2933138 8630370
3450758 8021214
3809230 7930207
3709363 8237785
4080232 7438025
4158852 7434074
4283718 6969981
4799220 5592777
4910793 5251609
4551174 6422629
4684914 6260270
4788239 6470097
4930930 5846660
4986452 5570185
5114193 7002421
5112150 7568927
5097576 8011343
5077582 8331254
4977645 8304024
4937542 7710756
4873283 6999528
4603531 7858230
4579258 8821871
4456830 9370518
4400099 9130731
4491785 7946628
4369318 9514625
4400707 8875448
4422586 8237885
4368971 8488789
4407716 7790884
4642674 6597441
4340612 7788447
4219243 8798817
4281418 9550070
4156893 9823798
4061458 9348859
3986294 9348840
4057262 8944484
4436951 7333944
4391140 7259214
4089513 8399057
3870242 9109199
3915717 8957761
3954076 8800274
4070760 8158794
3978128 8517707
3935785 8695253
3865386 8806044
4014112 8289275
4331972 7188644
4012649 8067004
3789351 8608787
3908104 7969580
3727685 8250166
2929469 9678320
3538731 9584524
3574479 9864081
3662602 9785567
3696155 9746228
3820525 9911382
4349148 9978432
4535302 9879696
4574496 9029337
4761458 9833721
4903263 8213564
4956759 8521037
4873425 8835398
5063066 9822956
5130709 9821894
5151557 9746663
5090995 9522607
5457608 9623749
5138302 8714812
5132431 7552175
5212108 7620349
5147857 6878673
5195332 6810824
5301346 7860616
5296144 8217477
5261253 8783135
5526079 8874097
5517552 8987640
5585888 8673740
5415874 7868085
5372656 7080155
5256850 6101123
5496288 6985807
6048179 8659063
5802245 8217528
5608038 8377300
5761647 9364864
5758430 8931676
6122801 9679219
5940777 9066639
5862233 8680032
5908231 8611702
6330376 9723620
6248468 9659624
6388687 9774932
6313998 9581169
6090026 8970433
6491169 9768765
6960164 9969272
6796062 9504019
6468699 9635348
6322549 8831000
6666775 9362546
7102113 9545272
7062563 9687944
7388290 9974815
7590532 9922028
7305893 9612014
7092424 9358051
6825964 9081611
6749734 8471428
6437950 7767409
6594158 8626083
5923394 6838408
5672560 6551892
6060241 7638827
6677563 9053518
6498504 8938302
6488321 9031524
6386061 8877220
6385074 8416525
5549637 6791185
5530397 6992790
5099199 5128290
5707142 5912605
6651573 7098468
5889914 6469901
5924652 6576143
5930557 6845765
5946500 6766223
6237419 7266287
7442561 9345748
7506783 8909295
7379798 8793946
6511378 7466942
5986274 6605955
6637596 7408745
6741459 7537316
6835177 7699225
6752996 7637573
7785469 8848676
8086988 9422543
7473221 8695676
7278705 8493566
8467624 9907157
8234805 9597878
8060619 9266816
8789418 9914156
8238842 9394928
8187559 8974721
8820182 9737748
8810081 9772279
8963299 9894780
9196226 9943032
9209047 9922034
9128929 9726147
9449816 9913616
9377464 9856599
8661902 9266054
8450138 8956031
8320226 8662750
9035065 9327341
8518722 8739671
9157232 9381123
9093330 9247716
9129808 9220069
8433582 8656391
7948818 8448980
7850863 8530087
7500484 8109885
7315132 7794630
7833482 8359070
7373912 7737184
7701286 7928086
7796260 8003640
5758209 5875364
5549761 5659723
6422878 6538957
6176299 6258343
5972582 6085348
6015325 5989820
6536389 6415528
8019894 7683017
8127362 7991089
7035515 6980147
7199969 7160935
6692672 6701136
6350483 6406723
8102065 8239192
8828649 8833266
8887442 8904887
9180567 9096334
9113706 9014861
9089043 8898321
9163278 8998317
9893983 8979226
9919025 8650145
9636132 7727555
9538917 7763391
9409092 7824676
9461862 7555650
8257482 6783085
8121324 6754786
8265085 7139546
8476474 7111387
9093057 7564538
9181405 7673110
8265047 7255344
8581208 7423054
9029244 7801685
8436641 7581260
7752795 7082733
9065290 8190802
9219184 8217219
9334309 8069303
9689032 8293665
9600891 8629983
9406937 8498610
9721096 8777624
9674662 8923787
9593336 8903881
9548086 8983596
9157857 8955902
8803885 8384805
8109778 7781432
8436186 7935444
9292071 8477172
7730998 7275181
6787039 6367321
6306686 5974499
5374181 5268120
7184797 6627786
7764956 6466873
6636779 5977548
6971101 5979968
6188954 5610968
6158863 5389037
8052021 6498806
8389103 6784788
8608904 6966628
9371637 7244324
8506710 6595701
7730622 6185748
7621026 6103866
8539977 6570982
8897912 6780197
9928195 7273094
9659279 6983228
9504374 6857227
7370569 5919314
8301738 6172261
9085214 6264269
9788490 6447076
9721409 6499412
9689196 6703773
9972884 6261668
9689597 5560153
9669809 5651452
9597911 5860400
8961970 6009825
8839849 5828561
8715104 5768187
8425144 5742469
7933353 5729900
7782519 5508240
7477548 5427712
7296700 5561820
7240702 5615512
8389322 5878855
8753812 5983392
9440803 6209073
8807398 6060213
8646442 5995032
8390517 5923873
8120703 5872756
8506588 6002294
8233826 6062536
7073238 5738086
7427705 5994629
7667963 6165153
6561505 5426422
7947628 5342787
8606693 5380937
9532070 5431007
9287583 5290312
9417339 5272565
9464342 5213233
7402316 5308919
6785364 5168755
6090920 5326919
5373222 5098393
5030763 4625113
5176700 3538345
5167945 3375326
5046035 3120007
5120365 2870934
5336869 2236094
5176258 2388350
4996121 3054266
4859088 3513451
4932942 3185710
5090496 2315204
5374426 1702989
5408534 1814790
5471080 1279193
5658803 218431
5438146 1764040
5552105 1215087
5677909 763968
5566220 1735208
5186588 3743439
5239439 4198653
5644552 2270775
5385968 3617479
5890046 1637138
5649568 2037340
5804328 1304269
5876784 1433370
6101120 1422754
6123062 1419118
6149639 1405020
6084126 1758980
5670463 2807439
5716782 2699264
6334040 1300840
6247803 1341011
6298317 1204954
6493384 649590
6440137 1274852
6060121 2473894
6605118 1086382
6534615 1338207
6396586 1832501
6472503 1674351
6060529 2541818
5894432 2875732
5656492 3748838
5621822 3854250
5329191 4424457
5745499 5032085
6960214 5033406
7676510 5114575
6800691 4987214
7779869 4986440
8515231 5042616
8170119 5050186
7699431 5106198
7798657 5200542
8120210 5188321
7834019 5251267
8085508 5249280
9564828 5159791
9964640 5110781
8538769 5090066
9152672 5061679
9981649 4947057
9537259 4862914
8558709 4894648
9756428 4813460
9282620 4734145
9491442 4715808
9486232 4710981
9566814 4709757
9964762 4454833
9191126 4598506
8136594 4583133
8619530 4452925
8069269 4537440
7672674 4647067
8223950 4724713
7481256 4893883
7693570 4893927
7026576 4926601
6281236 4928317
5984466 4760888
7047768 4449597
7513615 4069861
8166045 3962084
8128687 3996450
8050460 4151395
6074491 4754163
6606274 4649118
7029443 4560024
8309947 4253851
7439441 4446288
8308191 4143109
8800690 4004345
8408613 3933752
9100443 3469678
9445093 3388376
8982107 3780714
8903605 3862169
9312681 3992205
9728819 3913825
9237958 4176338
7002859 4601087
9008649 4267221
7838969 4548507
9785830 4204224
9914656 4034979
9686075 3386559
9945747 3003422
8863438 3401433
8944733 3344621
9341573 3096679
9977740 2575125
9175143 2580491
8837492 2691709
7433314 3664356
7825066 3610874
7833338 3555313
8534979 3185802
9706226 2603809
9151174 2948178
9385384 2841229
9252726 2946028
8538718 3492504
8841726 3489048
8353906 3733665
7995107 3808449
7611068 3912716
6963801 4181979
6415449 4469916
5942562 4760132
6468811 4358785
6788653 4189117
6972664 4145912
7223426 3951627
7827295 3821860
7908592 3662386
6247613 4311528
5754300 4610039
5639024 4626441
6224081 4284830
6391333 4140113
6696926 3903954
8412466 2607921
7789360 3079710
7019144 3678375
7909979 3116705
6783100 3850156
7090767 3652478
7246520 3562323
9191627 2323545
9638351 2056001
8275633 2933628
9548573 2255415
9687823 2246176
9937443 1773924
9129016 2146643
9411458 1884565
9828487 1366544
9726498 1368540
9889344 1056210
9344753 1521986
9504358 1419055
9445284 1826959
9165166 1824813
8542189 2323584
8772068 2084141
8609751 2094123
8050882 2482139
7214651 3175834
8008924 2607497
8131823 2613446
8926896 2095349
7700916 3055367
7074847 3507173
5787047 4375755
6307553 3758563
6517673 3482684
6518589 3373903
6479926 3398802
6423215 3224659
6240608 3580985
5980004 3722000
5806087 3763298
5939646 3288815
6420720 2265907
6722134 1200587
6879931 907487
7105495 689152
7093444 854045
6565366 1950021
6857216 1604519
7299791 1225730
6765098 2157463
6671623 2263574
6695524 2180677
7080396 1487191
6335250 2801250
6644189 2379945
6934570 2118431
6771429 2399291
6565597 2575632
6567588 2585633
7195956 2055161
7245953 1662778
7899738 1203122
7549843 1326558
8081321 983049
8613735 628840
8922770 451794
9282952 396795
8768292 957263
8429740 1073708
8404087 863470
7720752 1534792
8132631 1290192
7422581 2190251
8126558 1430318
8092771 1723706
6831869 3045170
6757668 3149436
8296644 1555952
8311014 1609940
8344773 1590647
8126634 1839486
8482425 1486401
8490832 1482609
7106261 3020604
6201561 3963370
7826953 2634046
8150764 2270088
7669569 2587567
7985373 2256791
9362252 1352344
9565894 1217268
9695234 1114719
9802192 863614
8259387 1947064
8446786 1712361
9261642 1028840
8869934 1109374
9038285 872274
9382215 994069
9551875 680764
9453776 649894
9793642 34939
9648748 161409
9394733 669426
9317431 579985
9612741 75792
8979477 71949
8216442 827874
7519303 1268912
8124261 259975
8136521 213003
7169009 1568330
7247518 1329930
7415184 1056300
8134016 209604
8069550 248250
7206030 1143420
7433911 253541
7317623 145494
6888185 828879
6548246 1493937
6534593 1408576
6746298 694451
6759140 525083
6627245 221055
6456473 84580
6286680 228171
6038110 371058
5767324 772218
5785912 42513
5691572 141618
5404708 203783
5213827 1132487
4992964 1578448
4828260 2789862
4789899 4037043
4716094 3661030
4654345 3037454
5185345 659757
5189808 658255
5194614 702598
5268041 216248
4985086 910756
4885502 820709
4815126 955186
4695043 381452
4762237 1451148
4773357 1907127
4663570 855420
4752620 2109894
4622213 1780100
4408905 520481
3612403 147124
3338040 612949
3130042 455936
3374243 1131617
3092302 773048
3769438 2198953
3754289 2116407
3871825 2373983
3577942 1671011
4195699 2198174
4379534 2562482
4455641 2211138
4232803 1753144
4057067 1492462
3973910 597974
4436743 1596631
4579115 2017930
4507225 2082766
4638453 2345984
4707982 2092712
4734485 2304555
4532309 3087409
4513439 3084244
4794760 4422200
4723671 4349065
4501914 4248538
4638369 4555961
3697266 3375454
2683226 2190764
2245794 1507811
3906437 3552260
4206621 3710897
4054987 2955898
4346806 3422043
3686792 2198932
3606976 2479506
3464145 2228217
2790641 1030575
3079465 1528574
3482301 2208053
3257524 1819281
3516505 1912862
3050251 845953
2840901 324839
3061154 1272930
2148371 74818
1984747 303746
2004994 349799
1558590 161375
1588696 374605
1497548 323090
1894012 881716
1992252 1055847
1630051 383624
2317468 1115206
