100
3929758 5668516
3749933 7186400
3671700 7927629
3735926 8648648
3696539 9488835
4063262 5499567
4098011 5704292
4139678 6088717
4070777 5280029
4228917 6549215
4520598 8419214
4828480 8246428
4211962 5750987
4483103 6401689
4610886 6564084
5813897 9050031
5230681 7607146
6109094 7997896
5521186 6975707
7777912 9037685
6661763 5681300
8777183 5755341
6560276 5430848
4151815 5129391
8630456 5585090
4714078 5160486
8090732 4742681
5203019 4962558
9528845 3736941
8622427 3843464
7133417 3644813
9577350 2273311
5542470 4235289
9211915 1579451
6352194 3445864
8797793 1239716
6245759 3326172
5927726 3388527
7305136 2011576
9050797 338748
5441964 3661429
6648621 2156391
6248669 2290519
5038923 3719476
4521497 4320295
4112640 4964753
4343195 4321676
4577887 3294768
4399399 3673468
4857010 886884
4391905 1130723
3886578 1064789
3936996 2300067
3765461 2269210
3818256 3272617
3206514 391317
2928897 652810
2808584 486240
3635428 4287855
992341 4858
1282140 1245102
2798509 3654312
3869330 4948762
2646929 3914975
2325291 4017931
175795 2868014
3761133 5011203
904102 4136210
2726145 4715786
601374 4192001
2656685 4771428
1742419 4642418
2142234 4796784
1610367 4891453
2266570 4984571
129268 5042273
1920306 5080623
2648315 5144141
109975 5395772
3193916 5236475
1547493 5593411
581747 5879154
959408 6139835
875942 6532528
2515059 5806260
903589 6655424
852669 6776930
3743322 5313054
2902172 5849650
1472994 6840370
2508190 6154238
49231 7980512
306456 8094726
2524975 6648080
1743973 7575991
1179764 8722281
1315441 8693815
2450282 8632552
2475523 9657177
3880006 5776047
