339
9841560 4381918
5523440 4169860
9115892 4287496
8727198 4244767
5647505 4166184
6094829 4167703
8084370 4141154
8447161 4040556
7127522 4080692
9371627 3948065
8433750 3853008
8813865 3806327
5596744 4123253
9468765 3650496
8552072 3729494
7603308 3772657
9093114 3424080
6269139 3962293
5674235 4066465
8248774 3417578
7448204 3576409
5743349 4034330
8423923 3140774
6783075 3650524
9836308 2396225
8055115 3081155
8338984 2868412
6467309 3647813
8254549 2744844
7080962 3275944
9990725 1820144
7951824 2736514
5805222 3878024
8124667 2607523
6367277 3552224
6471975 3459231
6473633 3417473
6015322 3689983
7870695 2464184
6113185 3566550
9120929 1343797
8052682 2114296
6751765 3058213
5869579 3652506
9718558 167155
8886680 516159
6701377 2670572
5871544 3536057
9120969 110227
8727152 471961
7478656 1749413
7197115 1978765
8579356 394719
7215257 1944945
8835077 22675
7500243 1201405
5831646 3417754
7286020 1306337
7925907 379464
5499298 3835084
6260794 2665750
7218498 1198508
6513697 2227012
6817056 1635433
5734082 3397754
5592191 3630019
5732269 3298669
5999700 2673527
6114931 2421756
5949803 2760643
5850478 2922278
7149221 73133
6040373 2462794
7052464 183199
6374031 1250484
5985874 1911937
5425391 3626009
6115210 798038
5563028 2998314
5652057 2632269
6105765 409750
6013779 703336
5333639 3868884
5929332 780002
5630961 2111767
5705543 1332277
5451307 2603551
5452747 2251324
5328356 3188718
5414221 1466476
5315104 2387013
5318977 1624075
4922426 272130
5177023 3122779
4963747 1464858
4815077 1491243
5056371 2995963
4649198 974380
4918832 2895239
4573548 2070797
3949328 261193
4346689 1762748
4378813 2034922
4321717 1927825
3678931 753387
3154665 173929
3144382 263005
3459193 917833
3862614 1643365
4321438 2633673
4420616 2826032
4412154 2858339
4429542 2923506
4903292 3630944
3190307 1261573
3120436 1411103
1865500 132296
1800584 92586
4096770 2835239
5168563 4041179
5210773 4091329
3542996 2331983
5037247 3925029
3026233 1984518
1625226 669317
3196702 2450251
5099144 4025220
513527 846124
3377562 2841942
2897326 2551135
2392080 2239743
2249524 2192693
5184030 4102841
1725942 1952953
1765411 2004163
4548990 3733810
2544862 2698648
4823494 3920273
5001161 4027374
4970304 4040184
2207821 3110339
4361312 3871875
2381677 3553788
1378705 3544929
2747541 3819193
284977 3669748
3302730 4011820
3593638 4040205
410748 3884648
5098348 4152343
2025951 4077403
1737449 4075549
936787 4341981
3195031 4288134
3863902 4248824
719961 4574672
4977345 4191904
4414752 4261164
991812 4666307
1475409 4648588
4816784 4226782
4375406 4299304
4229356 4326961
5176232 4177226
2032363 4684470
861958 4951717
1815315 4842717
2588206 4730110
4095695 4467064
294079 5510063
1141438 5306551
1171746 5314986
1539082 5322569
4249437 4492366
1970188 5334924
3636481 4767881
1099065 5708957
4160864 4584563
3447076 4865177
5008517 4266261
1652482 5718616
1897646 5654733
1441891 6199360
2118098 5856436
4066520 4811072
3787158 5005695
4326405 4754255
1332978 6670679
2418970 6012121
2703683 5901617
2670023 5937465
1864721 6558751
1908183 6532008
1122634 7100556
5234246 4191166
449014 7674005
2928053 5870892
2897521 5899854
789147 7529490
206537 8092166
4692693 4628992
4416255 4872765
1330311 8342114
2443482 7386315
2185027 7737029
2336577 7907149
2872683 7244787
1417369 9420475
2535736 8133324
1677906 9695228
1588612 9996172
3045582 8321607
4257107 6109771
3386404 7977566
4218703 6323866
3901510 7103769
3942470 7145733
4157037 6692806
3479921 8470431
5078607 4656735
3734830 8025523
5091177 4654130
4156010 7621450
4740618 5827722
3582759 9530139
4798769 5801408
4535676 6831432
4670484 6666590
4158882 9076329
4739186 6752416
5181297 4659909
4581838 7832066
4954815 5894645
5168583 4782221
4852947 7003424
5275616 4166536
5172961 4976177
4716404 9145215
5235073 4534125
5082816 6096060
5027365 9566950
5245165 8826167
5291157 6614123
5406574 6929575
5373831 5724314
5364367 5530787
5626794 8861879
5782177 9423458
5341516 4647981
5602138 6575031
5738661 7129055
6032890 8964460
5397884 4830965
6168378 8917369
6249534 9256175
5647392 6093185
6092914 8205834
6376037 9543858
5930288 7170066
5524074 5193239
6705696 9777491
6443991 8683299
5448769 4764582
5783739 5918209
5487690 4877830
6930445 9328630
6992666 9380465
6869382 8915140
6883852 8938999
6617213 8085045
6729366 8402547
5467991 4632171
6578246 7307132
5830139 5471952
5882017 5434989
5805564 5243865
8093852 9525490
8230262 9731464
6300049 5899178
8057901 8861147
7013539 6988000
8016722 8513250
7511268 7709824
6110951 5360726
8775018 8917482
6997989 6375961
8417468 7931831
6748496 5811983
5811365 4727591
9368397 8317552
7140675 6033995
9866498 8735058
9237664 7930624
7787862 6531190
9675311 8015949
6799710 5487202
8636619 7037568
6071996 4837893
7728453 6147204
8053571 6387160
5498037 4337663
9063178 7167275
6934536 5465191
7366352 5695516
9121553 6933237
9394032 7094928
5726425 4478886
9467112 6570206
5424831 4246450
6507952 4791986
6625710 4836429
6405625 4700880
7123996 4987414
6159927 4552486
6507108 4678741
7909293 5247284
6476412 4641437
8765276 5462751
8813830 5461902
7840440 5087224
6112672 4457182
8482116 5279414
9116421 5464054
7506657 4847601
8972904 5153355
5966475 4327170
8586923 4937098
5670422 4248387
6767610 4489671
6683819 4463364
6469246 4411413
9653038 4925204
7654245 4524740
8398211 4615274
5715930 4221635
8319894 4533530
5491662 4183453
8221239 4346646
8447365 4353114
