4063
499799 2678043
2533563 4266964
403464 2618451
1221250 3278868
105760 2429242
226632 2525041
215412 2517220
64334 2404256
2592208 4345606
811663 3027094
4044746 5463601
1404325 3485231
1786865 3771953
1076645 3252401
99034 2529000
3694400 5206336
2511697 4333861
73213 2556268
2066557 4031607
138510 2624229
500958 2897893
3795081 5300181
674019 3039334
2878941 4636820
122781 2644031
1955698 3970653
224293 2726728
1174824 3415286
2375187 4282358
2716082 4533718
813900 3182703
1810199 3903787
896736 3258930
45259 2656392
2498407 4399079
633347 3100436
1283602 3563947
461976 2988943
3540013 5148581
3112692 4859226
2028002 4123933
490222 3072727
3177407 4917715
221750 2919361
1268347 3634464
593979 3182062
2499004 4471408
964134 3442014
1522259 3823427
2930624 4773566
2050948 4192459
608905 3247580
1869272 4090107
1007787 3530778
1096938 3593061
2327418 4409307
3898161 5435910
2916443 4802249
2284249 4400039
1424655 3846496
1502761 3921985
2139353 4327924
2310347 4447985
722136 3453089
192258 3119211
821514 3528578
1468889 3936800
2635931 4672019
1068657 3702237
1214691 3793359
831606 3558114
452188 3323899
422626 3327506
892706 3623054
590755 3440653
640732 3474559
2744189 4765488
152382 3186492
1423324 3979875
2489983 4625334
3647648 5327147
56516 3177484
2800354 4838211
3514018 5261733
2784615 4831131
2873179 4885175
1377970 4006782
150558 3284009
3376099 5189812
619615 3580692
1183283 3921444
2054118 4430563
1072175 3862142
920913 3778816
3875684 5491949
606444 3635460
3120907 5068544
1265032 4020390
27654 3349112
822321 3805901
528195 3645648
192739 3481093
2202061 4588744
2421454 4709820
568963 3698365
314012 3564087
2797469 4924507
1676171 4328160
720743 3823063
34829 3456667
2522391 4795821
2984310 5044171
2299412 4691255
1239862 4132405
4650443 5939846
351188 3666389
466565 3736010
2142625 4643033
41867 3556289
2166458 4671453
2291780 4737738
105903 3626202
3343464 5276051
1249562 4227415
3457293 5348998
1434477 4347267
458668 3864590
431939 3851673
431134 3862619
2016281 4648708
11335 3664577
1112276 4223083
927738 4140786
2438720 4876894
3568253 5422792
1440561 4405743
1231026 4308290
797841 4102923
4354559 5803776
1637325 4509706
298276 3877690
1954504 4670724
2486470 4924208
303983 3903025
1456109 4454339
509042 4023366
571021 4058465
1314944 4408144
2916399 5149412
2468732 4949744
3089572 5233695
720699 4153110
425051 4030568
2263380 4866704
1553983 4551292
209233 3951822
1883091 4705980
1129373 4369069
1840215 4691370
669807 4185749
1559776 4583863
225047 4011716
1825508 4714559
2532542 5029978
431307 4136394
40525 3982054
474111 4171297
3330507 5389425
1757551 4723656
2948786 5228945
7859 3991005
4083115 5711402
2650471 5109488
85383 4040053
194819 4087493
597995 4264191
1697163 4727943
2320791 4989227
503166 4261917
995375 4490446
1279844 4604529
1463596 4679470
400947 4263946
1540402 4724345
448081 4294459
836882 4459031
695644 4404085
1228663 4618937
1941723 4898745
3543151 5523027
1426133 4699797
2010807 4927502
2258402 5024032
1768714 4836507
4087608 5738834
3265411 5426754
1480172 4749752
2032661 4962528
327248 4317645
1495079 4765098
469778 4387578
1376283 4744464
2310837 5094922
3447053 5515355
597198 4471356
470849 4432337
3592490 5574932
2748775 5278451
877037 4613282
1325527 4774215
225712 4382981
454495 4470755
1361429 4793338
546738 4533673
1363974 4820143
825176 4634113
474762 4526289
665551 4595987
637448 4592393
3239708 5480085
2062044 5084196
2444894 5224278
133577 4460496
2224736 5158456
3422564 5554580
1022433 4765103
278887 4520572
246426 4520633
2185042 5162618
134051 4500226
220984 4529135
2655942 5319519
912462 4781258
90119 4542150
860475 4782290
3404088 5575018
3955885 5748401
3200428 5515987
2709821 5387487
1642215 5072275
3294739 5571778
854614 4879474
1156847 4967021
46826 4652279
2413985 5335944
1208046 4998474
108633 4703979
2901714 5485482
1070436 4988664
1509307 5111240
917340 4957740
151710 4753603
796830 4928715
2074899 5274168
1243962 5065524
368587 4834111
993055 5011080
354393 4855902
182301 4812150
4227719 5858331
3325472 5633713
4326830 5887678
2129993 5349677
3573131 5707183
2167993 5366044
404177 4938831
3032558 5576757
1531122 5229993
928783 5092757
1321582 5188097
768601 5073121
3000059 5589595
929171 5120788
2330823 5442463
422009 5021092
3648888 5752946
1092090 5207629
3677510 5763279
862735 5171576
3495020 5730129
3357234 5705524
3107731 5655716
1395667 5305752
1443170 5325835
917821 5237431
829533 5220240
3514924 5751766
1371698 5352549
2121642 5499410
435519 5209766
2854145 5650346
215269 5173278
1371796 5386411
698573 5269444
331243 5211055
2860681 5664041
3470541 5772209
604831 5287634
1204191 5390289
158581 5221422
828661 5338802
289574 5249268
2875067 5682780
748230 5342694
2765350 5676192
722223 5352252
1347996 5454710
282381 5293777
3853777 5853952
2069857 5579903
1583008 5523853
396755 5350462
3911459 5870102
3788975 5853318
671085 5407416
2399313 5661270
1455359 5540865
2991180 5757800
93129 5371663
3059051 5768948
3566363 5838333
557049 5452682
3239865 5800401
3586307 5856188
741005 5535566
85003 5495616
592322 5574534
309126 5548520
2969841 5816070
2091185 5739362
637660 5615251
4026588 5927137
425669 5609799
367320 5629698
1216056 5703104
576033 5655681
1838856 5765827
734771 5682761
2199974 5797505
3504075 5898336
375617 5676642
183379 5665012
3616330 5912880
813138 5714943
690321 5710900
1619644 5781397
985721 5749968
2238519 5831935
1146383 5763254
2414915 5853756
364260 5731345
3096361 5898137
2431130 5863383
667384 5781141
2106285 5869017
1354164 5837522
927363 5821249
3499845 5942890
2664426 5919694
1638531 5887732
847496 5883430
1407442 5910580
3466480 5964421
3808857 5974197
1992172 5949701
2573294 5988001
2346800 5988221
536991 5991095
403924 5992076
1951166 6003015
1111537 6008510
90396 6027289
1491047 6022995
2529674 6016451
2349394 6021105
1054985 6041149
1583008 6043699
1113291 6060310
1902873 6053337
3161684 6027679
1036161 6074409
2846406 6035595
2661407 6043562
1701856 6066702
834171 6089260
579928 6101396
3769706 6020929
1467492 6088958
1721686 6082510
116952 6135884
1672060 6090357
2480373 6067559
1282095 6118153
36130 6168140
69755 6171179
411132 6159895
2340804 6095720
3366036 6052854
2085239 6117511
771111 6191299
664876 6205006
75662 6240702
316884 6233394
64770 6262167
2455607 6130787
1364825 6196012
33851 6276392
1429381 6209727
703921 6261135
447257 6279818
946680 6251674
1548624 6211020
4427218 6015834
4267969 6027049
2051025 6190176
1288668 6248192
2207249 6189429
179772 6349642
207843 6354491
723703 6325121
723713 6328681
404757 6363961
242460 6378946
986072 6327080
1807817 6255586
2095834 6235702
3684690 6091719
1417613 6309736
863240 6373130
69799 6457508
263328 6462140
903472 6402617
2480112 6241215
1911891 6303287
1329751 6371368
174402 6502845
1263344 6391834
2780791 6225387
3927685 6090883
870779 6454579
1078536 6431834
3534116 6146449
249785 6608020
1900392 6386789
3313165 6197845
422949 6610328
1027373 6524233
1134601 6513841
2038658 6388397
448655 6643469
1960468 6416823
2211625 6382029
3336892 6210491
1268208 6527899
1681473 6470099
532500 6670659
813956 6637108
3939815 6139533
2745339 6367694
2092156 6494212
392264 6816428
433175 6809858
2692659 6387425
163472 6889165
2494161 6434706
1037251 6719809
3317012 6275682
1177507 6699738
1639873 6609267
2051771 6529302
73091 6933934
2074229 6536454
866190 6791795
1286131 6712416
3658147 6227139
3046179 6359712
1056033 6790422
2066763 6583553
2678805 6455720
1889886 6634908
1191734 6796734
3291862 6332583
2957601 6412301
4789 7109063
783622 6927538
2859608 6439495
1038958 6880421
2763376 6471599
1190754 6850417
1735278 6720033
893304 6925456
3168428 6378418
1257865 6852247
357576 7082529
503179 7105580
805492 7027869
303954 7164689
899232 7008078
1209145 6926703
438566 7131957
720289 7057948
3299695 6377951
2799084 6530091
873246 7068459
46509 7299911
3295437 6401572
126913 7292782
1569159 6892788
4264493 6133065
3299015 6409474
337614 7263613
2521803 6638320
1774444 6857075
345223 7281995
1399 7386997
981509 7101685
2317439 6717674
1692067 6914588
2659844 6626436
2523261 6670337
314707 7341517
637558 7247659
2818600 6585853
1722014 6924254
1439245 7013741
1326612 7059148
1492466 7008898
844537 7215682
1207327 7118611
1383977 7063835
532144 7337085
4068467 6212613
169332 7463619
2394902 6750310
37004 7510320
1414180 7069945
1345495 7109250
989021 7239582
938671 7266738
3048626 6573148
3809837 6314442
265101 7532299
278503 7548809
152335 7604061
3154759 6554403
3296441 6513913
2232666 6898187
3843876 6320108
1257783 7261539
1809021 7067864
3943510 6288964
1629066 7144219
1137423 7353873
2966193 6669014
4128668 6230395
2077127 7015504
428479 7665549
2349387 6928346
983507 7466621
621503 7609682
475464 7675643
359524 7742904
119178 7853484
2283313 6988409
2121061 7057465
1744329 7210653
1626860 7272052
468996 7752487
1837806 7194863
2356067 6981349
4143243 6246276
1146198 7493902
418435 7812572
2405507 6988887
1229212 7492592
3062617 6714293
1148206 7541481
1131704 7550804
134798 7979997
2934109 6777676
191035 7971298
4128142 6265998
3628201 6488849
2855367 6832695
2004167 7214010
2113131 7168560
1252736 7552594
3795606 6419674
1276658 7550031
205777 8041372
3737372 6450882
314688 7998673
112862 8092285
3674240 6481571
370847 7979064
3354271 6631161
3505314 6569035
1332387 7574742
1687529 7412253
2666520 6966946
269510 8090520
165769 8164118
188562 8157148
920964 7843350
3257634 6719924
1662289 7498817
1670791 7497193
325813 8163539
2800924 6951320
2290607 7205097
1831037 7435685
3593072 6567369
161440 8297729
1490802 7634934
213294 8280732
869899 7951516
2677094 7040379
1095519 7840837
1749110 7555735
798903 8061322
985003 7966238
1125231 7895984
1138986 7895583
2572761 7140804
371739 8300317
615775 8177864
1842612 7535130
1908302 7513921
1776721 7619580
1688706 7683652
1674146 7708360
2399601 7307169
1198051 7980231
3473842 6711130
926344 8149559
1634519 7769833
904092 8189248
2040012 7553176
462940 8468181
304804 8560507
3807790 6541811
1962597 7620339
598564 8428152
802667 8314262
620028 8428621
3825697 6540958
866705 8299918
2679164 7226983
1570335 7893593
261805 8684787
2607734 7279660
1192645 8140781
1905862 7717253
3489995 6758810
173092 8791931
828747 8399635
1711279 7908318
328721 8791594
2343797 7523732
109456 8961023
2903789 7177279
1841201 7862375
4085668 6421403
669615 8619784
2069652 7741684
861279 8542467
1847931 7896554
855628 8556355
677236 8690540
1551325 8123231
603616 8755379
1622593 8083896
871975 8604407
927224 8583589
831370 8651869
2086478 7815081
1413348 8278235
3528099 6844569
900162 8674136
2227563 7754078
2089052 7851711
2633136 7475126
111900 9249091
506501 9020523
2408686 7672319
623581 8959668
605070 8975465
582455 8992129
909435 8781745
550220 9048616
1498756 8362315
857364 8829824
459416 9122507
2656932 7538268
3135517 7190644
3340137 7040229
1464732 8446277
2396190 7758673
1668409 8320116
199020 9431920
1317513 8587780
673386 9079881
2922226 7385589
252899 9436503
4617353 6096576
1906621 8176054
1604449 8410377
3370728 7057490
1092484 8812500
1265448 8681544
4280585 6358018
1911306 8191119
3446783 7007210
319779 9462069
2378136 7854178
231032 9557915
1974962 8187461
2932580 7436955
3574988 6934276
808498 9147556
2357076 7914058
429049 9465022
1799193 8364951
1064900 8955422
1145251 8894987
1563352 8585644
2283758 8000870
3490861 7021962
877260 9154105
446559 9508225
510349 9465179
1733543 8465578
2894582 7516638
841284 9203309
502000 9485759
3308612 7181749
1518987 8662655
2116275 8178345
2384723 7958563
3055011 7403619
2734041 7671630
390860 9620873
2672889 7725138
521 9955673
3970222 6646043
1571493 8651339
2304347 8039974
3302574 7205647
665300 9413607
779905 9328086
1969638 8333448
863289 9278804
1220651 8996480
382768 9723748
2059174 8293474
1495483 8786382
384215 9747563
2663802 7791753
1912758 8441452
3978593 6661463
1749110 8594137
578641 9627589
835785 9404582
2069386 8332841
1110979 9176435
499063 9754812
2697935 7811939
3050815 7504460
2244145 8226281
2127185 8330795
450450 9826026
3531310 7083811
2219099 8256964
3283380 7308542
3966229 6697946
648723 9689077
3457778 7159750
340465 9986014
910243 9473114
1615543 8836976
1763254 8704706
1579238 8886778
2345635 8188278
2148962 8375710
1745753 8745899
2286464 8251730
1086829 9355725
2544419 8024453
683118 9742842
986577 9469466
441392 9974756
1319195 9169001
981075 9501637
3404474 7249234
1350178 9172657
1847843 8708231
3425213 7238056
2220562 8378763
1999840 8590744
2696727 7936284
2504038 8120766
3263740 7402050
924389 9630705
3170472 7506153
4093525 6626357
1573166 9048782
1768889 8867233
3876031 6841336
2596131 8086562
1908916 8761533
1681561 8987313
1168583 9493612
2929798 7774440
2367627 8324925
947394 9718100
3625800 7097718
865797 9811304
2446581 8258341
2396314 8315703
3074755 7647659
3137274 7590679
3366703 7363855
2373139 8359621
4033956 6710053
1060509 9691681
875181 9882749
1434447 9326315
2302882 8461223
3391752 7368111
1385001 9419738
994942 9823794
932544 9891163
2978525 7816320
2575487 8234302
2718664 8087127
3660971 7121474
3187612 7616061
2120712 8724482
2420092 8415061
1668532 9200583
1099089 9794482
2710258 8120629
1938955 8927006
2994466 7840330
1854373 9040269
1503898 9421245
2016743 8903948
1821169 9116144
3415705 7417780
3727392 7085805
2670479 8222909
2177162 8757557
2121519 8818475
3190221 7683413
1738653 9262447
2758532 8159895
1677681 9339791
2648539 8284885
2309251 8659966
2059254 8936531
1406687 9651535
4233283 6563098
1591348 9481187
1162684 9973634
4368937 6419288
2738280 8246721
1323547 9837830
1970479 9140993
3115709 7846324
3940214 6919785
1577383 9642545
2492619 8603210
2841241 8206407
1711346 9545736
1417002 9910506
3167637 7859897
1953632 9291008
2884878 8217395
1948901 9337592
1523294 9846343
1525390 9845512
1867012 9450464
2539548 8657751
3298909 7771231
3590531 7417144
2218804 9108070
3634944 7382624
3101237 8066611
4679308 6084894
3865389 7111674
1769219 9757738
2283514 9119685
2077986 9392707
2291569 9134234
2985464 8251573
2403550 9028522
2634017 8742049
2519715 8893063
2311741 9168990
2779493 8576950
1711803 9979670
2402246 9085075
3351578 7846266
2336684 9189686
1925038 9744197
2914049 8445843
3579069 7574583
1789795 9991508
2689824 8783260
2389049 9218373
1819809 9997176
3381509 7867771
3130083 8215343
1887137 9937757
4231591 6711470
1867270 9985435
1925409 9923257
2027031 9830375
3352683 7987895
3636628 7584671
3214961 8206273
2580914 9131651
2684428 9000784
2653594 9092103
3466568 7899982
2449027 9426577
2547471 9291506
3350563 8099073
3869385 7320752
2320121 9661323
2731921 9068551
3443304 8016246
2456623 9543643
2457405 9550303
4222180 6816747
2915278 8861718
2270823 9870658
2400933 9693057
2800284 9092453
2365247 9795638
2472789 9633219
2639788 9368342
2929731 8912475
2560088 9511991
2595863 9456131
2431106 9771386
3790650 7558694
4146592 6980144
3890521 7408014
2749640 9292731
4187966 6924767
2479184 9763552
4335787 6705076
3332058 8430218
3100545 8860831
3553551 8075238
2789103 9433654
2509222 9947416
2795868 9444817
3961352 7390286
2666457 9678066
4360644 6689421
3483235 8274171
3699479 7886392
3227514 8814142
3084066 9112415
2890425 9502935
3007914 9294840
3992233 7437055
3467930 8443644
3258524 8875297
2817795 9729827
3995512 7466171
2864204 9691931
3692904 8078091
3003209 9437160
2765315 9939100
2927129 9623639
3057878 9363984
3615573 8266431
3145693 9235238
3125986 9306880
3469067 8623217
4432640 6648962
3368691 8864708
2887270 9874766
3562076 8472735
3715842 8162459
3564370 8483332
3799796 8006823
3383260 8887723
3885306 7831752
4130996 7313822
3198662 9314402
3033046 9856079
3169116 9598596
3038191 9925506
3102325 9787933
4208600 7254681
3801011 8202867
3338982 9280061
3857056 8078548
3167357 9719166
3184438 9733640
3389869 9314535
3759772 8431767
3741310 8528951
3890009 8188932
4081863 7723890
3253109 9900289
3218826 9992154
3953532 8093886
4205127 7435734
3686444 8804890
3419727 9588853
3883582 8343765
3715917 8813542
3871884 8405965
3877575 8453853
4203119 7541539
4507930 6692307
3584513 9357949
4001243 8157150
3967678 8260182
3603864 9321774
3459115 9822172
3878664 8593839
3905837 8516845
3735087 9053920
3922559 8520469
4374579 7149421
3471006 9947166
3991285 8347291
4161224 7851649
3953322 8519049
3524021 9880546
4368736 7209766
4311529 7406763
4202919 7777768
3802648 9084803
4151824 7952145
3695055 9594491
3936891 8775457
3884560 8958557
3812865 9264094
3735881 9543073
3870418 9118142
3796440 9403826
3981232 8777888
4594097 6564099
4019577 8701146
3717693 9892871
3717508 9898464
4175075 8172971
3772325 9768112
4320017 7659588
4057700 8695969
4181705 8247685
4687735 6253607
3927777 9357582
4298454 7884715
4518403 6978230
4519100 6979012
4317592 7840663
4665202 6366566
4219104 8287896
3909181 9631531
3900183 9682221
4177857 8482568
4370512 7656225
4055167 9115552
4386405 7639692
4087849 9012994
3899690 9952821
4310734 8064998
4164536 8785049
4550498 6956826
4208093 8719051
4704570 6234417
4050884 9598896
4015949 9782467
4016592 9782996
3993860 9915751
4315763 8254036
4145722 9172182
4466479 7538618
4266920 8641591
4047739 9866917
4194836 9139338
4631324 6702088
4544555 7222393
4226336 9115503
4492975 7560097
4181929 9544716
4190370 9599363
4301135 8939972
4188368 9709185
4253917 9329952
4356496 8662426
4253997 9382117
4393130 8564147
4250489 9806483
4347041 9133420
4690526 6481474
4283312 9752432
4558809 7555489
4512230 7983607
4527712 8078126
4529808 8119902
4425854 9134565
4464316 8810974
4455277 8955389
4388462 9640989
4639498 7180224
4565559 7975397
4661542 6955655
4660452 7004421
4452191 9401187
4495990 8916440
4653736 7130816
4574103 8060167
4481483 9435279
4606214 7848412
4684256 7056163
4584359 8714500
4586506 8798113
4668097 7501732
4581076 9116144
4547121 9796252
4576332 9490970
4604758 9214209
4670035 7799221
4595894 9450017
4637935 8568673
4599534 9515612
4742437 6217773
4679239 7776682
4668980 8939276
4702549 7780094
4670790 9221338
4676718 9393527
4682074 9293542
4690177 8918886
4707569 8415991
4693664 9711281
4699835 9448926
4719442 9152060
4735010 8075363
4744223 7239979
4748277 6604382
4746297 8590922
4755296 9440460
4765493 7754612
4784640 8614793
4800091 9529815
4791336 8757181
4762284 6347310
4851039 9281450
4833651 8596011
4857600 9183410
4778741 6770285
4850812 8439424
4910837 9663171
4895221 8883769
4923261 9215443
4896769 8700967
4926844 9077462
4846718 7513524
5043175 9958640
4907260 8080653
4987244 9002584
5016021 9196307
4813822 6725501
5025530 9164740
4889957 7546574
4859672 7195371
5134340 9915021
4911260 7582242
4997070 8385056
5146778 9800192
4943702 7803729
5085699 9088447
5087142 9092287
5178010 9873810
5179274 9730711
5064140 8569007
4875800 7007482
4974984 7785381
4973926 7752987
5259799 9845360
5232667 9552205
5151865 8948141
5174809 9110995
4805125 6385776
5188319 9194276
5206824 9300670
5121899 8649832
5273262 9724173
5292360 9850603
4932259 7266983
5210758 9218101
5256844 9525897
5047971 8036617
5122206 8448905
5189907 8897292
5131477 8388297
4875779 6773851
5213119 8875621
5221172 8896677
5215557 8856803
5196431 8728839
4964668 7213560
5384533 9580691
5085623 7865815
5435699 9806958
5410350 9623357
5390732 9506331
5112273 7955108
5142826 8066486
5059296 7613130
5440883 9573550
5148279 8042632
4949158 7010480
5508520 9808313
5461991 9501661
4906269 6755844
5502509 9615318
5564579 9857148
5140455 7787645
5075521 7481703
5463990 9255593
5416356 8997441
5475704 9228072
5484782 9067820
5594335 9456987
5469711 8940914
5331831 8336833
4940095 6733663
4865219 6433192
5479457 8759171
5337794 8165894
5367210 8258026
5220054 7669017
5853853 9930732
5527631 8731341
5831816 9772487
5747971 9456050
5650431 9104081
5304400 7903065
5141507 7338879
5347886 8031879
5389411 8147391
5214978 7553547
5424850 8248053
5064847 7026633
5853244 9562914
5137291 7230270
5249753 7581228
5093860 7083472
5613623 8728867
5227006 7465972
5701471 8903636
6079178 9929212
6008632 9693575
5262912 7485641
5134679 7104651
6101952 9877379
6103692 9843946
5438101 7938064
5836895 9063298
5820266 8987960
5101531 6971149
5429021 7828078
5736050 8623962
5985606 9263793
6001299 9283344
5933647 9101931
5770097 8629881
5236483 7232155
5518083 7899606
5714566 8374851
6064420 9217784
5337383 7429274
5978618 8995188
6282525 9681164
6312052 9748111
6028475 9045045
6051966 9093080
6235153 9517330
6436075 9992841
6209753 9388860
6178856 9307220
6403473 9790641
5779327 8350818
5045283 6665601
6403746 9761492
6454665 9868945
5818102 8415768
5862433 8496268
5927181 8625975
5756930 8212920
6215843 9177893
5805557 8276693
5628263 7884439
5490296 7563591
6222702 9100720
6374929 9421769
6264963 9185041
6121592 8843374
5626524 7812060
5884543 8343751
6383436 9369803
6655676 9928742
6070528 8716471
6622799 9820775
6191260 8933066
5563061 7642790
5831982 8174981
5832894 8144713
5464493 7409492
5874274 8218775
5164693 6811888
6532337 9515098
6781397 9986063
6377729 9176287
5426795 7313144
6721893 9843602
6287900 8989879
6306332 8967938
6674156 9660776
6138185 8624382
6443561 9191360
6546599 9357479
5760378 7876345
6733556 9692345
6214791 8687684
6060050 8370942
5936723 8133988
5488121 7312133
6748121 9561256
5589139 7489595
6413297 8943238
6348044 8796691
6718491 9420306
6124876 8378551
6588352 9163954
6542841 9068690
6823837 9515149
5883384 7912052
6629271 9172352
5682634 7562918
6572412 9062277
5469582 7194215
6285258 8551034
6341291 8633513
5762451 7669856
6925216 9586449
6485393 8853473
6602317 9038424
6077447 8158339
5293774 6877905
6283323 8491292
6120488 8204381
6388199 8625893
5797526 7668261
7143610 9823582
5237725 6771396
6121432 8185485
7034936 9632090
5382791 6998245
6893095 9376448
5312263 6875144
7037969 9589822
6134324 8159223
7227151 9865655
7315482 9982254
6000261 7928049
5429295 7041884
6837189 9209700
6582726 8779122
6327349 8370289
6017962 7897152
6595845 8761080
6376755 8428123
6574908 8721372
7043975 9395902
6907548 9149880
6503193 8536025
6787648 8945935
5640665 7272857
7333885 9706831
4873186 6167119
7021537 9233753
7117616 9313094
5756144 7392540
7391066 9656260
6832972 8872030
7099829 9235820
6839883 8858592
7143500 9248156
6928133 8952780
7618541 9853586
5861028 7481885
7089080 9128622
7182998 9246736
7479219 9630010
7602670 9784274
7734840 9920851
7258529 9279896
7791913 9966174
7124788 9086796
7116048 9074976
7473826 9530514
7421954 9430011
6627386 8362875
7446522 9392102
5874178 7399879
7797146 9798879
5817412 7324023
5988592 7533840
7710156 9677611
6363685 7992917
5920179 7435846
7584984 9470711
4908215 6185437
6263104 7836579
7963762 9872676
7883345 9729640
6996723 8665617
7201425 8905116
6901210 8535145
6550492 8118012
6108922 7583167
6402606 7921007
7351832 9021728
7877236 9630739
6833060 8409980
7821708 9542885
7545847 9215838
7532965 9195381
6123040 7566870
6719847 8250424
6753318 8267770
7654028 9282817
8204194 9886819
7274045 8836915
6876445 8387288
5018218 6293640
6903482 8406769
5244495 6545091
6731471 8205708
7751514 9317746
5616873 6951791
6362661 7774150
7842608 9404167
4934750 6195160
5498571 6813132
7674503 9197823
7334388 8789263
7113301 8539598
7497925 8936426
7720333 9148592
6748838 8107397
6164637 7483734
5735486 7028700
5691264 6975639
7069951 8405188
5675415 6952830
7368689 8690571
6867482 8161798
8232663 9556516
6328297 7606590
6527139 7808396
7217385 8502736
7791788 9080910
8516965 9788463
7839551 9056322
7322607 8542458
8485782 9682402
8636763 9827063
7796380 8973280
5463461 6682652
8459400 9566306
8869450 9950724
8852368 9920413
6253932 7428689
7871045 8973630
6966309 8098931
8114108 9190158
7428597 8538253
8962404 9941589
8951366 9929697
8935598 9910925
6942543 8044182
6692802 7803605
5506457 6693045
7160703 8218238
5564759 6742945
6820868 7897736
8235793 9197818
7531016 8536152
7951361 8915888
7359937 8370339
6647498 7719372
8562033 9455836
8220741 9141896
8443091 9336409
6739734 7792969
8031411 8951393
5737885 6882799
8667323 9522303
7994224 8893160
6624939 7665536
8191843 9059341
5882135 7000304
5165477 6361272
8161447 9020653
6855617 7853550
9057514 9795110
9031722 9761018
7832646 8702560
9204108 9898301
9076288 9765319
9187815 9854736
6122755 7182481
5709199 6822361
9226557 9834591
7034953 7951132
6339100 7336609
7273197 8121032
5617499 6722461
9295950 9819372
8322967 9000049
7133108 7995307
7022852 7901247
9000398 9560894
8290269 8944738
8910407 9435425
7398456 8183393
9176339 9652348
8867972 9393818
7091212 7924906
9476734 9887906
9615520 9988475
9196798 9643164
9240908 9669508
9574247 9927900
6230279 7198536
5703144 6768459
7393174 8137734
8654511 9160774
9206033 9606366
7525198 8231060
8256776 8815381
9155951 9534158
9245772 9605587
9738633 9984267
6086246 7054420
9601503 9841309
7199867 7933248
8437019 8901239
7115997 7841341
8752053 9116286
7314471 7992725
9060704 9340591
7795577 8357682
5709837 6735719
8240835 8695689
8381315 8795461
6857754 7605840
9454664 9581382
9346002 9497153
8879520 9138374
7907307 8397578
8927817 9170831
7898914 8380116
9067419 9265686
9473729 9555304
6112490 7017515
8072765 8487032
7224358 7846473
9713927 9668092
9707254 9656660
9366971 9399023
6720522 7445403
9748319 9671528
9466237 9458481
9542102 9485362
6209258 7055467
9233034 9255179
8506971 8725251
9761386 9625343
7341773 7870464
6566585 7307085
6963349 7590724
9825810 9643242
9119319 9128587
9053995 9075547
5683538 6658366
8261311 8494062
6181277 7005639
8673997 8754997
8264268 8439314
6940178 7514121
8275908 8433215
8657095 8687949
7185477 7671316
8016529 8233828
9867368 9494655
9556878 9281107
8223450 8368408
8661475 8662296
9404057 9169036
6402002 7113322
8756508 8677058
9240545 8994583
6477694 7139668
8860150 8713631
6455895 7115567
7628082 7881224
7528602 7806388
5465424 6447347
6513676 7112296
6819973 7306097
8165328 8156766
9420789 8933428
7754574 7884216
9024523 8682680
8650329 8436021
9539125 8990184
9180157 8761892
9070065 8690260
8098193 8083040
9375854 8876725
9942589 9227816
8108009 8079261
9763499 9103192
9803844 9125765
9848479 9150829
9689923 9030559
9801754 9097829
5686537 6567070
7005928 7375619
8380415 8217390
9285609 8761259
9679147 9001370
9928429 9149341
6314683 6942456
9871330 9082980
9953375 9131221
9900095 9082540
5932118 6699427
6686258 7150219
7295057 7511965
9000293 8524275
7742608 7770458
7139238 7402978
8712395 8327481
5330943 6334809
8010838 7909877
7470416 7589881
7339180 7497053
5305923 6315503
8633309 8232494
9605462 8789389
9108314 8482539
9479646 8689669
9258953 8555546
9689916 8780686
7587440 7581790
5189376 6237563
7220457 7369693
6748573 7102841
7697576 7623956
8580861 8107395
6596649 7010768
8127256 7852084
9983756 8865305
9415589 8549461
9999757 8868942
6356191 6872232
7869995 7698645
6859749 7146143
8477989 8024661
9126206 8361058
6080593 6709988
9191367 8375757
9118806 8332885
9856034 8723820
5891852 6602432
8079000 7770532
7124205 7251590
9165134 8329904
5743556 6518193
5449327 6362476
9798680 8615349
5839337 6558397
9132321 8261976
7374962 7349941
7239477 7272105
6218661 6743172
9793654 8568142
8311114 7807901
7518709 7397383
7954748 7614792
9741880 8502409
9779139 8517017
7688184 7461521
7678527 7433949
5472282 6348054
8788160 7974773
9051973 8091539
8624591 7882147
6165965 6682370
9392777 8252008
6366462 6778469
8321802 7724397
7464909 7307459
8749221 7923446
9888444 8470470
9020402 8048278
9659799 8353858
9448258 8247818
8615471 7835850
9231824 8111289
9523160 8238799
8013359 7528176
6929684 7008641
8780271 7870311
8443497 7709761
8740297 7840586
6469428 6784888
9058052 7974619
8903803 7898471
9053175 7963895
7747239 7361227
6137811 6624116
8092552 7508170
9402637 8093880
7946866 7425633
9607158 8166447
9546784 8135083
8157311 7513789
9839851 8261329
9677706 8186258
9092821 7925840
7276533 7106081
6905879 6942034
8974703 7839030
8725018 7724802
8884239 7792602
9735992 8142645
8853815 7753300
8456348 7578913
6591073 6780620
8597304 7636432
9990828 8202498
7214766 7029516
7398193 7098528
8595918 7597305
5928810 6484109
6953323 6908184
9995552 8146437
9430960 7902059
9148185 7780335
5324859 6225619
9446811 7891126
8762184 7613681
9980533 8086223
9961320 8072562
8536354 7499005
9540069 7887651
9604825 7905209
8489239 7462429
9064703 7686636
9259125 7761360
9193313 7731775
9725014 7936262
8927863 7621298
8076130 7283139
7656418 7113543
8305678 7361532
9480330 7813380
6506341 6665758
8870245 7566819
7820497 7163160
8787484 7529680
6305666 6584434
9838041 7922475
9356133 7734041
9598410 7820775
6825381 6775065
6176177 6521305
7621079 7055395
5741641 6359558
6092191 6480375
6061499 6468827
8974166 7523653
8182943 7232081
9141894 7576703
7494472 6982568
8645061 7392600
6112791 6482515
6465196 6606846
8709125 7391311
9167725 7546967
8638022 7357687
8496917 7304394
6404186 6571024
9925783 7782982
8790556 7386217
8880178 7415731
7407047 6904964
6613713 6628617
9867091 7736609
7671333 6985578
8550529 7282968
7453662 6908228
8914368 7402343
8725813 7336490
8731098 7330720
7586382 6942708
9530360 7588826
6932503 6719035
6519405 6577523
9569507 7575958
7966627 7048337
9871655 7620500
7814714 6965556
9088459 7365042
9039412 7327231
9390684 7434899
8504981 7157873
8069339 7015776
8487304 7139403
5823023 6321086
8521972 7133646
6663770 6568179
9693408 7471517
7789828 6901825
7851922 6915421
6486895 6508226
9753949 7468770
7886163 6915519
7880732 6912575
9755588 7459027
6456691 6489167
4818225 6012678
9430193 7334495
9483800 7345730
7745421 6848649
9784337 7429749
8929244 7172145
9140018 7225554
8143018 6944187
7783633 6833464
8912119 7135997
8318348 6968972
8518841 7022335
8417851 6983934
7759954 6754491
8858755 7013363
6600529 6443786
5866018 6264511
6530830 6424486
8594873 6914040
6161507 6330999
9409762 7106573
9052065 7007094
6187929 6325134
8293670 6798488
7622150 6636379
8189723 6758024
9657396 7082897
9691951 7086796
8790272 6875319
9524812 7033401
9771417 7079273
8275430 6732511
8149156 6701699
6314919 6308934
7609903 6568529
8808309 6808017
8866893 6814540
5457965 6134108
8292068 6686679
5516050 6141257
9393253 6867458
9838562 6908308
9439905 6809841
8332026 6603556
6649967 6315402
8595703 6643871
6420711 6274613
6916802 6357936
6182548 6232096
8112861 6549188
5831775 6169815
7100801 6373956
9213204 6685489
8977713 6646441
8687223 6598248
7939484 6479109
9568003 6707559
9603675 6698706
9158340 6631460
8001409 6453197
7382446 6364517
6129696 6187800
9430082 6645822
8865051 6558170
9170655 6581882
7315811 6331064
9157175 6569957
5024257 6029035
8328076 6458797
7796041 6388369
7058758 6288152
9897747 6640467
7641697 6354743
8870193 6496330
7354530 6308809
9457060 6556868
8644262 6457445
8522887 6437599
7357350 6295765
9479546 6538039
8524503 6421853
7396127 6291135
7981362 6352959
7081321 6248291
9654923 6528970
9834859 6547660
8152432 6356431
7188530 6237135
8059811 6308576
6836370 6191564
7731389 6274958
8408494 6325602
6689703 6165037
8808872 6340379
8206777 6287990
7981480 6266354
8363891 6286019
7265768 6194270
7001606 6166790
9946235 6391238
9705152 6359488
7430082 6186481
8628248 6263931
8890668 6281762
9190238 6299745
5963964 6075634
7937311 6205786
7751919 6180451
9680850 6298815
9735773 6296293
9637148 6289359
7075181 6121401
8224419 6184518
7282870 6097415
9181913 6172308
7829077 6113420
7177897 6085352
8065584 6110784
8914998 6140696
7679048 6096870
8717960 6132991
9122378 6143719
9961511 6168935
9296739 6133567
7640393 6076446
7901400 6082610
7783683 6057454
7444709 6045166
7203925 6038961
9369139 6077237
8825442 6060835
9775232 6075425
8112527 6042819
8388335 6042852
9607624 6024395
8662013 6013310
9659218 6005579
5746326 5995667
8928324 5989169
7185210 5984460
8196276 5976849
8683728 5958962
9923984 5947754
8164766 5961062
9010920 5949276
5573651 5984765
8638405 5948384
9825327 5929503
8918601 5940126
7669616 5954829
9280478 5924740
8731627 5929905
9953146 5909669
8003051 5938845
9532517 5907387
7201239 5945034
5555875 5974626
6044568 5959829
7181114 5929474
9564177 5853383
6069323 5954575
6865523 5928399
7826194 5897926
7687673 5896774
7979036 5877661
8310184 5865391
9549275 5781720
8248426 5838473
8690175 5813479
5997482 5934169
7722589 5847936
6143639 5923669
7343021 5858746
7651829 5840794
9667875 5726887
9720774 5715644
9155358 5742417
8579607 5767826
6704386 5874554
8623588 5755575
5652025 5932300
7613173 5786455
5897380 5907750
8295403 5727655
9310992 5645840
9180877 5634712
7289638 5784698
9733938 5560372
7517084 5749991
9081582 5608211
6925807 5799321
9529607 5565036
7723442 5722869
8334444 5666616
8838184 5603534
7295396 5749361
9976377 5491001
6645286 5809969
6497924 5823943
5404153 5929748
6619712 5796556
8908559 5552610
9975453 5429627
6779527 5772531
9119599 5512581
9761291 5441108
9610998 5457245
9795342 5428472
7770002 5652312
7256147 5710160
7679919 5657796
7984614 5619429
7631364 5652784
8765743 5517040
8547603 5540273
8428490 5544295
9669059 5388106
8643380 5513988
9786547 5346471
6268615 5795120
9868047 5320618
8813724 5448116
8446867 5488629
7651390 5594335
9430939 5346432
6600114 5733018
8687832 5438556
9372241 5341199
8658106 5433617
9883109 5255919
9061498 5368241
7522060 5590299
9970353 5226029
8838836 5381060
9434401 5281832
6930002 5658470
8082536 5473273
6865858 5650643
8576493 5369621
5435715 5880672
9210029 5253345
7990246 5447569
7846488 5469757
9954669 5098188
8368660 5363552
8956966 5258467
7966894 5430786
8170687 5391844
9807755 5098479
6786819 5631213
7308013 5522800
6766983 5610528
7894673 5389142
8353160 5297185
6620643 5631502
6291258 5690276
8742675 5205787
9231822 5105803
9740524 5004153
9619199 5024036
8061025 5334418
6756869 5593870
8264402 5289087
6183102 5705954
9130815 5110382
5164428 5910313
6833407 5569947
7931006 5345066
6558823 5619097
8234559 5265202
9470910 4998062
9423083 5003592
9129000 5064394
8756802 5138671
8711226 5148038
7912001 5315617
6700327 5567906
9692738 4907378
8871358 5085272
7666537 5348645
9424762 4951963
8233268 5185629
7564839 5334483
7542763 5337445
8653165 5065478
7393745 5364486
8383433 5126265
7569538 5316567
9149856 4935381
9059393 4957125
8716690 5036703
8883422 4978212
7522340 5299481
9046625 4890128
6505688 5542802
8116956 5127706
9458564 4772469
8442534 5035428
7525736 5268970
9986936 4625226
8469448 5017939
9226924 4802141
8511580 4989251
9995062 4579965
8973575 4852738
7645665 5194658
9851162 4556493
5754140 5709594
9170393 4728065
8764366 4840943
9779925 4546870
8337254 4958886
6810786 5393682
9945471 4466096
9477181 4603479
9751674 4519405
9899116 4463083
8543776 4863953
8895368 4756853
8111801 4988845
7606775 5139413
9920258 4445544
8267048 4938195
8716329 4793749
9768073 4463677
6663509 5401639
8102266 4945451
9719548 4436978
6207962 5535218
7071279 5259676
6833446 5328669
5547624 5734254
9845747 4331938
8237302 4848822
7376987 5126530
8011662 4900186
7752575 4985625
8247926 4802903
7611509 5004069
8199487 4789469
8579904 4653129
9283316 4381529
7645301 4955870
9185143 4403250
8555000 4628517
7179210 5121886
9134128 4415355
9294510 4357278
9866315 4138700
7345779 5049762
9724680 4166194
5720385 5635855
8755130 4503468
9467446 4231954
9860169 4049584
9473865 4187418
8752135 4456076
5978795 5520725
6870670 5172844
8903811 4379527
9728747 4057251
7358439 4976312
6959927 5115805
7709104 4815135
9610131 4044132
9240970 4189130
7250848 4985714
9964481 3890674
8801750 4353287
8089780 4633419
8918208 4282771
8991470 4245676
8843174 4305099
6952104 5080080
6730218 5167381
9889484 3846692
9402140 4045315
8609178 4375254
7445316 4861653
9299577 4081301
8483357 4423434
9653040 3907973
7293897 4902342
6046975 5436353
7042104 5005402
9879221 3777587
7942019 4611656
9704746 3847747
9802128 3801837
9661453 3851798
9951263 3705941
7205858 4913225
7958799 4567881
9985166 3651890
7464710 4778255
5798847 5523372
9097450 4032556
9501661 3842456
9222811 3968063
6698709 5102639
9635136 3751164
9163302 3960878
6526269 5173540
9658105 3714791
8625147 4188346
8285315 4345926
6388291 5227026
8613433 4182431
9947904 3554734
7862372 4533059
9974011 3541140
9471368 3774270
7812521 4543492
7242746 4807279
9573111 3677862
8141098 4357923
8207142 4315345
6751049 5013444
7910890 4429335
7405738 4678792
7397712 4681250
8248423 4253352
6268670 5235983
8765176 3986652
7634654 4551548
9969658 3376997
9286924 3713222
9765832 3469914
9541297 3577691
8128580 4286593
9927440 3375850
8326511 4169677
9991594 3308139
8608489 4007891
6952466 4858489
9608513 3472079
9233564 3663249
7273674 4677693
8957014 3793591
6855860 4888611
9884415 3291059
5941850 5362805
8410904 4053282
9531140 3437794
8507324 3982984
8698114 3869707
8185821 4144467
6414704 5092028
9824540 3203315
6994250 4755760
8850869 3730128
7248162 4613950
9471100 3376171
8654328 3814337
6707499 4901476
5890208 5357278
7107599 4668268
9857894 3104575
9984971 3031064
8585208 3822618
9469134 3301262
5022388 5838891
8622917 3771211
9434650 3305002
9554648 3233627
7479407 4422395
7238671 4558231
9998099 2957343
9551040 3206966
9990666 2936698
9291176 3331858
9744881 3059877
7928741 4126247
7262809 4511350
7562649 4327447
9895873 2932547
8849960 3551404
9690543 3048705
9890862 2923571
6046482 5219386
8030204 4029380
8809116 3558487
8231488 3889711
9756316 2924056
8925757 3432453
9733247 2927764
9329407 3172806
9693488 2928787
9192150 3227651
9078102 3287935
7002051 4585343
7331782 4376272
9814697 2813113
9870476 2767526
9509425 2991341
7923470 3987182
9974793 2689454
7413394 4309641
9194261 3160381
7853857 4008985
9677800 2818161
9865336 2689075
9315082 3039620
9026919 3224370
9821234 2708749
8489395 3570432
7924956 3935064
7746698 4020508
9237161 3035731
7818874 3964267
7410267 4231526
4912725 5886942
6551852 4798599
8507225 3495925
6072354 5114028
9013523 3145547
9291327 2959648
8721173 3338217
6967394 4495668
9716076 2634832
6992971 4476716
5804622 5280140
9381695 2847739
8804105 3235299
9726373 2607106
9255797 2923729
8862276 3187057
9429392 2796993
8452692 3464238
8391952 3498746
9687757 2599497
8620702 3328857
9143333 2961517
7685410 3959783
8633221 3291913
6598523 4698016
9512739 2651914
5849267 5219610
9217442 2837232
8225243 3536118
8026007 3676318
9890792 2353722
7709366 3896607
7917549 3747595
6608482 4674023
9413562 2674130
9924133 2306233
7463942 4060049
9564577 2557182
8870611 3047107
9317596 2724654
9355305 2692349
6010733 5090774
9835329 2343053
5935127 5141169
9530881 2549287
9275566 2722735
9488393 2568014
9273172 2721832
8118628 3552614
8516469 3257671
8908351 2971711
9612721 2451309
7779517 3786964
9896085 2237235
8088183 3548540
8968080 2893366
6645131 4601071
9080076 2808777
8835375 2986992
9090954 2792431
7269125 4131264
6234475 4896189
9416830 2531693
7622326 3859651
8995565 2808428
6159698 4936860
9631691 2318182
9234241 2615160
9031798 2764233
8820869 2919704
8833906 2898318
8562670 3102557
8481797 3158652
5961456 5073698
7796340 3662309
9398574 2433389
9195809 2581207
9956804 1991259
8912054 2792380
9733438 2153845
9675810 2157783
9934419 1940169
9741792 2068393
9924338 1920673
8478229 3057949
9762753 2042758
9690868 2094936
8607107 2924783
7955341 3441690
8362183 3115402
9101578 2514596
8669318 2851070
9334253 2317440
6148925 4869375
9274234 2349500
7942296 3418202
8374334 3066120
7309519 3897689
9717024 1924460
9300307 2261736
9243564 2296725
6880849 4236167
9217387 2306921
7192274 3972223
9597910 1977913
7534152 3685689
7225634 3940020
8228945 3103585
9444507 2087241
7663683 3565499
9211437 2268441
7380067 3788752
6991896 4105078
8920108 2470538
9023382 2369754
9474583 1984220
9049951 2337111
7808996 3389271
9944893 1565972
9859376 1638196
8187981 3056119
8747329 2575598
9788832 1681015
7162870 3924413
6402682 4574214
7466012 3656525
8544773 2727578
8873034 2444429
8267584 2960795
7943429 3240131
7672829 3457898
5936935 4962739
9411133 1931210
9625845 1741529
9401700 1928451
8442513 2764220
9244758 2047426
6226595 4692095
8867799 2355096
6508216 4438653
5789039 5074449
6573149 4379474
6710891 4255658
9747262 1560620
7916466 3178286
9634482 1649110
6568219 4376650
6452034 4475470
8269991 2845406
7185296 3812984
8293431 2819399
9562121 1668040
9052157 2124278
9861339 1376956
9109477 2046800
8594708 2498809
6500255 4403455
6522271 4382780
5602310 5218654
9664482 1516454
7809951 3201874
9329472 1801428
7754200 3243792
9632664 1518157
5854460 4980529
7710862 3273960
7583565 3388378
9322442 1785980
5679282 5137077
7292656 3644722
9598153 1500980
6949675 3953626
9514743 1558706
9474165 1585854
7842113 3107907
9780985 1271537
9390073 1633292
9327675 1687741
6838551 4021489
6073877 4743607
6355448 4476634
6968936 3882193
9018556 1920502
7825752 3052403
6979627 3860565
9006902 1915159
8874465 2031834
6114870 4679857
8780233 2104431
8736597 2142541
7383071 3447722
6283254 4509963
6842550 3953129
8871938 1963330
9087479 1737932
9429586 1383147
9032650 1770919
6109865 4653252
9778332 1009959
9080293 1701244
6330380 4424118
9782538 975795
9482862 1267203
7948798 2796348
5986779 4756840
9183312 1553333
9955467 763954
9862398 830863
9938622 749980
8134530 2573106
8172145 2533532
9455147 1232593
9642607 1040973
8567203 2124327
8591449 2075626
8044045 2624911
8793076 1822994
8100566 2536849
8094490 2533981
9103872 1485759
8330932 2284421
9509750 1053355
9487490 1074831
7505886 3128461
8798725 1783053
8950370 1624453
9429421 1122497
7215366 3427027
8745660 1825461
8468568 2109600
9957228 538290
5847428 4845242
8108832 2473948
7753823 2833165
9988947 474684
7637349 2951858
8960186 1534330
8480232 2037958
9814373 600822
9334219 1099425
9457870 966697
7852881 2678321
7792494 2738020
8111188 2392011
9907284 460058
7536947 2982303
9859586 440657
9966732 312853
5847345 4798257
9917675 303578
6683862 3855975
7973551 2418720
8910659 1373354
7617692 2809057
6943837 3557208
9476455 715527
6274155 4289237
9119447 1099647
5272326 5410145
8001965 2344998
7570521 2825186
5042165 5666877
8497215 1771964
5636149 4995087
8410477 1861430
9502011 621093
9711678 383856
9945172 116271
6669769 3819655
9206936 942368
9545797 549988
7299436 3094990
7654656 2688558
6112140 4441863
7266490 3122315
9808631 214035
8415630 1801514
9888545 95005
8301212 1909016
9561088 458325
7945545 2305667
9902235 35404
9734041 228125
8837128 1259021
9611396 342738
7048282 3322787
9644842 275699
8931426 1108352
7189650 3139499
8686792 1380827
8414241 1689456
5492585 5121876
6054520 4459984
7846003 2345765
8675766 1355320
7484091 2757087
9676703 143105
8203237 1873249
5280360 5362608
8216693 1856027
8122605 1958935
7698676 2463730
8551565 1418289
6304800 4120334
7440853 2745845
7947137 2124807
8179810 1839687
7266078 2935218
6516050 3845101
9240960 520814
6410554 3969458
5553529 5012955
7072208 3152524
9525272 146123
9197085 545895
8885343 927531
9556218 96884
8236862 1708440
8564528 1300041
6909136 3335564
7548359 2541529
7582955 2498822
9042895 691944
8960080 785926
8070964 1886066
7510124 2564368
8473631 1358617
8870457 860366
8006149 1930341
9394069 193308
9466595 95562
8857393 856234
9051245 593337
6675434 3575007
7309332 2776882
7820474 2127980
7897047 2027379
7625938 2363727
9457920 48306
5833814 4623567
7484753 2532247
8935458 692405
5858029 4590577
8580274 1134657
8053606 1792981
6373198 3930530
7736152 2194647
8440222 1296733
9166775 367886
8516689 1188780
7652805 2289525
8964601 610059
9350706 115916
7090945 3001096
5977409 4423254
7623897 2294842
7354746 2640079
5511529 5014823
8488341 1150228
8276650 1413054
6818947 3304441
6948572 3128091
8820767 675844
8625637 918488
7273834 2685729
8481971 1100939
8335814 1292467
7996940 1728201
6003949 4347247
9053043 317423
5207766 5391810
8222945 1409462
6812779 3271146
9003420 365969
6295562 3946994
7970856 1723653
7312163 2595778
5686720 4752938
7820214 1917388
7839084 1888550
6785633 3286198
9198585 57027
7434181 2409237
8971687 346467
5893828 4464629
9003614 292516
7298655 2577635
8241858 1308280
8462653 978519
8819460 486776
8927960 330539
7878979 1742633
5768420 4608596
7296583 2525859
6445775 3684364
8848555 385015
8788707 447391
7583103 2102113
6685038 3328705
8140092 1300774
6293797 3856248
7694655 1911969
7331488 2413724
7678578 1913239
7084682 2741039
6590358 3420379
7513747 2110147
6948512 2904376
5715313 4633337
8273455 1020113
6351745 3721009
8299701 903768
6539911 3426365
6682729 3211898
7088463 2620500
8243417 946586
6875573 2916303
6299153 3744452
7049568 2646861
5236429 5286742
7985553 1267896
8223146 896970
8273908 821990
5127859 5438450
7170360 2412089
7976997 1211850
7189492 2375760
8359023 599972
6571241 3271991
6044861 4057418
6698529 3076931
6043833 4056555
7956954 1186756
7659826 1627014
7351064 2072856
7139268 2389170
6114190 3932511
7975874 1109299
7582787 1704207
5442000 4947927
7020941 2554665
6995982 2590598
6138816 3889065
5897367 4252239
7051248 2481952
8062578 929154
7919191 1144839
8167547 758278
8071604 905277
7786093 1334499
8464203 279266
6284402 3621905
5592674 4690284
7870438 1150173
8598655 18466
7354417 1948951
6754041 2881884
8451610 193835
8180768 612786
8436922 209374
8162030 638989
7298466 1987169
5811117 4322919
6696913 2917982
7586180 1510928
7301489 1959151
5496595 4813716
5230134 5232267
8215971 466056
5408694 4944324
7703203 1258052
6184803 3693362
7035002 2324606
7864854 981933
7908555 908211
7984577 784901
8101788 585810
5323198 5070410
6898853 2517859
7085102 2209307
7398093 1684723
7361421 1734923
8272864 225369
7393794 1665327
7864709 875096
7683186 1162115
8091668 482427
8305367 118024
6785786 2627239
6558290 3000436
8316873 45595
6167673 3627724
6665167 2781383
6404683 3218600
7684404 1039188
7080665 2042694
7825018 772743
8122537 255767
6900064 2310508
6154665 3584002
7561328 1138236
7383494 1374797
6793343 2395996
5968064 3841515
5156207 5275001
6006349 3758352
7170523 1675279
6853703 2240864
6220684 3365773
8058147 71930
6226664 3342556
7898379 333685
7027095 1896540
7294621 1398587
7799920 461606
7713616 612697
7690244 646465
5954000 3799819
7648727 697837
7540091 895499
5995973 3716537
7471253 1002640
7475420 983920
7897782 186295
7694066 554820
6693039 2399502
7937964 79708
6082638 3522221
7291739 1266674
5615584 4385914
7487461 884652
7690776 480867
6608759 2490872
7794989 233772
6186803 3273039
6593115 2499330
7072241 1588017
5385295 4789717
7026376 1644505
6153543 3313150
6278869 3064228
5128552 5267240
7208397 1255225
6618210 2384623
5109267 5302134
7638227 395729
7423133 808665
7091164 1429732
5231496 5049582
6616896 2317733
5425612 4665053
6112591 3298834
6735204 2063641
7357303 804209
7267459 962724
6942879 1597509
6386032 2712554
6371749 2739379
7336896 796797
7559648 346018
7494238 476382
6950385 1537802
7434193 540097
6690531 2034081
6680585 2051134
6564453 2284378
7146204 1072288
7650281 27353
7215599 919959
6134780 3138820
7354061 554818
6322790 2685572
6739052 1795590
5984273 3386437
6207959 2910327
6340523 2619492
5231894 4972650
6521057 2224427
7463486 168305
6206128 2857882
7392922 288383
6266983 2716407
6287432 2657941
7138752 798504
6820276 1438217
5916084 3420191
6826094 1397147
6813767 1419426
7109572 722537
6512896 2036532
7225088 429650
6802025 1373601
5928573 3336108
5625004 4007155
7220206 366794
6904721 1051642
6303362 2427050
5949528 3229966
5836427 3479787
5927951 3267558
5303695 4713779
6210122 2599625
5639180 3921120
6764837 1285996
6030778 2998849
7294920 23312
5643111 3884133
6103884 2792171
6961701 759312
6040351 2924276
7172089 212142
6512107 1771982
5461774 4288328
7041246 488699
7127873 276670
7139435 248379
6609721 1519556
6844282 855377
6290645 2214206
6413568 1890596
7030099 366760
6807157 914763
6476104 1732730
7071091 258993
6635880 1238628
6524629 1517923
5891946 3093829
6929515 409788
6876604 520690
5999520 2779701
5563515 3892794
4967507 5433941
6792259 685314
5598405 3782585
6962246 90212
5382150 4306845
6913668 205159
6535881 1209078
6575428 1053036
5679643 3478070
6546666 1123538
6329981 1686242
6271740 1824075
6178348 2079404
6061363 2394915
6495005 1159748
5587613 3675435
6024461 2438906
6790809 297030
5105417 5005156
6350421 1506156
6506454 1058324
5910768 2695493
5934935 2607970
6731495 328123
5819753 2896953
5210416 4645594
6164041 1825864
5477702 3848900
6728937 144896
6742895 31552
5491755 3765461
6504600 654479
6483804 713039
5165569 4729412
6089917 1898808
4898085 5546163
6030046 2077675
5549853 3536985
6215271 1488229
6399613 886746
5683450 3092573
6317897 1113712
4859405 5656783
6122843 1664976
6130048 1639633
5342643 4118613
5528541 3509397
6606245 36016
6259729 1120784
6369187 588175
5064484 4948677
5960599 1929491
6405184 427968
5684130 2836230
5976863 1839338
5602802 3097414
6411860 335134
6320608 566889
6018815 1557745
5721841 2596953
6208596 819179
5877205 1978959
5556124 3124430
6305723 440660
5774026 2317881
5758241 2349562
5844246 2009602
5661462 2670901
5975863 1516593
5415589 3564133
6371348 19301
6046932 1178096
6025386 1238187
6109629 901317
6117958 844016
5886547 1705269
6157735 666027
5819917 1895106
5857895 1713869
5652431 2482603
6100142 730323
5704642 2237887
5666522 2386843
5986468 1121123
5570137 2740485
5316890 3741612
5130641 4480906
5497417 3009317
5678282 2282565
6031352 818718
6126623 407473
5777980 1739341
6044408 620452
5227904 4009370
5568857 2582266
6112778 283815
5927998 1034692
6066137 359753
5379049 3298295
6078125 267265
5355397 3382201
5259300 3782423
5618497 2176685
6084849 122623
5867127 1076326
5864549 1087037
5741214 1615312
5856657 1082578
5964629 576183
5966784 558566
5938529 663348
5948322 551419
5862205 935983
5298944 3499327
5126634 4283793
5636470 1949994
5326157 3353445
5848912 900662
5314348 3367673
5222815 3789883
5204309 3874505
5851212 838199
5886317 612819
4964581 4974810
5184917 3913666
5538120 2213031
5959573 158037
5709848 1334114
5419903 2684894
5902631 277749
5585995 1727027
5716113 1057053
5276090 3279772
5224631 3508334
5432245 2402000
5401108 2554706
5755122 657533
5781206 491418
5740133 698801
5714520 823471
5767048 449157
5539366 1655086
5656020 977270
5503165 1800746
5566186 1339852
5788181 60852
5675859 671776
5755210 191510
5573339 1188550
5581042 1138483
5627104 774074
5645305 593069
5323081 2530677
5635544 555675
4965653 4659363
5610611 548246
5009098 4354143
4897448 5060392
5228148 2936433
5355336 2026649
5468221 1210338
5174844 3165375
5129788 3462231
5363507 1886919
5464839 1153518
5575463 393952
5304652 2224055
5460727 1158846
5547650 501084
5453691 1025225
5282429 2232254
5149189 3175308
5349865 1629771
5227246 2505317
5253022 2262831
5073127 3590191
5135849 3106314
5441764 796881
5125394 3167518
5429348 866608
5066787 3600892
5164204 2807103
5477028 367369
4978615 4161630
5190811 2393887
5381803 815536
5326471 1241131
5367240 888747
5451869 78366
5298241 1348060
5348041 886744
5123966 2749677
5367630 511528
5126143 2593598
5234409 1541696
5080682 2866237
4943910 4157525
5319893 506320
5018629 3405548
5343436 114959
5155599 1925035
5226396 1203972
5280041 653284
4924094 4201142
5222403 1074328
4886444 4564396
5170288 1530847
5281858 44745
4897325 4345192
5231818 500535
5240243 364976
5212797 638493
5131585 1447729
4922767 3904566
5079432 1783695
5024059 2438595
4953875 3309708
5198072 34278
4876763 4297240
4989866 2723614
4825001 4988706
5131975 690730
5052494 1745000
5116574 730190
5049533 1685672
4941739 3241497
5151696 42975
5120707 443653
5134762 223464
5113699 493266
5008066 1929112
4791934 5333998
4901106 3435269
4812947 4930256
5009161 1448450
4883674 3663168
5044361 819019
5058182 430748
4909633 3083405
4798988 5120659
5064769 75403
4879772 3570378
4964438 1957174
5001174 1236456
4880344 3530085
5001527 584249
4841665 3971308
4972773 835341
4894702 2648387
4992350 246261
4975048 372128
4770229 5521763
4937522 460928
4907206 1316998
4901689 1447713
4805572 4272001
4931274 135069
4893403 1208864
4844039 1659449
4845765 1500235
4811600 2579920
4798257 3268358
4816194 1093015
4824120 429357
4770534 4380834
4802895 939398
4784232 2557228
4805278 148556
4785861 1334031
4785986 1149838
4776844 2035623
4761012 4444388
4745044 3202382
4743508 2832989
4729389 1092465
4722455 2092119
4727326 2968044
4725119 2696671
4725982 3402687
4705950 1549869
4691695 967186
4680729 1088146
4662417 353965
4684357 2588925
4659882 1611701
4616761 221918
4626817 752600
4612736 703888
4597419 430552
4663547 3011581
4611167 1291072
4599432 1074875
4668687 3378209
4675819 3730727
4572978 711336
4587679 1167167
4535382 181503
4532032 130732
4539128 339390
4548151 621999
4583338 1582773
4555325 1356415
4492550 458356
4712426 5172967
4524375 1289487
4666247 4245428
4457595 132864
4481781 656116
4584224 2766411
4633097 3715846
4456851 366928
4507983 1351604
4523971 1860803
4448932 618387
4434025 552838
4489106 1656455
4496681 1870204
4723670 5538421
4651880 4425414
4477678 1742351
4567658 3175267
4482258 1976125
4403357 962207
4335432 29265
4383482 872742
4477459 2310841
4594256 3948044
4582792 3816200
4566231 3616003
4375617 1291677
4319376 649300
4651054 4758181
4506891 3081775
4387560 1900974
4318637 1130899
4454046 2682062
4562010 3896847
4324630 1383780
4546878 3807373
4448244 2808623
4387940 2203170
4233346 744418
4720255 5675607
4221976 708455
4420894 2760500
4247593 1074188
4181876 562093
4165198 427196
4416044 2854271
4192633 949738
4178571 910587
4437488 3222643
4336828 2356363
4091901 338641
4231117 1557338
4686883 5441169
4123228 684498
4407749 3101544
4171326 1184414
4119329 779725
4185570 1358811
4097720 655803
4566354 4529058
4022054 367967
4371111 3065963
4166738 1579055
3978469 168983
4006703 477976
4039156 735133
4243085 2276409
4212629 2079653
3962338 275784
4274432 2559631
3982553 515081
4580368 4783920
3902328 18138
3983686 630582
4145057 1759019
4099291 1507006
4030842 1127095
3942175 615291
4247211 2670550
4176019 2203818
3852355 177328
3975663 1053690
3886325 528714
4354030 3482263
3793752 13667
3878826 557089
4445021 4088261
3884281 617554
4396572 3810705
4335649 3447423
4334677 3452667
3892201 780894
4036380 1697178
4124115 2265855
3744054 72143
3973652 1424610
3999949 1619643
3917864 1166115
3989190 1584771
3935707 1331768
3939686 1426782
3894284 1204884
4497597 4578301
3696190 120279
3839259 941885
4135611 2583103
4034838 2047744
4210143 3067393
4111822 2545525
4290206 3531682
3938739 1697253
4544311 4903703
3965165 1896107
4379422 4065960
3669734 551456
3857376 1497295
3818145 1331057
4024784 2373311
3597087 309463
4329046 3912764
3960948 2132906
4038306 2555907
3983311 2312517
3543935 326808
3906727 2035244
3643501 877577
4094187 2959509
3573561 607878
3429366 26449
3595705 809013
4380705 4329610
3686064 1218202
3913718 2238966
4078382 2995508
4327521 4105610
3583886 809905
3977140 2563168
3500883 478125
4122795 3230151
3449428 278895
3874172 2173920
3425920 272419
3428203 349719
3453735 473149
3431095 387783
3601040 1123471
3912613 2478468
3632428 1325546
3560385 1065129
3301984 14741
3360522 279254
3411874 497975
3563167 1182217
3968341 2844377
3535034 1125447
3865603 2453768
3689602 1773024
4151899 3653739
4057914 3302122
3291313 383104
3581454 1520188
3217764 134671
4664642 5661183
3343240 637991
3563149 1526001
3313736 599376
3903285 2824666
4345780 4494642
3382448 997613
3771403 2438306
4046302 3446059
3127438 179277
3361833 1046375
4191098 4002875
4144232 3843401
3883560 2943264
3451467 1507881
3099410 295290
3167362 574568
3061162 249253
4247212 4287175
4614006 5527607
3141749 559332
3183160 712337
4092196 3773417
3950407 3306508
3171476 734369
3874255 3088175
3027102 322156
2999037 234767
4179698 4116438
3170173 862279
3562750 2143454
3192915 953534
4058138 3761311
3371833 1556286
3409170 1679445
3019486 440055
3136707 852911
4252782 4406820
3164977 984998
3020404 536042
2993100 450109
2917102 225106
3511492 2119640
3669178 2619950
3697491 2711282
2948757 425810
3634264 2547951
3108192 944444
3558556 2328576
3241385 1372209
3016464 693236
2995179 644876
3748810 2959852
3114742 1047897
2838466 223355
3830698 3224168
2764494 43435
2847024 320674
3452482 2127469
3192066 1373553
3429808 2097676
3820870 3250484
3069527 1047268
3386725 1986502
4346240 4809338
3595604 2637778
3321884 1850200
3307872 1879942
2738669 303267
3471172 2422887
3891633 3596575
3259318 1879101
3485611 2507471
3135871 1577615
2679926 372256
4138326 4332978
3625324 2946166
2960459 1177508
3315977 2143068
3943821 3838034
3032733 1412356
3720615 3279426
4082143 4232213
3292798 2159010
3573098 2896201
3040042 1496322
3515564 2752726
3731470 3327300
3461953 2638550
2999399 1454426
4389122 5057023
3768500 3456585
3375759 2447222
3327584 2330446
2630708 548466
3104882 1773188
3280323 2226375
2718508 797851
3582283 3009734
2522853 331563
2668113 745143
2610869 681530
3456859 2809994
2981902 1647999
3950920 4030914
3373607 2622823
3934252 4003435
2425674 361954
2603387 794815
2477626 507370
2474755 503589
3115441 2092080
3485316 2978935
3289132 2513526
3308304 2570204
2691908 1110881
2230724 57308
4283678 4891327
3234234 2434039
2298871 259365
2863033 1578569
3158987 2287797
2947149 1817820
2504741 860996
3992632 4266654
3876309 4024370
2398096 700188
2460190 859426
2201933 304712
3645955 3526321
2216115 345455
2638428 1286634
2735369 1509518
3307781 2792933
2547412 1142782
2263367 526157
3100988 2395880
3168967 2554309
2569337 1270502
2594956 1331208
3579018 3459245
2260194 616259
3518812 3338810
4255487 4924867
4437388 5317236
2576098 1316960
3900933 4165526
2580159 1346237
2259754 663523
2109037 376341
4382431 5209492
3215388 2746947
1996130 216729
3225026 2813244
1899028 69279
2210212 745839
3721979 3875796
2621187 1617315
3247407 2914411
2931225 2275519
3116257 2654948
4159965 4787820
2323411 1066654
2699210 1831633
4030177 4530766
2407813 1263772
2237073 950366
2129755 768716
2328306 1173442
2525455 1582950
3784828 4087741
2799489 2147327
2367270 1313624
1919489 449672
3289639 3138088
1868336 385276
1905459 463247
1987748 626366
2565343 1765033
2032475 740670
1728106 159455
4448111 5407804
2464657 1584996
2066520 832846
2053005 821691
1629557 36258
2150988 1039378
1851282 471407
3787485 4158263
3398190 3419310
2320747 1373996
3025785 2718994
2696993 2102964
3283384 3215489
2408363 1563145
3017816 2744002
2091027 1021704
3630342 3912789
3212374 3140511
1948136 828607
2278400 1483731
3864055 4377399
3422513 3576457
2636798 2167291
1695203 479016
3901374 4462483
2359907 1703437
2742847 2399937
2518040 2015621
3615403 3970178
1516559 240765
3208841 3261686
1711687 633299
1457083 191462
1963564 1088729
1866778 923096
3665692 4089181
4143373 4927753
2805956 2592417
2235372 1603708
1863680 956416
2539895 2154991
2965167 2897200
2636305 2336869
1812008 913003
1290811 19358
2314286 1792296
2258101 1717078
3189200 3318838
1289059 88297
3597767 4027970
3221147 3394994
2871380 2805594
1583735 625357
2609586 2373502
1386666 329165
1349552 276414
1719977 910069
1429753 424854
2645000 2479289
1675670 864728
3084960 3214974
1591469 740795
1162723 28487
1832702 1147836
1810601 1113914
1917382 1291698
1852591 1184753
1526677 646517
2558669 2357462
2818000 2788109
1860698 1208270
1374437 405650
1585618 760104
2892488 2922396
3451616 3854253
2056744 1570606
4340147 5318040
3238721 3513291
1129071 61642
3232447 3506297
1384167 525760
1782283 1186929
1558930 832123
2447921 2270708
1542961 819623
2973504 3130162
3750625 4383111
4498783 5588449
1607699 978005
3253057 3605142
4027094 4839574
3302163 3694535
1373205 640308
1367463 637639
2947257 3166701
1652319 1138918
2089342 1824358
1378368 712034
2354216 2240867
1548589 1019740
2712834 2831803
3753590 4446927
3213354 3618964
2211362 2081213
2580368 2661541
1834548 1522942
1296525 698570
1809933 1510962
4714498 5936725
2368624 2377338
2544003 2647028
1296356 779773
3064304 3448200
3096692 3497480
2749653 2974205
2484327 2575442
1272297 768882
3676742 4380880
1001181 370149
1128986 578395
3451912 4050665
852397 175376
1564974 1244015
3584449 4256993
927782 313364
2023986 1941651
2807289 3107979
1367682 975272
1096513 589821
1573415 1313895
985588 455946
2702920 2991020
2713699 3008319
1167045 748489
1208548 818948
1770348 1639478
696807 71799
753109 180056
1385655 1108809
2068290 2100712
3605089 4330199
2879853 3283753
3908941 4774517
1673965 1554512
2703965 3041232
4050678 4984557
1390618 1171957
1173203 861393
2219893 2371336
2135109 2258810
796081 353488
3706743 4503664
1642517 1561479
1297927 1073001
3300777 3931396
3838159 4697817
1741987 1725276
1579652 1508498
732748 311817
554722 72867
2040671 2177534
935894 648607
1130968 928673
1077871 870311
1012850 779930
648908 276598
2552834 2942476
934978 698207
1524149 1516355
4221215 5262046
2020292 2239463
1486669 1506930
649715 357875
1589280 1653074
1120039 1013013
2294406 2624737
1799449 1950193
932259 793988
2550885 2999932
2141682 2450545
466339 183598
876349 740063
2137401 2455449
891533 773282
864323 745197
995281 922461
1740435 1943558
3324067 4073902
1775698 1992822
3321532 4071854
814425 704134
3513249 4331266
1139108 1147471
3007893 3654305
2498184 2978130
4190844 5243303
2599197 3114857
434369 227220
2001186 2327818
2275647 2695096
3258965 4009294
1602896 1815152
3631857 4507432
1607142 1826823
288067 102450
2476951 2993685
1835024 2150564
671394 641006
2629868 3210612
230117 71806
391050 284518
3893809 4873262
1918178 2295701
3245505 4032274
2657003 3267438
871000 958778
2185738 2682568
2880262 3578808
967839 1111880
3779147 4740657
786452 904537
857540 1001328
1203177 1452791
213381 190617
486752 559530
56593 30607
1071988 1324963
3785935 4770211
390165 494048
2058636 2604388
480352 634613
3834639 4843433
1371616 1772689
1447539 1869163
89347 186214
897924 1197081
2391701 3056472
2036851 2615709
1735434 2268914
398254 629605
2739866 3515985
1144767 1563220
1338038 1804984
180519 387292
428296 708460
2071938 2718330
2971943 3824660
845441 1258078
950122 1385148
343605 652654
30532 281968
856527 1295191
275413 620740
80264 405482
443897 847157
4015140 5114121
140181 508465
1671947 2332112
486158 930345
1058838 1614659
855157 1375193
1474381 2130095
1171470 1777439
2555515 3411560
3949567 5050936
687117 1226092
3832355 4915195
1729616 2449265
659284 1196646
849333 1452681
96258 584267
1656622 2420490
2410460 3295181
2101775 2954001
996409 1692998
460066 1086038
808329 1484858
1182494 1916240
218791 824530
557542 1212000
292641 922411
1252432 2021292
2326935 3252979
895487 1638261
281642 964790
2699558 3698770
2273749 3224446
1797565 2692852
2169400 3110809
376973 1116384
3725445 4850209
3215461 4288745
73941 804189
2255617 3234509
4223781 5411830
343364 1155384
763580 1619377
1711511 2659135
722509 1575238
333995 1150312
1458264 2396634
209772 1038657
1054206 1974506
1492373 2452106
1493027 2468446
2890847 3986509
704610 1631008
2329089 3389918
552362 1482124
446237 1373386
4043608 5235611
1760651 2795228
387075 1328333
1191869 2188715
3218077 4355541
2428919 3516972
1742067 2796408
202388 1175298
2102534 3193082
1461256 2517367
2112533 3217803
327476 1364106
3627287 4817047
2511892 3651660
1781926 2908510
1961609 3113438
1942702 3097137
788379 1916458
116879 1232304
1687797 2846074
738658 1872103
695641 1836719
1932797 3112844
1528982 2702176
1646810 2826560
2057476 3254973
933679 2117828
1266189 2460841
752927 1942119
789512 1981104
1499188 2700399
321812 1519566
3480965 4719920
1239250 2481181
2179293 3428355
1452525 2710682
345902 1610729
816646 2110300
3998465 5252718
1394426 2701755
2747310 4031446
1602961 2911603
2242474 3542662
4010701 5270233
1572761 2908241
76583 1468242
2949506 4260270
481555 1902962
2295897 3647426
1161286 2567703
1588812 2987408
1702129 3104936
2950436 4294834
2888791 4238009
325995 1837384
1271024 2726119
487773 1994340
2413395 3811131
515770 2059792
2568146 3969629
2155870 3594368
373188 1954204
2129620 3574694
147883 1752219
1305597 2818861
1117489 2648344
166934 1780560
1732556 3228205
97903 1743203
2218015 3694477
1865838 3382425
3287183 4671995
1924367 3442916
3967328 5288876
2319644 3819407
1231886 2856859
524766 2231735
1220388 2852566
807952 2500830
521271 2248066
1241962 2888291
1575013 3217141
3587150 4976324
199122 2023672
284182 2105173
1811650 3441981
1504270 3180263
1507483 3205332
2886890 4398232
1758182 3434082
1325051 3082038
633168 2504947
4065827 5413799
4176486 5509653
406716 2343187
1072307 2902624
1375442 3174673
4635482 5896453
1156930 2999848
1229146 3067426
2970197 4516253
2073902 3780709
2803583 4385395
342145 2371322
1340065 3210687
596069 2610612
3986445 5372698
256434 2353478
1513355 3379810
3808160 5238279
994434 2990449
554922 2643579
295085 2439336
2571419 4255744
69162 2275615
133882 2330571
2373901 4108847
2310793 4068177
