1000
1775807 6865631
4871886 8023283
7398086 8967646
143850 6312725
50868 6279999
4241424 7822696
22120 6286274
1098695 6682176
2064750 7034586
1875528 6981944
2387779 7184399
4969521 8131866
3585627 7642928
1961372 7069219
4352603 7948808
6407440 8673598
1789021 7127821
2036724 7247311
2738127 7483412
5346642 8362048
2086385 7285489
1968908 7247035
1746466 7186933
8214957 9321255
1982032 7295665
3021185 7676142
39524 6738196
183569 6788668
4592253 8215589
858923 7070919
1530482 7289675
6991132 8974793
5315057 8478716
1797104 7450259
685773 7137395
4099310 8150033
6632706 8904809
645581 7162319
979953 7265197
2992404 7866769
4960313 8471249
2059082 7660062
5195918 8540252
1654915 7582150
1547642 7625709
1874633 7738535
356790 7369202
2990327 8054843
3896856 8290269
172791 7341291
4784391 8546992
2762475 8057018
2561494 8029087
1963364 7881541
4012403 8393421
6284932 8954267
1861686 7876691
3134134 8190673
1922542 7939327
2414440 8106380
911012 7779514
8164886 9446212
5836096 8930039
1981272 8081771
1192579 7911804
2686237 8242699
7300175 9265127
6819774 9160503
4392901 8685691
2680902 8338606
4256917 8698436
4348000 8721550
1242 7996533
1300526 8267154
2055148 8403273
1980137 8399163
208148 8105783
1748356 8383935
902016 8245526
2470771 8532619
2492898 8552923
3514315 8751131
5275840 9046520
665681 8340266
2006866 8564699
1047411 8415584
6669322 9304578
1147902 8450056
2153070 8616221
2049414 8625775
3777338 8897858
6286508 9270460
951307 8481110
2308942 8686476
878041 8504774
912530 8542330
1774959 8663486
2877242 8834228
8923161 9667303
4132218 9024522
5283613 9188151
2886715 8873135
1884490 8749511
5477114 9222706
940239 8652340
586595 8619556
2676983 8907340
2896057 8947500
3725035 9049754
1815453 8823271
6287412 9374215
8042056 9584526
1865151 8900387
4737987 9228646
1186325 8843074
6642342 9451780
600502 8864748
6447441 9476265
6437795 9488848
798665 9032994
4536077 9349212
4024569 9314451
5024981 9410381
5505826 9452995
8319293 9661992
3070576 9294055
4548336 9406088
3854848 9363017
374186 9135337
222091 9143886
794014 9201317
515499 9244302
3529270 9438971
226971 9279205
2448042 9403535
278794 9298699
4039235 9486995
5314410 9579489
1842384 9461588
5296852 9599163
3895888 9551692
2033697 9528427
4583223 9611080
2570065 9559172
3859446 9634330
2720015 9613953
6048942 9684392
5627811 9688908
4526762 9682447
3798380 9713411
3138196 9715521
11404 9808798
3291321 9802595
83882 9830403
3300508 9809619
6274348 9784634
6712997 9784051
3536651 9853572
2265827 9883046
5339135 9836267
5495902 9839177
4284106 9954554
7024471 9848333
4039074 9992974
6593367 9892576
7774760 9838747
5750292 9955253
7531091 9875534
8545560 9832859
7424928 9986488
8078910 9935392
9671672 9901923
9732462 9908179
9863883 9975148
9980673 9840913
9964316 9764616
9917709 9677179
9997342 9234308
9838493 9347623
9999296 8710893
9650387 9290926
9794800 8725850
9826114 8366047
9681534 8850982
9599213 9304100
9782925 7395243
9914478 6175039
9929184 5942562
9636850 8563360
9928923 5207559
9591978 8937362
9931854 4358547
9853696 5142831
9774377 6140883
9770069 5723063
9727576 6260707
9982994 1822002
9752937 5670482
9947693 1342885
9840117 3406028
9783909 4294581
9772927 4332672
9916643 1196933
9813110 3375124
9566436 8747916
9833077 2599816
9692105 5800913
9801427 2723615
9621075 7017871
9784907 2362469
9818334 496489
9590535 7562338
9742721 2287518
9712920 3016688
9744690 1535350
9695292 1240650
9649602 1711402
9553117 7603181
9612165 3021085
9583608 114137
9572425 1622395
9553177 1420956
9544871 2644037
9513061 950374
9508110 2412057
9482718 95099
9491287 2606727
9488065 3497226
9469903 692124
9510074 8641415
9405615 162223
9391759 582810
9417358 2875547
9429472 4106264
9368546 582742
9418821 3952799
9347750 705885
9336880 1034229
9333659 1273650
9386785 4135960
9292812 509372
9382289 4153062
9315672 2088513
9357230 4218016
9300606 2404531
9247620 772588
9211557 23229
9240428 1229412
9318660 4320191
9156348 1040611
9136483 595440
9252768 3635909
9220099 2944726
9164256 1871337
9083093 119690
9270756 5498604
9115121 3522201
9376611 7660632
8874220 615534
8763453 260736
8943584 2649626
9090152 4520853
9215544 6106192
8990832 3631724
8848968 1998871
8830456 1954919
8681308 372301
8632486 42555
9052065 4625885
8719850 1048643
9164809 5958404
8635310 1163799
8845993 3520048
8688867 2301336
8445985 251569
8547202 1516987
8990037 5304685
8894278 4830919
8310179 273294
8567180 2331328
9423519 8995844
9008990 5823291
9430904 9055574
8547685 2428087
8550745 2494116
8299894 742028
9127098 6844718
8824336 4639552
8922015 5399236
8404091 1646588
8674366 3615929
8613524 3223007
8183613 220450
8324019 1385795
8570195 3398826
8519513 3113116
8501518 3016055
8195582 1052728
8134447 909303
8255379 1862461
8731751 4854398
8906629 6010279
9134716 7400061
8899530 6005818
7986635 540161
8925012 6172991
8952022 6350824
8310166 2546701
8279691 2444825
9044189 6988602
8358203 3074240
8152184 1896003
8704089 5066053
8947737 6482356
7864536 321164
8143967 1989183
7925626 796091
8857717 6036103
8415929 3734600
8007844 1661340
7789369 509133
8484231 4243331
7813022 786510
8709133 5563829
7707788 411581
7636516 250482
8566633 5033429
8031133 2483977
7624611 646156
7708901 1260500
8686358 5846822
7557417 597068
8002607 2777795
8721747 6087677
8674564 5888221
8160024 3562994
8996612 7380957
7436711 617310
8038802 3282912
7542637 1235302
7273936 206315
7622668 1700966
8286127 4531975
8657247 6099301
7692224 2156165
7472488 1280315
8779483 6690897
9000846 7606024
8019234 3572999
8486935 5540544
7759514 2662654
7424598 1412884
8700963 6497445
7136168 331813
7234094 805997
8501945 5768315
8331629 5199563
7351749 1505374
7856877 3445570
7296435 1409045
8007890 4114834
6905824 49098
9366245 9176132
7799279 3416758
7260233 1514222
8023573 4355670
8746254 6960608
8433269 5920850
7411134 2361979
8788269 7205562
6869060 630503
7635782 3274170
8867907 7505663
7076946 1384855
8796049 7267534
6868786 689172
7242717 2067751
7036135 1378166
8096510 4949367
7910546 4377329
7662119 3565515
7813059 4144745
7068211 1840268
6500154 179930
6481920 298523
7744787 4262889
7125777 2376574
7166611 2575483
6947643 2003470
6577031 909211
8277085 6047010
6680628 1344608
7473581 3785858
7071528 2655668
8275090 6162290
6279978 563146
8002040 5443764
7337240 3594135
7138241 3039973
7230535 3332648
6047080 63032
7480744 4078476
6049147 236858
7295078 3670127
6009170 172906
8665364 7420437
6794987 2399510
7413174 4077453
6799176 2445990
7429270 4138039
6789308 2426503
6748035 2332086
6702628 2223603
8608474 7311690
6257211 1218915
5812413 60986
6043854 781542
6319746 1501479
5827130 250505
6103144 1033381
7172232 3788729
6048635 957287
6859101 3042775
6204090 1412499
9262147 9099756
5795117 524790
6311986 1871965
7700478 5329334
6931673 3474292
7111899 3926247
8877460 8215272
5782929 870886
7726043 5502670
8887553 8249852
5852787 1121877
6724037 3181441
7708474 5515929
5581361 580168
6882514 3614769
8434814 7228447
7478109 5041174
7312380 4665084
8427059 7248579
6311073 2422259
5275380 192221
7114761 4367400
5553018 892068
7217009 4639109
7570148 5427339
5431145 707927
5537926 987898
6205996 2479260
7953006 6312884
8450341 7402474
7572692 5531309
7001531 4366451
5983193 2216302
6037539 2372702
7514549 5501432
7271648 5036807
5754899 1873853
6036305 2467089
6770247 4059622
5327906 1187440
6693071 3991883
4965926 483492
5002728 613064
6564944 3810494
5400974 1602253
5904217 2690633
5841234 2594297
5439344 1845285
7746421 6328612
7274014 5426803
5186428 1420260
8077795 6977856
8338330 7481201
5585300 2257873
4894285 952876
7920811 6710397
7220842 5391851
5502340 2185579
4916054 1103508
4837355 990201
5718971 2660599
4998937 1332840
5096956 1629344
4744462 1024592
7519271 6111373
4256911 262321
6132277 3653426
4595563 972619
4505996 891366
5549096 2744173
6367508 4235888
5484778 2697520
8872065 8621394
5106481 2090038
5183708 2234635
4553211 1163369
4906996 1803037
5115530 2168780
6711873 4927229
6642107 4811259
6627027 4789209
7627694 6514124
5410443 2772451
4345564 971800
5278588 2585282
4394632 1150017
5217161 2548018
4019112 560591
3999500 532427
7560517 6498054
4726624 1838632
7364856 6191303
7218220 5954502
3609734 75594
7123833 5830647
4125738 980799
6487321 4831686
5532777 3310804
6653485 5123586
3666849 324257
4108679 1049866
5113683 2671860
7851942 7070538
6013938 4192156
4484014 1777316
7080660 5906946
3366204 61752
5684830 3780104
7378586 6426214
6859837 5626598
6389362 4909094
5935319 4251308
7381865 6475712
5079709 2963871
3965049 1265410
5507163 3620581
4265200 1746459
6680209 5427021
7807371 7141655
5461687 3578116
3228223 264277
5015406 2963556
3662604 927840
4940222 2868416
3327628 473413
3768624 1138363
3950783 1467993
7118012 6205536
4493568 2453867
5781043 4335510
6753773 5744033
6505627 5392682
3259260 742732
4064119 1901554
4288780 2226170
2910207 249789
3508752 1113295
3914159 1708335
5057758 3348287
5209772 3567458
4103502 1995831
7176553 6394547
4717719 2887992
3035865 504521
7078700 6278059
7579640 6990522
4623884 2849217
4091475 2115844
7115072 6367013
5167125 3633230
3705794 1591009
3045098 681099
2629855 127418
6077155 4951259
3505040 1384862
2945475 619347
4346831 2595006
6211164 5181786
5241602 3865451
3057110 898124
5006237 3583719
5862210 4753083
8252129 8017779
5371847 4090454
5681906 4513617
6121389 5116149
3296250 1288573
3480555 1549791
3502519 1582891
5555246 4403424
3200121 1245274
9039379 9100354
6437116 5609759
4220313 2640828
5386540 4207326
2465794 361110
2689360 665010
6270114 5428722
4594216 3212061
5631720 4597037
2972458 1088212
4351054 2933986
5140384 3979687
2541629 579256
5422927 4370416
8413965 8295635
4717193 3448659
5174129 4079358
2206246 275404
2516638 688894
6536900 5908323
1962407 104214
1961368 103130
2916170 1330734
7432120 7092288
3005886 1469102
2708336 1105636
4269980 3099141
6467697 5892283
2256692 635014
4136602 3028812
2834254 1419634
2553302 1082684
7902993 7739202
7454513 7186364
8086434 7971639
8471265 8451472
5872298 5246459
3109232 1843009
4988063 4199599
1964781 516577
3564529 2485024
3150000 1983810
6222119 5772083
4517408 3736823
7527995 7370254
7767544 7656373
4512039 3780536
2523332 1413491
4884755 4239421
6272972 5907128
1652796 446361
2665974 1680473
5203006 4672745
2623808 1641937
3642462 2865789
4944306 4398424
3431513 2635798
6369439 6068736
7332804 7194983
5979275 5631388
5566418 5168461
7527567 7441135
2034215 1087214
7310081 7192237
1901937 956612
4861101 4377236
3176913 2439353
7908641 7890970
1924932 1010157
5069752 4628867
2543650 1729896
2132088 1258658
9352646 9556930
4628252 4188183
2963245 2317383
2247401 1523397
2446270 1758928
3724615 3203619
1866114 1174303
2461863 1850058
1217761 464466
4664839 4327878
4329868 4015866
5060688 4860254
1877466 1371919
5630033 5498639
3341417 3002772
1235590 722269
2456552 2122779
793861 328979
2353217 2019150
3823591 3617082
5615377 5549972
2424678 2127536
1563272 1202450
2805467 2543273
6436893 6453838
4432970 4319905
875668 571957
3135010 3003289
8061748 8209993
281147 32519
4189112 4147779
5181303 5195290
6599236 6687241
3163520 3092064
1944834 1824553
3476730 3457344
6197415 6325692
112868 60077
5353920 5457648
291022 256593
2368172 2396788
501792 480106
1786607 1838054
8728928 8939239
6756727 6925315
4784466 4918987
2612706 2705637
2379290 2482579
3069680 3206047
220508 330441
8907438 9131258
2148995 2343051
7107705 7329610
4810448 5028793
4430714 4649594
3641231 3866389
3239706 3467170
2792 231231
294017 531185
1804034 2041609
2545919 2794600
2442998 2703639
4403629 4657206
4469775 4771710
4205732 4526613
1104149 1519358
6543555 6845932
2281840 2717628
4355505 4748934
3514241 3998021
3967226 4437091
3863618 4350173
2408431 2980055
280848 970760
1276975 1938922
3737977 4295938
4511656 5029435
1703550 2411233
1097985 1847412
2725803 3391020
5751306 6235469
1279845 2084318
1790499 2577686
1044367 1887864
7259798 7657923
2081741 2901438
1285617 2198426
1603186 2505860
1130718 2096815
2670359 3508454
486851 1521236
835228 1846677
8478082 8801725
3567436 4345525
1204347 2215202
1877851 2852722
12941 1213513
4154363 4933950
3864794 4674220
2577674 3555314
2765895 3763451
27811 1344745
3834141 4714966
1654675 2856333
4086621 5007261
7175379 7715764
7794883 8262983
604419 2109381
4192982 5190554
4608962 5558096
2506946 3783852
1354172 2810456
2240087 3601802
7192002 7789154
1559984 3054679
2686338 4012991
1993584 3444440
2802639 4128704
563929 2258279
2848304 4200436
4346261 5449211
1271351 2906767
4443450 5540016
4988456 6005588
4393236 5516515
4196946 5354712
5205182 6197614
3932168 5152334
826495 2613876
938217 2739768
1022471 2818476
1464780 3184878
2180721 3818522
4506001 5702840
446918 2479369
1593859 3404865
257037 2338639
4752979 5947352
19562 2180451
1172397 3109849
99765 2300594
522815 2653278
911075 2968338
8269047 8766386
272138 2501342
248212 2491161
5320347 6473714
986983 3103464
4250935 5677834
5622925 6743749
2007877 3961543
420221 2787511
422857 2822138
3718038 5332945
962690 3241328
6197795 7231046
1777254 3899882
1939316 4038662
4118355 5689940
851324 3258893
3428143 5205095
1007627 3403408
1221819 3582818
5495429 6787385
406742 3080867
130528 2889077
3771531 5549811
4101700 5795043
8131329 8735335
5052879 6499653
711486 3352733
3806659 5610075
3176312 5179041
1297017 3830731
5311298 6746964
2890244 5070534
4791361 6416155
2068366 4541079
909070 3734209
2675082 5055979
4568700 6372187
671356 3828338
2580136 5125198
1808364 4615983
3237296 5568039
4975691 6735987
4123766 6178427
316311 3667810
722780 3937644
1537504 4493357
3895976 6061971
1762409 4695573
5196271 6938712
2108502 4936893
2602594 5261419
5952487 7437276
4868984 6756960
374791 3890316
105209 3728313
2689391 5393672
6390925 7775337
6264782 7711664
1444871 4727933
6693099 7993876
423940 4151424
3897337 6288982
2041132 5158459
909160 4465100
2863018 5667162
4188822 6493892
6986326 8212058
4718277 6841684
6304746 7803376
4315042 6606509
4967577 7000618
9360 4034117
4346376 6659860
6425547 7904274
1825800 5178587
12186 4106868
1690440 5124219
2217413 5438435
3799009 6375114
782979 4608037
3263333 6078924
4169389 6612361
7541691 8600274
294469 4399781
6018343 7718802
1754791 5247986
2887074 5933518
5008501 7160181
3204420 6135777
4468170 6859435
1973091 5439578
4073397 6651286
3041166 6069240
1570278 5267137
3449669 6330443
1652920 5354463
429650 4677715
5906771 7735534
836622 4987671
5485233 7545323
5923789 7795196
1843711 5583163
4519497 7057383
5541529 7611540
488862 4899130
5499659 7594933
534432 4935600
3858131 6727018
635519 5016345
6106846 7948034
3517492 6599656
6353300 8097742
1329532 5482759
1638552 5652117
703775 5166787
2952099 6343325
1044480 5405873
2409632 6115297
1382201 5591956
6795472 8364817
575583 5224805
1046969 5469355
4099107 7021660
3488640 6715284
87315 5027018
2908546 6457947
4083975 7051027
4706543 7379404
1418696 5764278
2566987 6338966
6407854 8231289
944153 5595824
2437533 6323344
571303 5421589
144700 5223661
193767 5253372
3393227 6829307
861338 5629856
6619938 8374269
787215 5640162
556145 5549733
5972571 8098356
1474309 6006787
7811767 8961179
2385392 6476930
1133704 5904962
1971395 6318083
2417990 6529100
91437 5479336
581593 5704913
2964479 6792864
1513095 6162383
357113 5681268
1738665 6308638
69377 5599003
6561542 8450136
1743505 6361642
1594889 6297846
4454 5647378
1838480 6438402
2943826 6936521
993970 6116681
8803284 9446085
8915892 9495881
1822447 6533212
3788548 7355740
243455 5891348
231849 5911987
3405395 7230385
3858798 7420742
1357347 6395575
5477520 8091897
505197 6067890
995370 6290890
2281230 6837771
234828 6031775
9029861 9552655
968374 6337664
4018723 7555249
6836112 8678691
127697 6006265
1770021 6666207
2716118 7069715
2168908 6882029
2893955 7180692
8843495 9492877
673574 6417577
1984687 6929242
5239214 8149009
