997
6923752 3142103
6035265 1166112
7134771 3679045
6503138 2357309
5554003 296869
6328294 2053182
5780625 885548
7317116 4249183
7819975 5401363
5642829 856378
7197673 4155115
7364650 4528812
6776562 3318236
5364427 497625
8844837 7590432
6698006 3244990
7640716 5174617
8857860 7626107
6979782 3911952
7463226 4875902
6864222 3694839
6780347 3658845
6419240 3061954
4885365 200853
6367688 3017548
7394548 4962006
8088275 6258064
5347540 1177642
5693326 1931257
5762856 2062647
4965749 672535
7538042 5329310
8090607 6336246
8281802 6693460
6057629 2784335
5443827 1705471
6621319 3792191
8248245 6653902
6699825 3936997
5156235 1233366
5414838 1759318
5065385 1184423
5119715 1305457
4987354 1097661
4606994 445532
6698757 4071075
4640607 638278
5082008 1536993
6294944 3576751
4607196 820420
6100643 3305061
5303394 2158036
8663142 7486664
6340679 3829392
4922660 1595190
7861994 6230882
4984060 1722981
6896661 4735763
6587598 4255217
5574658 2724426
6366079 3965688
6439214 4174726
3827903 281308
4043702 631469
4667687 1568294
3605117 7390
5335023 2656069
5159416 2431709
5748656 3305164
6713636 4716396
6254770 4059257
7508970 5898768
6017016 3742733
6591459 4580189
3677728 383750
3756245 509421
5928514 3650287
4382875 1440505
4557340 1690786
4884654 2165259
4258181 1315958
8870719 7879335
4973879 2373768
3542353 392511
3970974 998397
3492752 334910
5924575 3784473
6396060 4446741
3580657 565147
3143736 24232
4354711 1695539
3333347 316864
4613711 2074955
3123672 73181
4815527 2460766
3697468 987797
5224233 3033605
6796112 5136732
4646832 2263574
4189035 1733165
3940750 1430746
3033973 265030
8165231 7001621
3389085 767292
3841197 1368246
5614698 3705728
3121783 480606
4433933 2223103
4267420 2053899
4426675 2276258
4331364 2157857
3732912 1403327
6265474 4623731
4948228 2950472
3440244 1040754
4438300 2361525
3457706 1134939
4255626 2168946
6405119 4859939
4094346 1969806
2813271 428734
7463356 6216525
6998493 5645304
5273727 3527511
3253376 1042573
3134264 896798
3167420 945375
3304143 1143109
2562246 256793
2503893 195740
2835749 605952
4426612 2548094
2880161 714100
3484840 1456628
4859215 3123794
3074308 973356
4546707 2767447
4143133 2342897
4392257 2645140
4190911 2415392
3519369 1644060
4281208 2545543
3484731 1629868
2121497 31878
3883798 2131301
2957540 1052702
4330759 2675869
6026283 4671648
4943354 3423186
2414381 492788
3967520 2343535
2457874 663532
3598210 1972010
7056339 5917294
4655855 3200253
3988572 2451730
1982863 206152
2731073 1194600
3265791 1796334
3185164 1719515
3682376 2328013
2533133 1102108
5541319 4383650
6168622 5080566
5280970 4139753
2130190 785021
3843507 2622719
6692074 5682198
2462784 1203094
5768091 4718903
2458866 1232001
2719239 1519218
2038145 825040
2175535 1012152
4699308 3673173
7108836 6188699
4662908 3657440
1155767 30724
4647902 3659676
2407045 1343694
2230680 1169125
1302946 220209
1231504 155658
3117846 2123703
7807287 6941824
4548515 3628340
4496754 3576789
4592055 3678264
4797737 3897256
5903416 5033126
4807295 3924761
3316279 2421549
3763633 2882276
3391922 2548739
1553408 705968
4955576 4121715
1474216 658682
8200367 7374267
3285560 2479754
1248064 491389
2147857 1393308
1539859 795531
6411273 5619800
3134709 2404672
5266152 4512946
2684795 2021730
8538722 7727551
6958670 6192191
5808433 5078421
1982637 1378049
1744033 1154644
1145140 575187
1897126 1351626
1674583 1158641
599981 139512
3817139 3221569
3563153 3021033
6304280 5627494
978044 587980
4540797 3971276
5514471 4895674
934642 599686
4958324 4427239
4350054 3869008
2087143 1768808
2406170 2072459
1929232 1643858
4489983 4021517
7504273 6808648
6385691 5776584
1594876 1354457
1865742 1637167
3484035 3163593
7878622 7172104
2221341 2040084
5686284 5189565
1864454 1733201
828233 807582
1819707 1711420
3572584 3304651
3823347 3531034
2689483 2515005
3509218 3304758
4213406 3950216
7870587 7197569
989323 1095738
7091026 6509797
364228 596232
5810 293472
2714190 2718210
1478200 1661998
1309234 1545524
7089727 6554083
410231 793972
2621363 2704040
3352688 3385645
5695578 5390705
2630109 2838346
1046547 1578458
2461514 2768694
3488804 3634007
2121243 2520657
3057288 3301556
5140 780032
7097999 6642966
4770341 4733567
1276276 1861642
2612480 2965149
4601292 4605289
7820759 7248887
2401194 2842766
6875619 6490747
3306235 3602843
4347614 4455639
264377 1162828
4924951 4931613
1083136 1848945
4603495 4689458
3688424 3966384
953715 1800520
2818555 3311376
5494233 5440434
3791915 4094707
1028682 1913108
4394261 4577544
1291175 2137925
6471356 6237072
6098253 5947049
3392004 3830507
6224767 6054487
2162142 2917467
3483790 3947008
4649353 4872525
2173573 2966720
3992339 4382444
275210 1527027
3865098 4287131
1716010 2653115
4313521 4650854
1881416 2793433
772008 1959545
651436 1879298
3794297 4307377
5150368 5332878
4305113 4726354
789808 2115595
1056430 2328857
41776 1583583
8181029 7630349
770022 2144604
7177671 6901258
5017363 5325760
993152 2385492
2638002 3590628
3682201 4403102
580593 2185692
544947 2181350
5347995 5632965
8118998 7616157
4301960 4900574
6211830 6268260
2054410 3340165
2449888 3639505
5561463 5835034
1471047 2978600
3789185 4603123
6479328 6498502
1310418 2919108
2469131 3729158
106307 2154508
3814345 4699515
6835784 6769828
2655741 3993511
3932444 4877347
5564106 5978926
88709 2364987
2805361 4197233
2447603 3982674
2945289 4323904
2422097 3994654
4168626 5128718
5438258 5957479
3899186 4962931
5896165 6266507
1908841 3717783
4075171 5135818
4690620 5545148
390339 2847198
3166247 4613030
1391579 3510675
1932419 3858751
2069602 3952676
2716432 4365751
5427840 6075508
3178867 4705565
5465546 6106649
1516572 3694373
178675 2880434
534406 3140479
2811763 4520788
6209323 6586610
4923758 5822401
4299637 5447267
2068003 4114557
2129666 4159077
4091135 5371230
4275395 5484300
5633363 6296866
7652069 7484555
760494 3446055
3490143 5046444
4402134 5581935
1501022 3882922
8207470 7813272
6930238 7068923
2597170 4563065
2143773 4313169
3863702 5310360
896540 3599239
1320565 3853059
4604128 5748585
2763575 4698357
1421316 3941111
2364493 4508479
5045455 6042470
2822342 4783789
105885 3270285
6620506 6944906
1511153 4083796
2850469 4866987
92286 3543540
5057296 6202340
5042414 6202782
405086 3759246
5673771 6541596
3853945 5589642
4517420 5945001
589932 3918044
3492641 5453268
853631 4102895
1165959 4277617
6716318 7127773
1250972 4388009
4352145 5953504
7115236 7352482
5660860 6625375
1627780 4642465
2023322 4859700
2731668 5218545
4107135 5895369
3497850 5600874
284070 4053289
1471071 4637374
6465852 7068778
364334 4111782
6848719 7263974
5476613 6624045
3851802 5871669
978590 4559627
4166112 6063388
1570417 4878861
2587014 5361430
61771 4248660
1224257 4828984
5623369 6816916
4939111 6519453
4308984 6243929
3699809 5987702
1541439 5041798
4913551 6524283
7097264 7481182
678529 4677620
100598 4452185
1546224 5092488
582543 4738463
587210 4746039
1884685 5303492
2167266 5447168
4644586 6493225
1175567 5058118
4963105 6641244
18705 4598539
2086245 5459196
1357765 5201937
8287391 8036249
3825040 6258522
4324468 6468039
499832 4974854
5254859 6868543
1168997 5308511
6381776 7318828
1649890 5496003
2021678 5650315
2574135 5881386
1295545 5405418
4545182 6639087
3771918 6377175
4809235 6771669
704030 5262904
5563732 7073216
2287670 5889365
473899 5261659
1763346 5730211
2841849 6132680
3674652 6435295
185460 5207205
2448860 6026677
5520427 7118163
2926156 6219940
4060922 6639698
2886887 6253385
354417 5419598
2021139 6003238
7203768 7756366
4801265 6973467
294617 5507535
4575906 6903851
6078142 7394541
4532553 6898052
8779199 8273500
3287394 6512014
3936546 6725603
6938837 7690770
6452618 7538110
6096437 7435581
2479902 6315897
5756045 7353493
2619004 6400481
2609792 6403846
2315716 6319029
6830110 7692512
1659824 6151206
4406918 6984116
3940809 6864014
237795 5798186
2841719 6612832
1453022 6225683
3434331 6818912
8126257 8117344
4169171 7038873
4021537 7001797
1592677 6342354
1122482 6229711
3268046 6833931
1253021 6304557
3853188 7016191
1701484 6454698
708031 6196862
6132 6053442
3974857 7077743
916791 6300096
525017 6246243
915415 6352916
2788046 6836632
844053 6374079
1314230 6527676
921483 6444926
2809718 6901316
1426023 6612127
3963428 7200973
2015658 6752808
2482956 6871657
5878888 7655620
778258 6516184
234179 6407098
4296875 7354465
5504864 7642661
336724 6568144
1879002 6893944
956468 6712007
2119940 6964177
2436869 7046825
170818 6637629
2736501 7161518
6108674 7818238
3103320 7250993
1470773 6959225
3628849 7367211
3773237 7397553
3191754 7298167
4678343 7582105
3441217 7376234
5778961 7800012
1459792 7067666
2084851 7187301
2724914 7303011
2876400 7341825
974433 7038848
7390036 8116287
826507 7040703
4089213 7578849
2399633 7308704
2316240 7306884
3468434 7537860
1129464 7252192
4441889 7733131
6620969 8048976
688357 7242258
5938192 7971276
3793732 7688371
2868006 7572107
2167561 7484462
5960941 8000838
5555985 7970539
3062203 7679076
1202085 7465460
495356 7417651
1928226 7594286
672490 7482721
3733391 7822428
7214352 8209467
5358376 8027808
4349909 7932332
3280618 7825231
4758412 7977643
1754066 7679683
3166986 7820601
1666494 7681594
5530099 8066102
1757176 7726314
933748 7700907
1771701 7807598
2894480 7901868
5264332 8099087
5358137 8112192
7359004 8275216
3766123 7991671
4096524 8026237
3111621 7967051
7656648 8309639
4704408 8103023
1291930 7895779
8909800 8404166
2850972 8095909
1076777 8005421
1000264 8002300
3424899 8132156
2244370 8089385
6800215 8313502
1833448 8086378
4119325 8195630
1391760 8073301
2811824 8142198
54766 8053999
903655 8130700
7828790 8376267
1488618 8162897
2543949 8201819
6989771 8353143
130850 8161511
4869513 8309891
3819596 8282428
1049460 8209387
7837627 8392892
1039115 8277870
5219772 8379795
6612809 8404909
3370936 8383839
3724268 8391903
6977490 8417107
2391778 8403342
705102 8399365
607809 8433720
5277028 8438652
5628468 8448054
387291 8506807
6276202 8456385
2472601 8497800
1265961 8577961
7929392 8454313
414430 8621246
20885 8630924
4402684 8560942
1051677 8656057
6324185 8509909
1326482 8667444
7397208 8486044
2525941 8643055
4668693 8575346
6152500 8542815
1655616 8722264
3017343 8672082
2244332 8703629
1612744 8753295
176830 8815312
5527974 8602657
711663 8876122
2652387 8799172
1349174 8908967
2834621 8820766
1690738 8898628
105716 9041693
1814917 8942071
1718232 8957061
1673729 8965036
3114577 8864010
7043950 8588498
544703 9070240
3683169 8841102
3596873 8861476
4090629 8838765
2800895 8956467
5479276 8759694
3708434 8931741
4353949 8882080
135997 9276401
1412243 9192061
1615784 9173634
493230 9367114
3716235 9022740
6088284 8768404
4897382 8898620
3352510 9075394
4366205 8969766
2462709 9206396
1146099 9358761
2049613 9261229
1660525 9336088
2359350 9262333
679149 9466430
4893916 8973442
4000941 9092579
7170070 8704037
5236247 8964491
3648637 9177077
2528068 9328622
4181780 9113539
931715 9585352
2232565 9453036
5216419 9021798
3220096 9345397
2618613 9460022
2157823 9542197
2065253 9562100
1454337 9659695
3570309 9331803
8003763 8637192
3607698 9377350
503247 9920221
432042 9956483
2154408 9671955
4175446 9376468
3629793 9478771
3425118 9528017
7588638 8747046
2679885 9692538
2469028 9755117
1778607 9916377
2103428 9857456
3850794 9571847
3754283 9616869
3126082 9762415
5922772 9165323
4152581 9577881
2628818 9937913
3590024 9731683
2750371 9935683
6599636 9052273
2810548 9955094
6019187 9248736
4037178 9819325
6332239 9223739
3828445 9933294
5461251 9487063
5049703 9614395
4396945 9842253
6761159 9177549
7198550 9066121
4946720 9821111
5962689 9555608
5226755 9823576
7817303 8960815
6678645 9480035
6980639 9404147
6964419 9422594
5779873 9955285
7379785 9280208
6188917 9842952
7576500 9229724
7860133 9108100
7828735 9129518
6304678 9905896
7608621 9281435
7542281 9322615
6434968 9956033
6471361 9984825
6905654 9766863
6748447 9868951
8273761 9035324
7843085 9314183
7105816 9879785
8200749 9161135
7816405 9534473
7834542 9678849
7845458 9773596
8152371 9536755
8377780 9352053
8126222 9847650
8454255 9703571
8504555 9627968
8402760 9829965
8788193 9482059
8696429 9885412
8831143 9723323
9187329 8643494
9118074 9037612
9218199 8601998
9134044 9208751
9194122 9327073
9504912 9384704
9729383 9780317
9800059 9693620
9837540 9738165
9828173 9543209
9355015 8616062
9576829 8862439
9956749 8656090
9758366 8449566
9951507 8254132
9827773 8036172
9828857 7398318
9850382 7224138
9281895 8365412
9903439 6364576
9940663 6149698
9991614 5955919
9887762 6215539
9797704 6346489
9817033 6231490
9408776 7800629
9571655 7001205
9690924 6448783
9998522 5040478
9364622 7856820
9893010 4763255
9800689 5195326
9900870 4510846
9722627 5410254
9391044 7525450
9573716 6269837
9793869 4669378
9488179 6757154
9526032 6466941
9779942 4512475
9516727 6401742
9836370 3909464
9582671 5820828
9910967 3074034
9841714 3601202
9802105 3895770
9952269 2513251
9830180 3083383
9534770 5458624
9879816 1712861
9406106 6722925
9808747 1712805
9736004 1604859
9490155 5083781
9635344 2997380
9695745 2076080
9518496 4464626
9633350 1961298
9357548 6660215
9728817 160446
9716214 219652
9497805 3820082
9564755 2510938
9552826 1096118
9511127 1752339
9549370 469144
9474465 2348234
9538661 193408
9430894 2502571
9325557 2692917
9321782 536623
9281834 4183275
9282218 3596176
9261494 7066174
9279804 2393623
9254355 1974303
9203769 173848
9200531 2479917
9173664 673411
9160187 911653
9174178 2605829
9193651 4681354
9066821 64726
9158372 4234069
9038628 1206630
9146915 4854685
9001426 910131
9076075 3325812
9109257 4305970
9202834 6965722
9096862 4075679
9151630 5678914
9211738 7319058
9078141 4118107
9046903 3773181
8909711 885496
9081977 4713511
9006354 3259754
8791697 149403
8739153 77924
8911759 2951383
8804475 1746708
9029118 5145057
8965618 4365213
8766555 1640504
9031081 5335736
8960147 4392284
8700499 991710
9087759 6267641
9033802 5897722
8786086 3326854
8894177 4501691
8492595 546533
8446784 265145
9122416 7169840
9001921 6058857
8446897 1420042
8576712 2553651
8529596 2180887
8404154 1138073
8585782 2909106
8793292 4665472
8362798 1227694
8214360 48944
8509698 2434244
8360208 1555058
8489465 2633890
9069531 7029710
8343042 1697015
8563634 3416238
8100139 216935
8424530 2681855
8247804 1577160
8522323 3475418
8332078 2256718
8045127 809823
8379302 2926974
7961333 375886
8305410 2651266
8095520 1954547
7794731 375206
8219581 2766305
8508116 4456094
8955249 6847228
7780538 824716
7994712 2005894
8009687 2101459
7703332 613935
7868936 1536374
8269164 3570456
8055607 2536957
8744404 5917324
8984513 7098528
8294242 3741884
8097432 2964438
7769623 1569722
8421049 4576314
7874130 2149759
8806743 6396749
8470151 5058554
7528763 1061565
7808477 2328462
7496419 1118112
7244701 371788
8088560 3809542
7759018 2608396
8467684 5424636
8401630 5200204
8755992 6544998
7482753 1766241
7719062 2780643
7754025 2966099
7855547 3346142
7764936 3097321
8456407 5644072
6828948 67927
7181498 1282175
7127933 1150762
8421664 5604395
7668438 3084999
7012241 1078425
7999225 4323914
7365241 2306826
7180111 1788231
6823160 708629
6806232 786988
7168115 1975584
6924462 1235078
7267000 2300521
7486226 3132356
6958366 1616573
7986758 4709679
9180874 8207206
8530084 6311759
6369218 62662
7901946 4627917
6280532 83654
7783281 4389596
7607260 3910100
8032193 5086746
7624581 3978619
6810957 1765683
7664441 4096498
7113596 2607969
6358614 563015
6133811 14897
6142115 46655
8376880 6070523
7910354 4829853
6914412 2216444
6539464 1224812
8260017 5804261
6549020 1359651
7377145 3523341
7425637 3677470
6400344 1030819
6529294 1394765
8185014 5669231
7047089 2753763
7142841 3231476
7698399 4599604
7547155 4260767
7193420 3430286
8214656 5913919
6368862 1555710
5706326 60632
6593582 2164033
6704397 2457560
6872535 2852975
6412307 1852954
7550507 4527796
8094124 5783107
6898193 3082301
