1000
9150738 1660620
8900040 3385771
9165624 1099746
9250879 361608
9026045 2195006
9016856 2243604
8908088 3047880
8641345 5262477
8796554 3843222
8898993 2719422
9033383 1282868
9110500 514669
8853009 2956351
9100138 459660
8690975 4209259
9048387 560131
8975462 1191225
8601171 5002153
8675233 4190902
8676768 4133164
8667427 4208674
8399806 7076156
8810276 2347487
8629448 4209316
8919789 704091
8606685 4415421
8539686 5127471
8761110 2305952
8688337 3175197
8821210 1404592
8704880 2432472
8642202 3203503
8729410 1761960
8316677 7673753
8685502 2101835
8541037 4225963
8640998 2707889
8729736 1276940
8565671 3122996
8724856 205775
8476831 4465987
8498583 3997289
8437429 5054958
8519541 2846657
8496868 3166597
8556319 1826773
8492956 2935993
8424926 4339227
8413560 4232656
8486830 2312014
8566362 175071
8437470 3529482
8267204 7848269
8469510 1032893
8310587 5815225
8346656 3956296
8334981 3320912
8246963 8049278
8289241 2853798
8287353 2753478
8257250 5649824
8225137 6779265
8181142 199608
8186024 1883836
8202793 5118328
8165029 2598297
8194201 5282811
8163934 3558843
8135973 3989209
8042468 1336563
8008120 888738
7948405 448458
8063124 4129350
7893659 1398618
7916241 2455393
7903743 2656698
7780340 1007712
7941027 4005794
7945908 4212398
7777126 1542119
8171621 7811736
7775537 1844746
7906132 3879614
7941592 4611280
7655137 712248
7844925 3375634
8153720 7674607
7676871 1563258
7849486 4239245
7509747 317841
7813578 4143694
8009477 6457164
7475972 1035430
7524828 1601576
7498740 1369924
7385450 756698
7833168 5123357
7567042 2783208
7761015 4650384
7375350 1364087
7356160 1816641
7562047 3465094
7136301 116617
7377479 2194023
7314202 1771702
7867372 6020410
7150756 911701
7591242 4218241
7996154 7121428
7226576 1686090
7605186 4448598
7558989 4390698
7430012 3548082
7296098 2887393
7226517 2743815
7470857 4394200
6996507 1705267
6744720 458564
6742150 559914
6760935 983344
6773782 1061819
7169255 3256492
6747615 1056711
7777438 6457175
6681600 965713
7494515 5169890
6530728 612051
7155217 3713426
7644990 6055789
7005691 3059521
7481841 5425256
7140993 3892496
6554438 1476451
6221102 38635
7740407 6685520
6615162 1833941
6431918 1059930
6676644 2331729
6174058 263474
6382126 1162353
6195255 672599
7315295 5176483
6155236 638500
6229587 942751
6665176 2745222
7555981 6210547
6685730 2897460
6462632 2049466
6191407 1074723
7172994 4824605
7128819 4660598
6415081 2008079
5896169 235906
6666453 3154175
5955344 649063
7301284 5490609
6359563 2196954
7111597 4891512
5986365 1028126
6729912 3613040
6695345 3503875
5739116 207668
6436274 2715567
6102604 1591210
6564765 3163244
6194393 1970391
6032872 1502463
5847644 897296
6297653 2405689
6151508 1952445
6319855 2511228
5834526 940640
6539028 3271216
5590223 268692
7106320 5178230
6857380 4440626
6270201 2707996
5488260 420330
7234036 5763237
6219709 2667836
5510519 618192
5897491 1790195
6270722 3001740
6092081 2561902
5905746 2078033
5311692 385416
5955317 2255240
5420084 760785
5548578 1200200
7230119 6013363
7207080 6017454
5595496 1662955
5871854 2413035
6034653 2855161
4995313 60230
7916493 7966115
6642717 4563935
4999528 174017
5255446 867370
6812645 5046584
5319090 1093640
5418562 1440424
7757051 7587469
6492967 4313153
7665940 7354212
6470749 4262336
6252927 3722125
5372055 1497336
6359952 4026616
5556929 1998869
5146688 1017008
5265762 1320680
6370012 4178338
6060843 3441337
4733903 197150
7065589 5980374
5146056 1328598
4865252 696358
4657717 238453
5422408 2131322
5541883 2435472
5068561 1325953
4551045 145570
5151498 1596201
4876725 968176
5615815 2730459
4522219 194923
4799787 970818
4401816 179491
5364856 2353445
6514284 4969279
6894654 5834875
5777291 3351546
5496256 2733206
6099459 4107173
6620595 5267030
5683489 3202009
6099728 4227843
6574699 5258321
5545354 3090099
4439065 766526
7464131 7197169
4142078 213982
4359958 696532
5191828 2444696
4283883 572507
5887462 3954115
5311577 2797388
6577604 5420938
4314300 872544
6959397 6243213
4295996 876795
4098021 563785
4199116 784510
4420667 1231479
6306851 4999511
3904653 237144
4560777 1595450
5130199 2739149
5902923 4255024
4054012 632172
3920188 542768
3730327 210807
4286341 1315402
4508489 1744896
5839476 4281741
5192040 3095738
5882954 4417052
7014390 6544103
4827997 2467970
5996766 4654991
3632653 294601
3503702 117447
3865941 828893
6711954 6048772
7701336 7860283
6733915 6108744
4053313 1264073
3903898 1013273
5274324 3500096
5064032 3135344
4973357 3007779
4184349 1602725
4007722 1338032
5100027 3277795
5648436 4251569
3679693 787801
7918983 8275147
4361997 2047960
4286375 1954941
4368616 2100573
4834552 2917512
5468944 4043326
4559625 2480797
3190928 146711
3099909 10375
4234340 2032404
6664136 6160871
6626304 6101034
3980811 1651402
5822903 4795081
3980432 1758548
5142094 3689898
4510615 2643048
2922675 14165
6249188 5541778
4082994 1960463
3632377 1225193
5706225 4669193
5380259 4149261
4651679 2958116
4228429 2311653
5654461 4686476
4056901 2143248
5983087 5227068
6224906 5626028
2960603 451416
4759664 3328247
3093880 713277
4403178 2781228
7685814 7963937
4419828 2823785
6955242 6818914
3156201 861306
5210286 4095083
5627448 4766431
4163690 2595735
6305850 5906658
2437987 71241
3235957 1295152
5838857 5231763
2702601 620454
3425279 1722176
2430573 264165
4077156 2695498
4260404 2969539
5798561 5267391
5490824 4852936
3157436 1493940
2588513 704658
2968427 1271054
3030668 1375874
5273874 4592174
4532868 3536362
6233766 5970837
5666062 5224504
4370766 3417429
6410570 6276471
7018346 7132677
4172244 3172583
5388706 4874961
4851781 4129148
3934075 2862488
5149900 4612088
1785184 19741
3126379 1853908
3852144 2881941
4681842 4018151
2130171 619415
2594062 1289970
1903106 376470
3511479 2537440
2558857 1296515
5230222 4844652
4232914 3529675
7016969 7218306
2103177 730563
7743339 8183968
4180695 3525002
4736434 4290222
1509085 138734
2267519 1209754
3735037 3123706
3565092 2960680
2292551 1385688
1680782 642580
1921790 948653
4685568 4423414
3566521 3055908
7794694 8286303
1521210 555295
1345310 387469
3232663 2710005
1429690 536086
5013264 4909060
1357408 462023
2031559 1289652
6145485 6326067
2994575 2571008
2222941 1659449
3384557 3059130
3525949 3239594
4228600 4076413
1748595 1147975
4051348 3887030
5023230 5038721
2637044 2244763
4297480 4207880
6218573 6466652
3352700 3110425
4356324 4288184
5181580 5255842
4567625 4547161
1431602 969794
2002164 1634920
1387495 940148
1999679 1647023
5642927 5851708
732612 259756
4506446 4617252
1756318 1531880
2473426 2359703
749165 426144
621322 283947
1874118 1716910
1524444 1335364
1326313 1129619
2735927 2716889
3791684 3907695
629824 409339
4450035 4640491
3562255 3669057
1118300 976283
317359 135751
2554606 2648355
2959403 3111366
807495 779403
523295 471871
859441 836994
6965174 7456669
128360 72071
7541943 8083823
5529368 5915704
5039007 5398950
739201 798823
748774 834610
1460225 1599213
1807159 1971595
6510113 7005404
5225005 5660512
3013634 3359870
2160634 2495632
2824817 3200313
7558507 8129104
1291389 1637459
701786 1045997
3839357 4288857
283943 640372
6144421 6680769
2565267 3011632
4619243 5123750
940543 1361929
788985 1211410
1659912 2116205
1116051 1568439
6348448 6907348
2492118 2994572
4183006 4727698
149370 643752
496335 1007375
587439 1107582
1535757 2067793
3790125 4348411
4541118 5107061
1446661 1987738
889931 1441936
4157941 4747778
5426503 6022263
4010869 4624357
747385 1375679
3214760 3849131
4689369 5326164
271837 962127
3105334 3769088
477977 1185841
669019 1374998
3067999 3773327
3528816 4258586
4531010 5233123
2777656 3538695
2228046 3019376
1943014 2762931
1977477 2817964
244014 1175005
3973162 4754249
1906181 2797064
4140575 4935880
2273748 3166034
987488 1958468
3507426 4348086
119777 1148611
2249543 3195609
5363473 6133076
1882199 2867177
815445 1913191
4383017 5263622
7094239 7789350
4122586 5089128
3384927 4419132
1762198 2944533
91200 1440131
6078464 6882758
4841038 5770015
6005804 6829269
5429087 6314818
936489 2309534
2366394 3600369
7132384 7849480
2079320 3353864
829824 2257762
2119459 3419593
3479 1604655
6704600 7501942
1077685 2615822
4005764 5161673
4111349 5258301
3556985 4812356
2458985 3948486
4585555 5764162
96458 2025729
6618401 7490845
4469480 5727926
1896737 3627868
2060691 3763518
1531960 3352700
1288660 3161621
628114 2712410
4930383 6191517
691936 2830415
535786 2752627
7756722 8457970
5492879 6692636
2805816 4636267
1964404 4016430
1348751 3547661
3599732 5289655
2621241 4545405
1647623 3813391
1829886 3990618
4027214 5652320
3618824 5407107
2605924 4658649
3009703 4970236
3331609 5235907
3412257 5295159
1158751 3652950
6293477 7416852
1671070 4049151
5659471 6958165
293193 3060926
1456786 3914511
3234244 5205084
1072317 3640191
6843066 7826409
280093 3137945
1453450 3990973
2023467 4415177
1717816 4199180
323037 3209307
2676489 4924830
2605070 4887333
1233374 3928012
4399319 6165540
2956299 5162607
381979 3374749
106572 3186866
3090960 5269664
737934 3681533
1569452 4316307
3599690 5704101
2627495 5066069
3851350 5900261
430327 3693031
2771493 5283808
4365807 6319361
3240962 5608986
4760723 6596011
4508414 6433844
522555 3919547
4490735 6468173
5444225 7073693
633463 4053411
792944 4161553
1712247 4742360
7205880 8186725
1720785 4749099
1521128 4628654
425205 3953289
2783966 5476095
2392093 5259172
1180960 4524231
5601202 7225259
2642729 5423194
3491288 5957510
2391523 5315880
2611707 5460287
3015834 5728259
989683 4542482
800416 4439205
1253178 4719238
2863192 5672130
4530216 6659277
4416927 6628399
621754 4443631
6329624 7743862
3343610 6038932
1757219 5138605
1064327 4764152
435329 4411186
2133568 5383480
1620754 5096102
857672 4699683
2785751 5831513
606514 4635394
3764915 6380129
715242 4752651
3017110 6011990
4130341 6632700
3804809 6465707
1994938 5517791
4995459 7120953
6346253 7838165
843413 4947725
992133 5040136
3213398 6203509
3015123 6117072
850888 5019965
1639153 5439024
7043 4626953
94455 4693116
3504985 6452099
3853292 6673679
2885834 6233721
4717621 7128576
44233 4874764
6693790 8089299
6182454 7843584
605407 5162469
4153633 6881554
171537 4984738
3257645 6478227
4550321 7102417
3207985 6479897
1942558 5894253
4754849 7224120
2340943 6116065
643949 5335097
168203 5129488
3681198 6753797
2823090 6457102
3489156 6751486
3573830 6796278
1319587 5849399
5292817 7563292
124025 5342417
3516464 6803101
2700845 6456170
1571755 6013913
4081676 7077820
69955 5429217
4834584 7419564
1598805 6097337
2429051 6446234
1826146 6200348
74604 5483053
2835711 6622173
129228 5519749
1882041 6239483
191979 5553103
2691948 6584680
1985861 6313324
5624140 7788029
1479671 6130413
3247328 6838525
744730 5838204
1095836 6011314
1557730 6203924
2716060 6704557
4201952 7289069
109576 5763083
4608924 7466092
1896451 6469303
2367067 6658806
6348640 8141617
5210099 7726482
1034770 6326718
2900036 6992395
5400656 7874817
2642311 6946658
4771287 7690381
606091 6358594
608052 6370552
5752237 8034710
5175830 7852652
996603 6539030
5112167 7857749
954305 6568124
1767352 6855077
3765334 7470917
3796128 7504551
6612848 8348096
3306210 7390216
536496 6581891
3044037 7320498
1646127 6920974
848744 6696201
4481999 7761715
899759 6760664
6060895 8235081
1067421 6886390
2762871 7373536
3638599 7654007
701501 6921444
724074 6965217
543824 6939220
1096636 7098266
4831180 8008401
6048011 8309779
655986 7027977
614422 7018410
3438769 7694778
1123963 7152665
6784035 8492104
2569159 7517976
4772318 8039164
3267860 7705799
119374 7021598
1809349 7447897
2225505 7542438
828876 7257411
2404915 7610690
2467090 7638981
5503457 8305026
3441058 7917651
5556235 8351808
5183379 8307204
6089534 8468847
1506079 7722329
2596566 7917622
2623786 7934482
2792623 7969677
3726521 8125468
5002491 8326621
3433741 8105005
2282026 7948956
2449097 7975384
1879544 7891348
1757516 7878318
1517121 7889267
3616140 8191630
1971740 7988882
3583154 8212767
4795731 8376338
797398 7872688
1906436 8038730
1388848 7975504
1012741 7953979
1219597 8012747
2293104 8157180
1142948 8067697
3531506 8329303
1992631 8168815
259786 7993842
5094256 8505249
3770336 8401678
5368086 8570244
6341259 8661953
1002775 8198780
6024151 8645056
627289 8188306
3092736 8415906
3045402 8424801
5029562 8582313
3258238 8462116
3142435 8454111
169171 8273886
1907203 8409167
2966258 8507075
4748748 8619555
5594746 8677773
5876810 8707103
2051538 8583825
3602603 8667495
428416 8583361
2275857 8650334
2371445 8653935
937212 8610139
697034 8608969
1980163 8731008
48707 8701574
4631268 8796542
271791 8761996
5210750 8816394
5413295 8824074
7415281 8834685
863842 8854811
3721925 8848158
4246650 8857043
2845455 8929536
1692540 8961463
6856623 8872067
531180 9053419
622654 9051856
2404270 9015451
2865747 9014080
2260267 9065534
219489 9172698
2166573 9091128
1459200 9146921
1171232 9164484
1704200 9164023
2414884 9133237
2389222 9146932
260601 9317200
4221551 9078553
4133640 9086678
6895111 8918780
6526742 8944174
6570078 8965039
4912551 9097797
2648891 9295187
1467759 9405271
3790271 9234484
2475343 9373444
922589 9543282
2019998 9441110
2443251 9404966
2556269 9438594
4120253 9312840
5037006 9206363
232886 9799950
4051092 9340320
1404402 9661183
333996 9798063
1093608 9706182
154349 9822618
2276472 9650508
3437237 9503077
5324165 9240504
3916260 9455896
7005294 9019360
801598 9987886
2543764 9718400
7840129 8900048
2913471 9796069
2664310 9870738
6683635 9129100
3390010 9778496
3974742 9667739
3926977 9731936
5333563 9451345
3501082 9854576
4815568 9596510
4138155 9791348
6866852 9155947
3813875 9937508
3678182 9989861
4920011 9779243
5057785 9861943
6221435 9522147
7522401 9089651
7708843 9053474
6605840 9540556
6491874 9625313
7424308 9223371
7112167 9384763
7156765 9401076
6311983 9901564
6603922 9936946
7720644 9222676
6821579 9922562
7276452 9724700
7233240 9766686
7230051 9984697
7781548 9400125
8025708 9162012
8028522 9191147
8183105 8971060
8039665 9863898
8177459 9631227
8257316 9069391
8400563 9845489
8498117 9403643
8387700 9087950
8437120 9160536
9388570 9885949
8460322 9019553
9433396 9751902
9661816 9850272
9922409 9805328
9237817 9333352
8541635 8962665
9968346 9551319
9343683 9243474
8650512 8901300
9994523 9108978
9577956 9034155
9766146 8797670
9683321 8698087
9839658 8675439
9350856 8502968
9015904 8601318
9620466 8323782
8341390 8795117
8825035 8600578
9331240 8386220
9955035 7968904
9630948 8114614
9568601 8067067
9262833 8160185
9398996 7593445
9177450 7689051
9671227 7051180
9205018 7589353
9603344 6946079
9103704 7548815
9972418 6085783
9176944 7134919
9970611 5631032
9700723 6039057
9760810 5907042
9187663 6917391
9311682 6659698
9409487 6236926
9924939 4912493
9956921 4813321
9719413 5318911
9997425 4547940
9082966 6763712
9864462 4653419
9374091 5841161
9100151 6448716
8770685 7332731
9660331 4801703
9241607 5940847
9497529 5126609
8549017 7916576
9136096 6171175
9966730 3689156
9184830 5937999
9214694 5718000
9920722 3393253
9714196 3931253
8969811 6346353
9880024 3148425
9850044 3235740
8614030 7520435
9569659 4151358
8366800 8375951
9446553 4296526
9951193 2184672
9982494 2029374
9882307 2342152
9677924 3141714
9523770 3750644
9301608 4579388
9997273 1587350
9661998 2904377
9960476 1598125
9424805 3535752
9998725 951624
9997509 804218
8415055 8015828
8894982 5800937
8726195 6529973
9655529 2101016
9978964 308016
9621440 1878375
9890514 435594
9672337 1511540
9892187 160105
9113838 4001050
9219178 3389740
8751571 5976675
8818773 5601415
9659729 847969
8948109 4673482
9627855 625954
9300717 2407656
9401106 1797781
9345470 2104388
9202683 2853462
9225936 2612966
8868672 4795910
8758347 5497373
9354592 1556686
9576800 70634
9314308 1670655
9486602 438452
9300318 1628233
8841931 4732657
9426014 689751
9075824 2957697
8645044 5896281
8484919 7017975
9256220 1316841
8709618 5323064
8968239 3389605
8522469 6704008
8483573 6991074
