1000 100000
1 0.536974615740718 0.770195335420919
1 0.288113291736483 0.346009806249626
1 0.0271407424416665 0.902665585736404
1 0.300545184889227 0.698861655769612
1 0.160014008253498 0.485991090609328
1 0.782834564307283 0.914696789927831
1 0.440410742144202 0.18071752420828
1 0.432290285628962 0.386770887282317
1 0.361660903143559 0.300275840192722
1 0.697434101872023 0.142253529193411
1 0.814025728484175 0.694407821404301
1 0.158421157181476 0.750860170900587
1 0.442233172882979 0.15436335040155
1 0.643451996960753 0.567158796999024
1 0.544387116876898 0.703629460537389
1 0.786891443330315 0.683352154190509
1 0.299911105017742 0.663657950611263
1 0.461977365717321 0.391006429106412
1 0.958420544883005 0.303751175379009
1 0.471142331066158 0.0645779711791548
1 0.789818554062961 0.561436571397675
1 0.756295390434619 0.678930638803394
1 0.933367717999495 0.586818583651922
1 0.8365136672688 0.440106774565116
1 0.869929407562267 0.255306762325784
1 0.67477035177966 0.164420894823721
1 0.558514191067268 0.0421301517417909
1 0.759330540138489 0.835709116524647
1 0.667930559472367 0.323794064334745
1 0.607208659726414 0.571874321988219
1 0.411165201918074 0.378135460438944
1 0.688672106000976 0.132636430234406
1 0.884243293262301 0.860578792489843
1 0.8356505125757 0.788084078470419
1 0.590749209284205 0.144948975064185
1 0.827209599581391 0.664807903538396
1 0.171994729314193 0.88779464937431
1 0.703690211146469 0.391661388443396
1 0.489863021613367 0.472338471818848
1 0.770753181906482 0.493963962212113
1 0.391753848878295 0.581152449989514
1 0.268468642771655 0.21467592668678
1 0.770974899769094 0.0964037480293918
1 0.726155367152966 0.575898955521048
1 0.18609163246991 0.486469408221492
1 0.517237339624362 0.912988125023958
1 0.350849337153683 0.673253559630655
1 0.298240040511697 0.70462602373356
1 0.837156106699268 0.951850725215035
1 0.266057120636464 0.282126761719198
1 0.606900928066032 0.323137197249455
1 0.657093345983053 0.462731088429827
1 0.212009642597721 0.579043443873442
1 0.621335958351782 0.0172999666930025
1 0.0428513916008981 0.926387045111557
1 0.000373798458408459 0.213092004348901
1 0.039871753044622 0.022495503672797
1 0.0444756839798295 0.194256590111209
1 0.36435498660898 0.0252501772001246
1 0.928656670975737 0.53429970863511
1 0.248934959409027 0.0809134585440709
1 0.394205768183699 0.279151802069407
1 0.194649795668887 0.254675845142561
1 0.206979838164383 0.0711222621828753
1 0.486238100498866 0.863503220234531
1 0.967930004246984 0.469104879228993
1 0.428637235172424 0.121201914695266
1 0.428837633114693 0.980676560835697
1 0.792229802857506 0.235857272811923
1 0.269668786719709 0.551432452864702
1 0.700816226993773 0.122442224932133
1 0.100383709722703 0.489967763970434
1 0.164048782863631 0.607251883320583
1 0.60439113494208 0.851136104355717
1 0.394803307301054 0.709888788822699
1 0.377436208468236 0.32334970699214
1 0.0519762704751514 0.994946721538067
1 0.352516969487429 0.737533161193483
1 0.613232112375364 0.363753038309699
1 0.10528651308675 0.238352294977624
1 0.747643194311337 0.759319810814144
1 0.989326723052063 0.278232931589102
1 0.16699673232781 0.098699253763332
1 0.404929371190956 0.751190679637524
1 0.867939910589669 0.248080674600882
1 0.266512468149816 0.0801414812417249
1 0.839309923849164 0.441266219300889
1 0.027164946087705 0.511967463417101
1 0.364593256724902 0.104516732003315
1 0.0110876846429058 0.932865464276588
1 0.386990685089692 0.310600324415478
1 0.250455282318807 0.173829815425059
1 0.517333626657589 0.204250242994615
1 0.373661883158295 0.281693534277395
1 0.209752781948318 0.150280101156387
1 0.656206516331448 0.00674978646764401
1 0.441637661707858 0.0921982223478715
1 0.0863768583000883 0.689051543222476
1 0.645888037950691 0.0663188572462197
1 0.587426758654527 0.748634837271858
1 0.675239090447477 0.635593543338583
1 0.99266368077355 0.600619148487709
1 0.034352122014873 0.950083951506276
1 0.128985727521719 0.124498207507052
1 0.237865296249254 0.113674750367618
1 0.267858962585183 0.892699653401408
1 0.160467752241225 0.539438671291695
1 0.669858738540267 0.255651815958295
1 0.194769404307621 0.587992706343893
1 0.952435756875875 0.74036596762744
1 0.41373724191974 0.890840924811744
1 0.384032363256434 0.529429456667792
1 0.627251123527714 0.581596928449198
1 0.618353996180435 0.38265255241258
1 0.916954708723459 0.702742366728192
1 0.645814773814305 0.90678170454229
1 0.125033315252566 0.517411127284557
1 0.743387942486951 0.864790174962621
1 0.318154612050712 0.60911744578603
1 0.56013830384401 0.658057729324774
1 0.490499352839038 0.187018871868229
1 0.0971890318931976 0.973226298409045
1 0.700029139191876 0.823384510935913
1 0.50644788974871 0.981129701447919
1 0.479687846102863 0.636364269019875
1 0.674612058424916 0.433853041494046
1 0.781268890927926 0.0888058499564757
1 0.167694624186591 0.262324219624638
1 0.717750295131708 0.144411882823658
1 0.334166168192116 0.276265917736495
1 0.933680883818475 0.622490674477294
1 0.729931467264844 0.0778787605877156
1 0.707342771412428 0.548862640614967
1 0.809419939014621 0.757664069944923
1 0.487641652306145 0.826569920039578
1 0.313546033277046 0.63719110866591
1 0.30905886313468 0.638220988781182
1 0.515237214446916 0.741715515015883
1 0.863052761351973 0.791534611911747
1 0.739146114223569 0.771202629378031
1 0.597306928417865 0.0148608871063196
1 0.0346676572749267 0.214763068497064
1 0.556957892123229 0.702075769300894
1 0.1787950283566 0.848953669439418
1 0.388654237561838 0.0566271769226425
1 0.171358498543686 0.140427190904276
1 0.302706401780391 0.953353694868699
1 0.320308805087034 0.038647858006847
1 0.480142915744139 0.91669223845923
1 0.421061996504935 0.972135050759988
1 0.446234446154172 0.233153335571689
1 0.336683449279999 0.0393132131383354
1 0.121841783377477 0.93899847899824
1 0.948131998047518 0.401409695268299
1 0.966782953566387 0.769920517300822
1 0.146800880748923 0.0150782858133951
1 0.0522232951009727 0.20016287826402
1 0.0521530256910161 0.779803420957307
1 0.603158511730079 0.994666562094199
1 0.354124431135059 0.73279266394723
1 0.540009862607207 0.87308337337846
1 0.438721808584393 0.747944306004555
1 0.280320140064724 0.731996405339292
1 0.518271812830033 0.398689573138974
1 0.966957973704339 0.731926105217891
1 0.73897444865651 0.991948465814772
1 0.809368529381466 0.797253153867377
1 0.445653065663489 0.0213656119194852
1 0.139555752678632 0.856320283602582
1 0.886167775614172 0.452971986241394
1 0.548526202231237 0.217550376672992
1 0.359665949236057 0.203765409508328
1 0.492589007657429 0.652451472939301
1 0.495301209375985 0.389349737134353
1 0.0519037427652407 0.758227610665006
1 0.742509394529858 0.540208756052486
1 0.824646441776196 0.882707265220642
1 0.00360092826658232 0.253882435156399
1 0.432100327232682 0.67633490687351
1 0.428139770274452 0.516761091500975
1 0.0374256290254635 0.910349406161739
1 0.325251648375914 0.644552471538731
1 0.254212817734761 0.651824050398051
1 0.00226266998557989 0.282276712169924
1 0.311581635194557 0.732496285225732
1 0.321998166412062 0.530312210143975
1 0.841728225066838 0.287267672587806
1 0.547907497127266 0.467964226171837
1 0.188118861838731 0.239007103853762
1 0.770469317643663 0.381509756370576
1 0.285025963912325 0.899588148993121
1 0.315831130974797 0.526937222720612
1 0.50412786917488 0.126546810873503
1 0.354996464639346 0.755785660567412
1 0.623670577802237 0.143276254020439
1 0.533873206976789 0.78039637838058
1 0.0950516547582225 0.880436852312183
1 0.778377373966638 0.735553713230985
1 0.344059064623487 0.254110335458922
1 0.568946855229026 0.479193868103174
1 0.584544191208408 0.560493737185748
1 0.468919669311664 0.485008975829786
1 0.7609011485469 0.945020591627216
1 0.274477921580921 0.000783542889003286
1 0.571147020638236 0.873933183775275
1 0.786006283123502 0.117400533141449
1 0.0979323835525534 0.64042519331257
1 0.0840605603974574 0.631062441625993
1 0.644121428291697 0.25595499493495
1 0.663553777373426 0.233354212998094
1 0.260540399755449 0.330415804442143
1 0.222510448595113 0.854337384585882
1 0.146373235720333 0.708580628602871
1 0.465653379849304 0.526495759813741
1 0.807850478978658 0.749284832037649
1 0.00637653975976704 0.365456212711784
1 0.599908627117884 0.756824493406651
1 0.505339398079276 0.0435467317149829
1 0.438369532983977 0.33113578995955
1 0.289701067437772 0.0957532526986213
1 0.539951713693014 0.588849121570231
1 0.349140640996414 0.244357780012081
1 0.152504018951767 0.825146804745874
1 0.604153230568325 0.925474365456175
1 0.910901812688365 0.758266364736539
1 0.209532911317371 0.316796026632446
1 0.944998924702041 0.0302858379932651
1 0.856737463995994 0.7532450373511
1 0.575749732351497 0.481459435322559
1 0.536694841813134 0.0676790424919602
1 0.505318253268008 0.659099960714247
1 0.728600225566677 0.56827696214966
1 0.217321774329264 0.784346789119109
1 0.341520648698793 0.611586510101873
1 0.605803995271167 0.297190303434721
1 0.294912630968508 0.780600999327085
1 0.473566753091959 0.499396326537035
1 0.904482077761859 0.413796089500011
1 0.0745869606036891 0.083084433969578
1 0.22264785073116 0.512768843872315
1 0.48070915059705 0.327309992684786
1 0.799853236084932 0.583071360354822
1 0.968030610699223 0.495749195331857
1 0.0489347631426931 0.844158766398586
1 0.699999635974635 0.0353923928392383
1 0.651586446798664 0.647741047319272
1 0.558194751667379 0.266644781592237
1 0.0805607447825558 0.174103942770635
1 0.500416647057705 0.0273253223423744
1 0.654700048724738 0.049489112908887
1 0.36351117928006 0.302075352210696
1 0.952499489402566 0.277261752078523
1 0.157298615590136 0.382400951020852
1 0.67273049953619 0.840438784844252
1 0.801544671729438 0.84108809791103
1 0.641812188514617 0.15556054312588
1 0.823679783423785 0.406102614383723
1 0.0453065426737176 0.329249235433039
1 0.304221667727766 0.225131686061477
1 0.0390450957645889 0.134173315157092
1 0.427102465463364 0.372521559605499
1 0.107292877211709 0.871715511670146
1 0.377972108388356 0.318301743261049
1 0.0528312444863808 0.539627090823295
1 0.0517991290337818 0.571093386147464
1 0.688670038666533 0.493309488806815
1 0.130448823914939 0.100845789911208
1 0.66968170623819 0.768589040881189
1 0.0681678412293962 0.828537121309605
1 0.498186369882237 0.339636149680587
1 0.0353400729332876 0.432618138476403
1 0.649180080125117 0.185177213331592
1 0.374068548158135 0.17906569253871
1 0.619032347115098 0.0221944396077305
1 0.0276259558243268 0.725687016404525
1 0.328605700807866 0.44880158713628
1 0.593184355315728 0.353666813445155
1 0.295917439768576 0.12928937461831
1 0.570674986162153 0.913996888789672
1 0.798414159786798 0.996401674802051
1 0.833935539116283 0.788660801701592
1 0.563920435404032 0.545481051761286
1 0.817934678823228 0.909948947314721
1 0.933380962333739 0.202236601490092
1 0.719493498365225 0.185334406811219
1 0.963656067170152 0.729490786623103
1 0.906616162014679 0.79942731330998
1 0.100323303820968 0.481704053396633
1 0.34848131368912 0.541110156641491
1 0.867349151155356 0.873803847587951
1 0.31655910587002 0.563987986406833
1 0.973288856667448 0.356492277457484
1 0.802006085134181 0.507696846121117
1 0.678402588872533 0.464976231221414
1 0.949116244879754 0.70683726875156
1 0.666446925186872 0.367055990454467
1 0.862659825811249 0.886611402093859
1 0.0944328276342965 0.409408690981493
1 0.52001801776219 0.982426620574646
1 0.223519162780246 0.112179180845892
1 0.0138394650998492 0.755373277512117
1 0.581346011469495 0.734508854751994
1 0.205243918936482 0.531926968584674
1 0.494702066667738 0.568346923606093
1 0.22383652102738 0.820932568436501
1 0.394035409968087 0.241010807953032
1 0.465289613035246 0.261837706673507
1 0.186294482200179 0.944771039540719
1 0.841172300511815 0.0472600211845098
1 0.707266094521518 0.111925040711952
1 0.133104270388294 0.783229311280781
1 0.717658174230078 0.461052278444832
1 0.410019140697273 0.812633816942178
1 0.357221553349621 0.792189222275184
1 0.26348249962188 0.776683953970807
1 0.782090969555224 0.688341252590028
1 0.803541277121596 0.964512299716969
1 0.118339310972576 0.777495936007597
1 0.782806245949509 0.244331043823809
1 0.734437854574875 0.113083155864665
1 0.63677447743359 0.285866463168428
1 0.489153956897855 0.799776346460689
1 0.570595652880762 0.846294584636016
1 0.154938538519257 0.803473936947945
1 0.99928067532484 0.430718845105044
1 0.38196660474711 0.201082838594431
1 0.468070713443701 0.844571899159423
1 0.936418177427552 0.967969614673983
1 0.603176540757033 0.177029307781464
1 0.510715009346814 0.649678030809881
1 0.610449127104339 0.152418967192151
1 0.765354009957729 0.57480239273611
1 0.108032291950494 0.464990820069684
1 0.365248677949044 0.296416280490689
1 0.982486692873273 0.530671658754148
1 0.905852395613575 0.380568711594599
1 0.716233154453136 0.705632616611023
1 0.523513635235094 0.692285935761376
1 0.811156370115008 0.112404830350531
1 0.222780981569922 0.820541930382582
1 0.858229765431318 0.0601318016826404
1 0.370492352584737 0.407430202648783
1 0.24258738881958 0.561617903936241
1 0.604227268466584 0.416277523255381
1 0.556089569615096 0.0905404042330638
1 0.608071042767723 0.0981206552803684
1 0.156548053059048 0.27730647715072
1 0.556480510824667 0.127048065497554
1 0.68718791959013 0.388250887855659
1 0.906639364231726 0.472934180669029
1 0.201831717533004 0.997780032190168
1 0.173616486615909 0.427270437289899
1 0.110909239857023 0.502331987877152
1 0.679861887022259 0.0965705815188898
1 0.487746390007679 0.907236231827515
1 0.839637015486385 0.645845149845265
1 0.384904303776139 0.955126299740297
1 0.880766757575149 0.545008222840039
1 0.435241084572347 0.222597927076567
1 0.549486008700367 0.115569062147436
1 0.420683467681954 0.0708440909554433
1 0.40152017467101 0.0665680634824213
1 0.217627984474625 0.178030164326859
1 0.266014108528349 0.108734569271469
1 0.919906669585757 0.212322165585274
1 0.701815866233719 0.509356224490148
1 0.943855231352906 0.121326482949588
1 0.12735243305519 0.0827921677267724
1 0.223323193489051 0.264025088010111
1 0.641902048891229 0.917770974937227
1 0.242202302459553 0.993806949892562
1 0.931815396730013 0.928505701945859
1 0.396456686902255 0.492506484098211
1 0.715464671797125 0.372455725134245
1 0.471335031462623 0.0461999981434538
1 0.238390839918988 0.250222131442079
1 0.994237761204317 0.420053295376118
1 0.383830405635184 0.514294369292784
1 0.247971934126774 0.119256533645686
1 0.697475584755306 0.0584368927787935
1 0.187146764488645 0.958613577858639
1 0.53456614949673 0.840693177400397
1 0.961954180105671 0.921013262800148
1 0.170533852207594 0.010363426830331
1 0.412207057019231 0.649241524356182
1 0.112229104931959 0.550263461693689
1 0.123129868728562 0.303503082578491
1 0.594927539008761 0.683187762371723
1 0.723403402868158 0.551439659829153
1 0.193833020431445 0.120775499220628
1 0.719885782532863 0.780498980010083
1 0.921798975401682 0.542457754309588
1 0.769704980221661 0.725570426204836
1 0.562987353392874 0.287435741055404
1 0.782988069882485 0.244144519884802
1 0.305461278066343 0.806848231360682
1 0.208637069726691 0.682955448511589
1 0.640457142770661 0.918560243270235
1 0.354103909818242 0.701013971437636
1 0.791526589595033 0.389459476197537
1 0.174933767603449 0.959763470718439
1 0.280277646592385 0.909866577278237
1 0.416320700812115 0.63557874904868
1 0.261611168977861 0.390823703512218
1 0.644755150571612 0.654065079795085
1 0.874109586856097 0.505048280140016
1 0.711384252841249 0.458929431103417
1 0.302906279250319 0.15276408059966
1 0.565680255429015 0.386636712728016
1 0.716183472496358 0.939069251373908
1 0.949344411660483 0.159984487613261
1 0.923577921237847 0.874899913431143
1 0.0324810898812729 0.475735876042929
1 0.0702752516244551 0.453634454225778
1 0.711802067833823 0.351753303495162
1 0.806614498709276 0.0135214612764045
1 0.571706725449388 0.909026813291813
1 0.611375789609571 0.185346898739098
1 0.407847163485677 0.11233244305166
1 0.746512282721749 0.689245007239471
1 0.419399400479634 0.941368845465032
1 0.260133692272749 0.231813233819508
1 0.306789669351822 0.434395674679099
1 0.440581884004157 0.735654863098738
1 0.122740543946009 0.318921094884427
1 0.119210106014339 0.0869504183103373
1 0.835516126047928 0.402560375661782
1 0.28955765438435 0.733270487085925
1 0.626872781370352 0.435975097322935
1 0.598205641588184 0.253387939386585
1 0.679229789030138 0.95912087758369
1 0.914853834017318 0.845745405201448
1 0.403228365288697 0.363483722379396
1 0.577998797972118 0.00844296283462143
1 0.497804248997589 0.948553405906953
1 0.820869153017252 0.759186712845384
1 0.987954146764721 0.0741686710142027
1 0.92574251986446 0.263833696513387
1 0.298225180980872 0.062612825127605
1 0.853203296535835 0.818731156443583
1 0.302872233992161 0.239492414122122
1 0.997346119259976 0.133128187990124
1 0.265714168573361 0.962828736124212
1 0.644896963862333 0.15375271686765
1 0.273142931537834 0.334181589583093
1 0.233344040826385 0.0418158225097045
1 0.528098917193951 0.717212897363812
1 0.154600007248003 0.325908800285383
1 0.903566481755405 0.0842703998899985
1 0.204316164913809 0.991626000591381
1 0.332667174420145 0.343831769022163
1 0.219042137378022 0.7611341501349
1 0.169311600847337 0.399052260704362
1 0.740546833484647 0.353966918150292
1 0.171843878799571 0.655772521311651
1 0.0378357422286193 0.923014988691101
1 0.778705878468429 0.184518655036623
1 0.193836865550157 0.419656108613324
1 0.770164023635907 0.309508417890246
1 0.936363296955289 0.132947240687209
1 0.209354854149169 0.928833660687101
1 0.643134812342655 0.89787749853997
1 0.603654011551818 0.390695394648777
1 0.101550456959895 0.971203547167072
1 0.95993705867059 0.746523752616962
1 0.545125900938519 0.832816238268535
1 0.874233451656913 0.556326215941315
1 0.229333036880217 0.928480707675511
1 0.926090576344635 0.969113049545452
1 0.130679840877296 0.609856559586632
1 0.0133339763928646 0.577627116934838
1 0.869599497434901 0.0925237555444127
1 0.349276807444994 0.162036987790355
1 0.802057233996027 0.144618445872098
1 0.794703292090723 0.591174644709387
1 0.396713102340026 0.118751636901386
1 0.223668151293211 0.151330277683112
1 0.0473290457154896 0.199370039066537
1 0.747297888457105 0.822882804538768
1 0.898147381390398 0.0640439916157263
1 0.1211223522333 0.763690741298216
1 0.470269778876361 0.436273514728427
1 0.573118180106313 0.466582913924444
1 0.271437755769437 0.172465386203022
1 0.523216315425444 0.259327057238462
1 0.558112951428431 0.10116669376626
1 0.786531900374605 0.601086077941563
1 0.596068960215941 0.751054087235183
1 0.26903036955531 0.092138361313328
1 0.75745252932477 0.612689989774438
1 0.442666876490698 0.951451237786163
1 0.531965046334232 0.520113651546758
1 0.146689291690322 0.624254883637231
1 0.39105641836537 0.208952476685681
1 0.0513094482332477 0.235625622586429
1 0.454184084586128 0.469818808991356
1 0.906242978117717 0.694174155457585
1 0.375623285971091 0.748880965213445
1 0.0647713119814384 0.189999465058438
1 0.112876011848908 0.304358887183561
1 0.653846506571497 0.666414605399549
1 0.652132178448827 0.771076060786385
1 0.465612041058939 0.899418336948163
1 0.391547209362866 0.0541439380621895
1 0.226790552296393 0.436910397285072
1 0.635350933732628 0.644448302874153
1 0.292028513984398 0.140894732906592
1 0.792572154925278 0.730517335729822
1 0.442027755406727 0.227795952748263
1 0.855604576353105 0.689039718269839
1 0.551122537173264 0.317100893993643
1 0.408458685814534 0.877555486361466
1 0.175602752476578 0.257658564027349
1 0.691754032998762 0.261040521529125
1 0.0559856402861314 0.546527626899124
1 0.626741847648912 0.230366986531841
1 0.856862243744914 0.133030648065411
1 0.676568935987977 0.163751326869743
1 0.751321913287946 0.292154354705321
1 0.686059801698914 0.154181648586153
1 0.861410731235367 0.172482334897818
1 0.150741300769187 0.218657159907096
1 0.0807674068702724 0.859164142095896
1 0.455836631580279 0.145670843173384
1 0.344276494975119 0.679168033743704
1 0.0154997847094229 0.182284837142902
1 0.710634594695513 0.343599284839559
1 0.691318942256768 0.00646615227400815
1 0.575325036850842 0.238460191752051
1 0.311342370417623 0.371398978633508
1 0.319864259447307 0.44620855264461
1 0.243118692377475 0.724719943485674
1 0.800142676961926 0.486127465479907
1 0.266378980179301 0.729518097243016
1 0.35173147741552 0.616781638591721
1 0.733911557662932 0.0466307304808069
1 0.950825298122254 0.00551577640093726
1 0.1061100312529 0.671739928833645
1 0.303428700807096 0.511070109807466
1 0.496911100837405 0.905864637919201
1 0.243635462921517 0.339877031556991
1 0.200482597295807 0.844368494161756
1 0.806013835655712 0.831402485339868
1 0.777941934981808 0.571343504186579
1 0.317499336985605 0.803244471373556
1 0.306457961549274 0.0646233776327421
1 0.967216248603528 0.499134300839874
1 0.496502724652299 0.636416694636729
1 0.253842104272863 0.329333471161927
1 0.617163245116618 0.719448432921496
1 0.057965370447512 0.347327468138946
1 0.136650085174121 0.915339124040223
1 0.66122091790902 0.986484983426617
1 0.783430781217863 0.0286616432874354
1 0.0118465606806737 0.310097213643079
1 0.475730027678434 0.34346886218686
1 0.266396955698369 0.715673477286
1 0.870972296196587 0.96581423770408
1 0.563473717815192 0.464844695137334
1 0.972192368201828 0.0497755835518703
1 0.807556905552275 0.0104550215973624
1 0.556786062791065 0.601444455182943
1 0.412349327549826 0.408429364612605
1 0.321578286013942 0.635092583117547
1 0.82788825514838 0.579191882254516
1 0.561224323261857 0.931083621400006
1 0.0953867973381151 0.830922577587632
1 0.285279791778034 0.144901678342386
1 0.493046164674865 0.922090474096802
1 0.0264007518918454 0.289438516430337
1 0.362998594126786 0.912993159604358
1 0.717215062682566 0.36603861438892
1 0.250511524023906 0.364037536432786
1 0.0656138506422828 0.569548432562385
1 0.656483444465415 0.296651940623565
1 0.310903231808819 0.544148148559366
1 0.880594098776982 0.538797800840154
1 0.159897260859754 0.170186909298295
1 0.701228235338782 0.954845970440292
1 0.999689095220258 0.851479372944802
1 0.79792051527194 0.985103003155242
1 0.213752340384023 0.817010951250069
1 0.480701832442499 0.763439545474871
1 0.936570135073818 0.418044604069017
1 0.810578286457769 0.23914967091137
1 0.509017311705566 0.745493646213689
1 0.706960372710391 0.0190186218754924
1 0.312098062961478 0.255495887302295
1 0.565453199627754 0.174039505424584
1 0.229501145464187 0.720923567744308
1 0.917883252208732 0.46665297429205
1 0.92842257719246 0.281403394533292
1 0.65836223697525 0.912124186758614
1 0.744654417066403 0.699005231565408
1 0.119967581537843 0.631566896448565
1 0.908349013322077 0.0179262985188089
1 0.593886842738542 0.222813872427817
1 0.122733975029409 0.718013240623321
1 0.365452881125698 0.775299641252861
1 0.388301861422715 0.56600064898165
1 0.0917658489922815 0.202308349417574
1 0.936588700333221 0.650077662045774
1 0.257928800761071 0.617451477137198
1 0.715705538875635 0.613856916395896
1 0.475602788402782 0.233419546416055
1 0.981670229080212 0.436923693179153
1 0.372373233895395 0.934955506122424
1 0.971270156339241 0.54352377198682
1 0.288642718992918 0.748056731559483
1 0.0588505686225353 0.278043855763926
1 0.251627920142901 0.23780956024078
1 0.476136109520137 0.964450899279292
1 0.775518125659701 0.401299022994973
1 0.106178372523065 0.232509869661186
1 0.596370051527749 0.248541878938813
1 0.968294982937802 0.0898437460539512
1 0.285066008353567 0.637916637660719
1 0.17527256476426 0.816973062865557
1 0.641283081864735 0.816939183411936
1 0.972048276531847 0.435973688314512
1 0.99636797996321 0.747730410372778
1 0.630456331011974 0.331270735330691
1 0.444844446716822 0.975681516996008
1 0.402747674212829 0.0717096523325083
1 0.0787261405533002 0.807701343090866
1 0.452171536977534 0.890740372893376
1 0.899283796148119 0.989825126258868
1 0.995313777803272 0.575788389517392
1 0.568898731174684 0.0728761056125755
1 0.210253703501511 0.984008066810787
1 0.973049186485078 0.736248027796098
1 0.802062242754996 0.520751884260299
1 0.909995162507698 0.566413316416099
1 0.556236077406414 0.971700996622658
1 0.859652033011564 0.440293053440374
1 0.840559886062078 0.539758359518949
1 0.442259023608969 0.726386898436001
1 0.495308398933137 0.382150441716192
1 0.950021055455103 0.427355404142578
1 0.287346404415697 0.237219591249008
1 0.784714166510611 0.87378964171479
1 0.125576993187298 0.403490562606279
1 0.543332514771997 0.957886382675415
1 0.194522654367841 0.564908313343928
1 0.288351995867984 0.0864001256250013
1 0.471928116976702 0.29828319904712
1 0.933425305608132 0.605417330046652
1 0.0739318185852902 0.0371669520206055
1 0.788111731768197 0.395562170202179
1 0.850531386219973 0.929449231163588
1 0.470956496400213 0.818318172589105
1 0.352828025683504 0.834359335082418
1 0.116138720696298 0.400465811568633
1 0.343654905249 0.459276704331728
1 0.718882260888769 0.946038708618392
1 0.394795918131987 0.521841939704011
1 0.0683629070096288 0.734595242961017
1 0.268193730314142 0.0128939910475054
1 0.251012383339706 0.887858137817009
1 0.723887085818415 0.66846723481391
1 0.217859407593053 0.873380043001756
1 0.419708837931243 0.552006816001466
1 0.647510207515275 0.77438467561463
1 0.246483014548257 0.00682030330138872
1 0.541149818158829 0.57688413907503
1 0.660780146883315 0.923940066524224
1 0.021395598898259 0.466272711289609
1 0.576662051539824 0.15675775764317
1 0.838865483414608 0.587100138482494
1 0.501414673207339 0.497013011983711
1 0.967332763354797 0.757305174815475
1 0.213597676351636 0.100966552633444
1 0.383186547551617 0.800967715962098
1 0.452814892857948 0.599798925099876
1 0.206099175821656 0.715943886118826
1 0.954879898149709 0.119666213207303
1 0.776232228702284 0.00686148565534594
1 0.496073159444851 0.204541197996065
1 0.749862982222915 0.665875983901305
1 0.953138691286792 0.3715927963731
1 0.243022493682645 0.877629021204012
1 0.225760886989679 0.661456938628547
1 0.0263456091589021 0.576550382008467
1 0.614840843323815 0.657253156513384
1 0.26854820996958 0.465311231846808
1 0.445746472540495 0.450269781526686
1 0.762590511466875 0.653149892002137
1 0.713887235375747 0.572225345276927
1 0.801539982966489 0.133827967669685
1 0.91109891321857 0.689365313036021
1 0.276749570028322 0.33520249361047
1 0.747289216509767 0.503981813466034
1 0.0402543106832383 0.1229193260404
1 0.835185079352076 0.774619157985029
1 0.191262183691897 0.746794542591221
1 0.52875818436311 0.0431780552236987
1 0.862413467497277 0.670630476228705
1 0.883992952275197 0.924248464393614
1 0.0421401423939116 0.51117979074883
1 0.115884555681145 0.964307006944303
1 0.208631726172527 0.47812272277795
1 0.938631134638715 0.419896318007375
1 0.192760485989915 0.229926267894758
1 0.449468815603208 0.122670447169462
1 0.544399205291228 0.909468802852086
1 0.559561905189486 0.966364581576485
1 0.289460307461319 0.422428652933068
1 0.0856310857443923 0.353239401787256
1 0.950014850201129 0.544603871034038
1 0.0794913314312602 0.273627847401514
1 0.940048412530139 0.275832053489598
1 0.393074460935988 0.727517703628472
1 0.382675881996477 0.8943880793971
1 0.692410784878167 0.797528678240795
1 0.621700462802828 0.727734433083132
1 0.824194045395426 0.609212949547619
1 0.354031543435994 0.325799923610443
1 0.00987993725474112 0.58428615371497
1 0.0950632688708097 0.61340458426081
1 0.838865983598563 0.677458703789391
1 0.225558195554555 0.600004409873076
1 0.8974572644827 0.544934999354084
1 0.927111825820724 0.3839908578876
1 0.737351641722835 0.0834974763728624
1 0.770649836547548 0.198184415097497
1 0.168790561124755 0.857215315911134
1 0.513606058851515 0.129998135390981
1 0.75181926471927 0.845977321876113
1 0.735756987797913 0.585720176485022
1 0.946222283629584 0.844292210013251
1 0.19698463365841 0.822247084717052
1 0.946901724354529 0.441062419873113
1 0.174536683175617 0.265058468949203
1 0.34816300873965 0.823914516137677
1 0.44818714742545 0.167045884553136
1 0.715232197441136 0.823011275862591
1 0.0719610694678465 0.396312522251957
1 0.147636226284892 0.442011356784505
1 0.419065114168653 0.729220647514499
1 0.335162583444724 0.132211783335244
1 0.634710940495452 0.661533906718997
1 0.285369395790386 0.706938575071632
1 0.570452955290996 0.831162033979144
1 0.330379999221602 0.471231876151045
1 0.936867447637212 0.137331289496824
1 0.596044996374918 0.802163154299663
1 0.181224265048336 0.622722336584733
1 0.364777588298136 0.0124744381425401
1 0.884699317618228 0.179085945003035
1 0.908651501809945 0.175526674825505
1 0.784232503681984 0.929584943575481
1 0.484964965355399 0.547617086322923
1 0.631888227022301 0.650813006004864
1 0.261483129844823 0.953647712343169
1 0.441280540749084 0.429946869704484
1 0.53585369592825 0.400147967759303
1 0.239380594560387 0.434498478137865
1 0.388799159484169 0.403671915898798
1 0.0434066901760346 0.143700288758243
1 0.104832099267437 0.445829370571992
1 0.0566140191682507 0.682637823147314
1 0.808413894327135 0.626496381164216
1 0.833917609273151 0.516841024475244
1 0.964534171346553 0.166558309139766
1 0.699429977016209 0.13322025719938
1 0.795867286845894 0.502695917159315
1 0.225717238880328 0.778016069179262
1 0.484867367622595 0.092448864928933
1 0.73271525599236 0.367426622767322
1 0.659019140091988 0.883451955248333
1 0.894427403463929 0.074768714340653
1 0.157926173879599 0.353511509920715
1 0.0227520146679723 0.771095588349905
1 0.0239869822742698 0.304494230338634
1 0.544296330854202 0.864344107015217
1 0.245190640799276 0.10140147188681
1 0.9173143666697 0.260195822124938
1 0.165754478450982 0.953950038282827
1 0.681547753900468 0.447450303190298
1 0.61987417631077 0.305577982257155
1 0.824517073268098 0.381128486080311
1 0.730333914721118 0.0194699030261063
1 0.00311198312792982 0.562075485991603
1 0.377700691773608 0.4559605405368
1 0.699963339345373 0.0160577186980611
1 0.825268176286517 0.822350934550443
1 0.477952953005364 0.876661265971823
1 0.450390496143637 0.391763696660441
1 0.393392913227629 0.663384529394019
1 0.336075054086226 0.684774086645774
1 0.0206883071770747 0.675320194813441
1 0.735724938961166 0.246489856823551
1 0.650212751657818 0.660074529136221
1 0.251914967878509 0.310747994485624
1 0.536994662475415 0.259433115233211
1 0.598624530783763 0.0717868216982041
1 0.881289489945445 0.0363299814797777
1 0.657622599163435 0.553824148400565
1 0.558373840211779 0.706314051174605
1 0.675971931063085 0.344634731029537
1 0.0993599165575176 0.198944589164068
1 0.133978797700326 0.928904904627743
1 0.228079638644395 0.842507326017117
1 0.895072600935844 0.336592377915487
1 0.837411653612563 0.81685304592008
1 0.475781773079408 0.657171308668154
1 0.895095205140372 0.181878795017628
1 0.387179884463446 0.340957032097798
1 0.500315352405494 0.104519493731441
1 0.61935132035585 0.639850974705681
1 0.410609812887337 0.331550804029124
1 0.423300619013059 0.420901536836432
1 0.714640988725918 0.873907444982105
1 0.308386968646946 0.687641387832855
1 0.58994741756667 0.0258540522158803
1 0.733799896224806 0.613049080902435
1 0.513628348835965 0.946221269206898
1 0.519795796329522 0.90939003708813
1 0.437699326675691 0.663149254501807
1 0.194772111855496 0.147506258405919
1 0.977244596045992 0.707163818038051
1 0.828778538554733 0.129273809037926
1 0.167136220680341 0.505302682349981
1 0.205747768228743 0.0249503770762303
1 0.515563962367537 0.165248981911571
1 0.384058834721248 0.971255136333994
1 0.855922183392742 0.676852621676463
1 0.462444439554542 0.318684022730515
1 0.783635182232658 0.977249750661738
1 0.767980337815377 0.159935565842659
1 0.644701891399713 0.751923836750326
1 0.796703690508306 0.486230196504771
1 0.115725338247302 0.668034499790235
1 0.869975246638052 0.146867749077259
1 0.626133241518652 0.132554581324403
1 0.349616364680099 0.219521474478121
1 0.90638338489363 0.0581045574483561
1 0.752695938393632 0.311588426268628
1 0.209118023626395 0.0524908654775977
1 0.333634344319218 0.420388159096454
1 0.00706681751222504 0.569727436516455
1 0.944344085414333 0.309636836980715
1 0.542944336294504 0.945245881229656
1 0.780080438707511 0.541099860795676
1 0.583909823279882 0.194670254104235
1 0.364249248436668 0.170039207219475
1 0.112272856971096 0.0132640244131501
1 0.949157297996745 0.107263928937748
1 0.0502448507521933 0.040559619828695
1 0.256736762332611 0.178459597992898
1 0.476726379474734 0.154689137054991
1 0.973953984941073 0.86840920610431
1 0.374260927362414 0.330585466853503
1 0.755353081028264 0.537604515758602
1 0.23550478181 0.333210746131119
1 0.0260628811450623 0.872936271443074
1 0.917105302559094 0.798759738394249
1 0.569530939016648 0.06356234364263
1 0.102047349277306 0.0118205035130963
1 0.0206327697309909 0.308522229631315
1 0.801099160524743 0.620744339708519
1 0.432097029888812 0.467472916229156
1 0.727277714031096 0.269499050724153
1 0.0497540352060319 0.203130754608701
1 0.884707293146306 0.353259133997891
1 0.381346710168788 0.970046492605533
1 0.910245145141026 0.646691453264825
1 0.256131766280685 0.858973074038296
1 0.645514813605487 0.0625278126509521
1 0.297803821942981 0.407649044700662
1 0.676746095329811 0.946112485254634
1 0.379559950954242 0.0524444439800149
1 0.48163528612298 0.627750018352099
1 0.85469440282343 0.59048123327689
1 0.531373344399348 0.0845217084663581
1 0.356647727841288 0.734449976004903
1 0.144493110525431 0.567209956270371
1 0.763411129176948 0.365215754726705
1 0.934873337413343 0.442567793003253
1 0.993824615965192 0.911735003441542
1 0.642452693907472 0.0947277063257381
1 0.851026130788473 0.687610970585226
1 0.712046960480073 0.896942182387168
1 0.213498599590235 0.0818250721274936
1 0.107846928233428 0.149487360907241
1 0.655793634707042 0.518251940898011
1 0.937931590973058 0.104599326186833
1 0.776366707603497 0.579810676439102
1 0.824001834764317 0.013968769888077
1 0.287516055446634 0.681722234780992
1 0.710754364740289 0.514764601020662
1 0.776665110990802 0.319208595992116
1 0.0601519962055335 0.738274890847176
1 0.800947960481697 0.0630952491753192
1 0.725124782784327 0.74230702831726
1 0.893352579577989 0.0630966847434635
1 0.17885663794911 0.804467329565011
1 0.159777116588504 0.914441292434717
1 0.380990596545949 0.186622287109376
1 0.144980202929485 0.734128784781184
1 0.952698003231731 0.405856426613351
1 0.523220876538577 0.288740445486411
1 0.272740926793183 0.323647624873406
1 0.259819402610585 0.598242644364881
1 0.366586055945675 0.982172012704364
1 0.423354809449211 0.0617102623790089
1 0.815106348705449 0.744584401506589
1 0.24058225642808 0.969102876273219
1 0.772695601724635 0.575174530903919
1 0.884769024238754 0.918015776571679
1 0.791653777549165 0.432281473457909
1 0.0140308322657994 0.457674660727882
1 0.91258770527989 0.467936420347154
1 0.494221396620578 0.513416101828781
1 0.118055977866582 0.733353749296246
1 0.433568402227348 0.609778639595028
1 0.502955862284537 0.996488286221332
1 0.291196198399806 0.646781219562598
1 0.753157956843729 0.1386703371107
1 0.305542889487779 0.95688482771569
1 0.197102819894553 0.410916257001684
1 0.414626756010637 0.225623390414071
1 0.670266951986257 0.0739160705930466
1 0.479854503039132 0.271489945585706
1 0.354985293755178 0.984823864740431
1 0.109822045749727 0.547744079277493
1 0.120035746913608 0.0319541569511337
1 0.559303051891728 0.934789917693642
1 0.173625163569653 0.982216590117343
1 0.735544878522393 0.583588402359837
1 0.122642209482329 0.265516548444598
1 0.101068712763816 0.354483945131825
1 0.0119161065046143 0.578587703462173
1 0.1862938496235 0.584588954718953
1 0.565417806068474 0.977517712820617
1 0.70330086635661 0.924780112120992
1 0.776268110372428 0.871913018554988
1 0.890587841623688 0.189708519547096
1 0.344245967176953 0.181597078757481
1 0.469875829469981 0.00624148633318811
1 0.774917959165563 0.917407470199887
1 0.603260883324229 0.904970658757293
1 0.361414125102307 0.701290873097594
1 0.641233705965984 0.274117684860464
1 0.679755664621581 0.469640841850786
1 0.27864189748006 0.210287600689796
1 0.614512576640799 0.785835659669122
1 0.767449971433148 0.791226463858528
1 0.00771399156958807 0.24371131844492
1 0.701588627070695 0.847520237484417
1 0.112655605347818 0.556708947356771
1 0.514346606843869 0.603134612794939
1 0.623554754350039 0.924766634570386
1 0.433613126822468 0.978474484361769
1 0.516857091047534 0.583687070287343
1 0.851883418030479 0.124063856350524
1 0.118550509109511 0.50775124165855
1 0.280097955953213 0.708365798222474
1 0.596800701733322 0.803892468044456
1 0.0280504329324991 0.223217150860641
1 0.90326769475061 0.466726942550292
1 0.539552922221748 0.957958366108173
1 0.249355267147926 0.332831821219461
1 0.917139769788303 0.671560270239503
1 0.507446246264422 0.599721650037051
1 0.0040722188196618 0.266771417671663
1 0.654725636701421 0.422988539841885
1 0.319117929258848 0.453854471106204
1 0.867755280588938 0.519439130323331
1 0.148066376941689 0.922981352375771
1 0.420699789472955 0.462698171812807
1 0.831729894379361 0.672144870825214
1 0.438773699521661 0.745319605296768
1 0.385782940513568 0.867348964181588
1 0.347530753348885 0.894748707888414
1 0.5082025367368 0.194067527886993
1 0.339562529068104 0.265759721525068
1 0.27228946804259 0.304955056496439
1 0.845928566375299 0.798729821528557
1 0.624609437866621 0.458222643986041
1 0.675201582430148 0.582538461526095
1 0.252042692386116 0.497899230630509
1 0.465659638647089 0.511301108536447
1 0.220120154051838 0.612323373804053
1 0.799070657129278 0.408785886578055
1 0.0678537349071924 0.0944446644582655
1 0.396460010018579 0.551329695370729
1 0.332866992990557 0.397595994375031
1 0.928754018019433 0.887681972651219
1 0.384301488503954 0.787290336896888
1 0.937341710102409 0.628707478809975
1 0.960779344675128 0.421579213497061
1 0.939400439672767 0.936366044450789
1 0.0661399668608347 0.469510460698629
1 0.592759274923729 0.112418055792237
1 0.141592328796758 0.994524748462119
1 0.748218646318847 0.837531239562505
1 0.00606087747468464 0.176882923407589
1 0.739233021715911 0.840278413238611
1 0.314840799553874 0.902389544900664
