100 100000
1 0.355078000200109 0.0862563471693072
1 0.930065069941595 0.135194093672894
1 0.126606569200781 0.658714322131718
1 0.794939397151932 0.0238705978167459
1 0.845465657615719 0.903577017903896
1 0.277748773078944 0.250205580027824
1 0.814988702376475 0.863321771213936
1 0.173682774453166 0.874561228072842
1 0.617352703642894 0.255738757179738
1 0.798588341021787 0.100797105726386
1 0.271622032612122 0.0548891928089041
1 0.2939126691988 0.836749963203211
1 0.765775753124316 0.997949030873283
1 0.630833422879764 0.54548051714653
1 0.781048653728796 0.273788047607571
1 0.438725204115254 0.732349811796887
1 0.813727219765639 0.0381222010137883
1 0.154810157196625 0.0885639978893522
1 0.403931195169456 0.276801215804742
1 0.430261784393888 0.648863348005456
1 0.728218889905705 0.516745548213688
1 0.189386573860478 0.0617785553710917
1 0.497967714664988 0.0457362398668302
1 0.109391698747995 0.248104040628583
1 0.258327060450938 0.431452523832416
1 0.301955235703861 0.507950320617979
1 0.53464877651674 0.211194648618463
1 0.92510143521913 0.529157680795159
1 0.416850434134901 0.471256606736372
1 0.332677128811586 0.367566620782384
1 0.971668832118475 0.0109448323592467
1 0.961097492357165 0.65556616036104
1 0.208282674492551 0.905465820425899
1 0.611435430915623 0.986934278283442
1 0.512371554741058 0.599691672364575
1 0.653509623869166 0.695824892450993
1 0.931391275135994 0.686190330802102
1 0.869099184961389 0.144427815328896
1 0.918543015222333 0.462602076610683
1 0.736834170896625 0.920753091597838
1 0.641717255584524 0.44470640544203
1 0.244740392478594 0.956612260397108
1 0.0327690815425328 0.543302049394246
1 0.475265223238818 0.0583495061759507
1 0.90655522153655 0.498757184440219
1 0.908203931282433 0.328214126549256
1 0.999920745822216 0.522153238190629
1 0.10758262159197 0.580486582789142
1 0.503104583574469 0.032537003157767
1 0.853093306767182 0.370293922701464
1 0.0894747895551049 0.625765369112489
1 0.254433079719643 0.437200003454599
1 0.552039277365864 0.190379231097094
1 0.178376878134376 0.172708330715153
1 0.543543854382342 0.926600915191745
1 0.140161780909207 0.46124963432495
1 0.0181392329653818 0.350180561091218
1 0.336384172821557 0.895078995861141
1 0.588781153927577 0.424250051913024
1 0.184709499602445 0.0327887218096592
1 0.993151163331433 0.458855211560856
1 0.159270526665157 0.67192179837906
1 0.0297173046439312 0.268942754475507
1 0.376242429215321 0.162982230794846
1 0.571863045150366 0.149503404250833
1 0.122775876442422 0.821124561988412
1 0.609431632774282 0.383941093652684
1 0.878261273382616 0.364739102717273
1 0.980525011008027 0.782757563109268
1 0.0123603978923406 0.231256473811101
1 0.800484392895449 0.91681370435585
1 0.326450592677613 0.0137184810236235
1 0.379143323364644 0.411569759318677
1 0.529011138614397 0.184788101737539
1 0.641341173604751 0.459806345587257
1 0.985361704765193 0.145663170540338
1 0.0696027201737337 0.542532815427617
1 0.126000153886512 0.775610862309463
1 0.224582930214048 0.745532754892668
1 0.352430425448684 0.116006327992174
1 0.755699771839232 0.0250679905646614
1 0.578831226929896 0.196558177202334
1 0.0833661353417696 0.574338937190621
1 0.390447423666483 0.390566185839283
1 0.746535032027353 0.2442221113435
1 0.143109355978599 0.624111421868719
1 0.919104038537576 0.45163692946706
1 0.547431757683935 0.114840053252998
1 0.220728763140642 0.309529201788603
1 0.193050131185363 0.00316117835133412
1 0.320283538037181 0.804331261779058
1 0.277290075009159 0.49365947891966
1 0.696882933521508 0.141913912925386
1 0.610135217412992 0.446502318190426
1 0.59068925392652 0.561618103810179
1 0.332432807438462 0.419374862949716
1 0.928775080180998 0.267829171086998
1 0.919710716821744 0.0954591232349316
1 0.832928614894819 0.292743757362619
1 0.571797287607676 0.0287765319759288
