100
8271 -1337 4450 4495
6658 -1991 9461 4393
-6784 2568 -8443 -4204
1727 7661 6098 2229
2306 -7431 7919 -3295
7909 1760 5536 -4796
5570 -4745 7887 1831
-7246 -3053 -7777 3899
-667 7928 5024 3900
3429 7032 -3424 5748
-8561 -3913 -2654 -7617
6674 -1893 6047 5051
-5029 9384 1184 6220
3253 9753 7887 -3399
-3873 -8789 -7342 -2741
-5966 -5363 -353 -9499
-7841 3797 -7214 -3147
-4766 4945 1647 7681
-6587 8523 -7214 1579
-5787 -7656 1184 -7788
-7709 -9242 5997 -6674
-3712 -7176 3077 -8764
9979 3252 -9974 9528
3077 7196 -3712 5608
-8993 821 -3854 5533
-9073 -1879 -4222 -6887
-4222 5319 -9073 311
-4763 6776 -7520 372
8287 -619 4210 -6275
1647 -9249 -4766 -6513
6658 423 6127 -6529
-7214 1579 -3393 7411
-7384 -2586 -7325 -9558
9205 4855 -4593 6871
-3025 7535 -7102 1879
-8475 2560 -6752 -4196
-3712 5608 -8955 1012
4754 -5765 8223 283
8483 5938 6760 -818
-3032 5914 -8723 1886
-8443 2636 -6784 -4136
1184 6220 -5787 6088
-7384 -2586 -4051 -8710
-4222 -6887 2415 -9023
-5203 -8074 -7576 -1518
-2049 7779 4210 4707
4864 4080 8197 -2044
-6609 -6927 7189 -8943
-1153 7901 4754 4197
-8993 -2389 -3854 -7101
6098 -3797 1727 -9229
-8197 -8796 5637 -7044
-3032 -7482 -8723 -3454
8045 1262 5288 -5142
-856 -7958 -7507 -5866
-7325 7990 -7443 -5954
4864 -5648 8197 476
4754 4197 8223 -1851
-3424 -7316 3429 -8600
-353 7931 -5966 3795
3328 -6912 -3323 -9004
5794 2815 943 7823
6253 4814 -7325 7990
6560 -2468 6619 -9440
-4766 4945 -9137 -487
7397 -4624 1184 -7788
-6609 5359 7189 7375
-3800 -7130 -8979 -2462
3885 -8358 -9949 -6606
943 -9391 5794 -4383
-8101 -8888 -6939 5008
-7576 -50 -5203 6506
-7777 -5467 -7246 1485
-856 6390 -7507 4298
-2049 -9347 4210 -6275
9052 9591 -4222 5319
6501 -6072 6619 7872
6957 -5414 6376 1534
6674 325 6047 -6619
-7384 1018 -4051 7142
6760 -750 5037 6006
1448 -7722 -5523 -7854
-7214 -3147 -3393 -8979
-3800 5562 -8979 894
8271 -231 4450 -6063
5288 3574 2531 9978
-2654 6049 -8561 2345
8419 6022 5101 -7522
7909 -3328 3163 9784
4210 4707 8287 -949
431 7889 5570 3177
-7325 -9558 6253 -6382
237 7906 5480 3310
431 -9457 5570 -4745
6658 -1991 7189 -8943
-7520 -1940 -4763 -8344
50 6387 -6587 8523
-1280 6352 -8197 7228
1069 7802 -5144 4638
-7582 -111 -9899 -6687
