100
-844 9298 4812 5221
1306 -7902 -5078 -5099
-8838 8200 5066 7138
4609 7512 -9335 7630
3679 6299 -2725 9056
-8874 -2382 -3042 -6203
-6277 7264 -7865 475
-7469 6048 6043 9494
-9945 6806 -2997 7387
5638 -2843 926 -7982
9889 4174 -3223 8920
-9265 2080 -6101 -4133
-1746 9234 4302 5765
-8684 -2862 -2636 -6331
-5927 -9266 -7211 -2413
5853 -2413 4569 -9266
5968 3317 6976 -3582
1984 -6091 7640 -2014
9513 -9091 -4031 -5773
-8334 -3582 -7326 3317
5143 -8938 6895 4896
3720 -5099 -2664 -7902
-8732 8312 5156 7058
-8783 -7090 -1835 -6509
-9453 -6314 -2481 -6373
-5958 5461 -126 9282
-6170 5221 -514 9298
8001 1368 3333 6547
-8659 4088 -7071 -2701
-6569 7008 -7853 155
6570 -4254 -6582 -8888
-9242 -1038 -6170 5221
-4646 -9848 -8918 3426
-3692 7109 -9124 2738
-382 -8126 5050 -3755
6391 -4512 6259 2459
6127 9430 -645 7771
4185 5875 -1939 9208
-3190 8930 -7326 3317
528 7669 6912 4866
1936 8898 -4640 6581
5424 -3211 416 -8062
2920 6805 7928 1954
-7485 9430 -713 7771
-2357 -7968 -7025 -2789
-9369 1248 -4773 6491
-5037 6299 1367 9056
-7512 -1643 -3808 -7550
-7815 9166 -7683 2195
-7617 2459 -7749 -4512
1590 -6235 -5362 -6766
7884 -1038 4812 5221
-7776 1717 -5040 8130
-8998 -2014 -3342 -6091
5464 -5598 7480 8200
1865 8920 -4691 6547
7326 -2862 1278 -6331
8011 1248 3415 6491
-976 -8126 -6408 -3755
2673 -5773 9445 -4114
4743 -4133 7907 2080
-4691 6547 -9359 1368
388 9234 -5660 5765
-8253 4896 -6501 -8938
4919 7264 6507 475
-1835 -6509 4569 -9266
-8838 8200 -6822 -5598
5424 -3211 3288 -9848
5667 -2789 999 -7968
-5258 -4955 -9394 658
-6939 6648 -8691 -7186
-7071 -2701 -2475 -7944
-9144 2658 -6408 -3755
-5363 6035 -9391 344
9858 4264 6154 -1643
-9986 -5576 3902 -6830
-7401 9494 -645 7771
-5309 7968 8587 6806
6325 2195 9489 -4018
2665 -7464 9421 -9187
-7853 155 -9945 6806
1684 -6203 8628 -5576
-1886 7669 -8270 4866
5050 -3755 7786 2658
5211 7008 6495 155
9489 -4018 2733 -5741
-1774 -8062 -6782 -3211
4005 6035 8033 344
7480 8200 528 7669
-5543 5875 581 9208
-7683 2195 -4519 8408
6611 -4192 -6501 -8938
-9986 -5576 -5714 7698
5143 -8938 -1413 -6565
5968 3317 1832 8930
7994 1442 3282 6581
1684 -6203 7516 -2382
6019 -2021 1991 -7712
8036 658 3900 -4955
0 0 0 1
