100
-1420 -6793 -4068 5395
-5745 -3506 481 -3150
-9154 2754 -6596 971
-3762 1672 -6649 494
2026 6719 4012 -2422
-3156 -2772 3038 -3496
4380 -5693 -6668 95
-554 2961 -3552 2104
3375 -6296 3444 3058
-3278 9150 708 4354
2676 6519 2314 9616
-2639 996 -1606 3938
2068 4004 -3738 1728
4712 38 -4256 8706
-6348 -2129 2620 6539
3245 996 4278 -1946
1882 9696 435 6934
-4548 -5045 -1606 -4012
9820 2542 -2632 3254
1891 6752 -2095 1956
-4810 -8468 2321 -2414
2676 -6593 2314 -9690
1662 4158 -9446 -1514
-124 -9888 -4409 5102
-2432 3422 3762 2698
9454 8993 7832 6330
-1715 2340 -4092 322
9904 8513 -9430 -1616
-1789 -6688 9046 4522
4344 1728 -208 -9884
9196 4222 228 -4446
3594 -2972 2882 9480
-1833 -6674 -3725 5654
-9214 -2616 6351 -3506
-344 -9876 834 -6989
6687 2766 4694 368
-1939 2130 2395 6614
-9308 -2240 -3982 1004
-3762 -1746 -6649 -568
8782 4996 -3406 2348
280 -3155 -5956 -3109
3206 1101 4344 -1802
2912 -3592 1966 -9756
-6536 7066 1750 2725
-3833 5576 -1056 4158
3858 -2646 4331 -5728
-2360 1585 -3982 -1078
4644 738 8210 5854
7251 544 1925 -2700
3106 6347 -6486 -1625
4698 322 9452 -3714
7059 -1760 -5129 -4408
-3156 2698 -1708 -9690
-9028 3150 3444 3058
-6641 -664 -835 -2940
3065 -1484 8853 9564
-4038 738 -472 -4378
3060 -6441 2882 -9554
-2815 -14 -2769 6222
-6334 2099 -3252 2572
-1708 9616 -2432 3422
-3030 -6161 4644 -812
1925 2626 -738 4248
-1420 6719 -4730 -8516
7247 -664 1441 -2940
5872 -8174 2444 3818
-2792 -3178 -9028 -3224
4368 1672 -4293 5206
3980 -9186 1962 -6809
-2474 1381 -8146 -9727
-8848 8993 -3982 1004
-5529 -3858 665 -3134
-6081 2766 -102 -4428
-5956 3035 6516 3127
-4092 -396 3980 9112
6940 -2173 -2306 -3592
-1356 6735 4698 -396
6135 3784 -6253 2336
-3672 1872 460 -9896
-2884 9294 -2792 -3178
3065 1410 7406 -6876
1481 -2924 4368 -1746
-3892 -1396 -6669 22
1160 -3035 -1838 -3892
-9416 -1700 -170 -3119
-1406 4028 -6118 -7520
4512 -1352 -6536 -7140
1364 -9840 4674 5395
3301 -894 5015 5102
-6348 2055 -4106 -112
-4898 -8414 4694 -442
-2306 3518 -5388 3991
7059 1686 4012 2348
4694 368 -102 4354
-3892 1322 -5310 4099
1721 -2814 4498 -1396
834 6915 3190 1141
4498 -1396 8752 -9727
1078 4304 -705 6862
-2810 141 -2632 3254
