100
-9 -4917 7122 1137
3445 2619 9681 2665
3253 -1660 7805 9952
-4041 -927 5551 -8899
-2553 616 -1415 3519
-1373 6234 -4683 -9001
-3859 -1837 482 6449
-9383 -2101 9951 8028
-4318 -5701 7294 -1149
6771 -8005 881 6430
-3505 1619 -9501 -95
4415 -2231 -1359 -4587
-7557 -6413 1358 6377
7203 -1806 -4789 -5234
3086 5891 -6422 -2181
-2745 -3663 373 -3640
2343 -2920 9537 3059
2517 1720 7001 -2614
2735 3187 5383 -9001
-9167 -3101 3285 -3813
-3691 -2287 7921 -6839
-6681 -7435 -1009 3673
-4151 8251 -1786 -7159
6609 2550 -5863 2642
7298 -1103 4635 519
3285 2769 172 2591
-2048 1471 -4041 -927
3086 -6935 -4045 -881
-3715 -2231 7833 -6943
-3109 -3257 6182 -4343
-5306 3555 -3859 793
4533 -9451 2361 9131
4205 -2663 777 9329
4691 253 -658 -7421
-1559 -4497 -526 -7439
-4501 4486 4325 1387
7833 5899 4946 4721
425 -4931 9093 4037
3819 -6570 2929 8995
-8543 3737 -1817 -2764
-2699 -9899 -2814 5691
-4893 -5118 -3715 -2231
-5263 3614 -1009 -4717
-2407 5882 -2763 -344
8799 9168 1125 3819
-1068 -3299 -6622 -463
-1238 -7311 -3231 -9709
1938 -7311 3931 -9709
7001 1570 275 -4931
-7221 5795 4391 1243
8900 9079 1665 -4731
2723 -7078 3447 -884
-1313 9197 -1786 6115
6926 -2839 -3909 8371
7949 9848 2059 -4587
3085 2937 9279 3661
-2023 -7078 -3833 8407
5383 7957 4721 4910
-2791 -3617 9681 -3709
-2699 8855 -2791 -3617
4691 253 -2983 5602
-425 -4863 9807 2269
9867 -3101 528 -3635
-3205 -3131 6041 -4550
6987 1614 -2259 3033
-2697 -1184 -3359 1863
-8393 4037 -6226 1795
-2441 8935 6474 -3855
5489 -5234 8487 -6091
1391 -4807 -1272 -3185
-2385 -3981 3809 -3257
-1097 -3284 9951 -9072
5062 4617 4205 1619
-6549 486 6241 -8429
3292 -1555 4325 1387
-6489 6581 -3727 5134
-6063 -3258 -9 3873
2343 1876 4741 -117
-3727 -6178 -9251 -9072
-9399 -1999 -1068 2255
4325 -2431 2259 3453
2486 6115 4851 -9295
-3786 -6135 7322 -463
8799 9168 7381 6391
7106 -2245 -5082 -4893
1391 3763 7879 -6889
-1791 3333 -934 6331
709 3873 -3327 8627
-6226 -2839 275 3887
-161 9325 977 6422
3537 8809 3445 -3663
507 9337 -526 6395
-1272 2141 4054 5385
-4763 7909 9499 -4199
-277 -7466 -4829 4146
-3327 -9671 2727 -2540
1528 2365 -4246 4721
-9453 539 2735 3187
-2763 -700 -2407 -6926
0 0 0 1
