100
-9312 1551 -5819 -3687
-6246 6675 21 6073
5621 -1277 6704 4925
-6458 -2452 -8716 3425
-6864 208 -6462 6491
3038 -8329 5296 -2452
600 -9019 -4403 -5197
-6563 1769 -4600 7751
2550 8141 -3183 5539
8150 1551 2912 5044
4966 2784 7944 -2763
5232 -2612 2814 -8425
-8776 3287 -6419 -2551
3241 4809 -1762 8631
1988 -8719 -3559 -5741
-3976 -8425 -6394 -2612
-8716 -3813 -4200 7941
-9400 -1419 644 -9013
-3712 -8529 -8916 2937
2397 -5741 -3150 -8719
600 8631 8244 -1375
-7450 -5859 -1183 -6461
-8716 3425 -2839 5683
204 8675 -9450 591
-3976 8037 -6394 2224
6650 5001 -5776 7037
-4623 -5021 -9450 -979
-7786 -5425 -6799 793
-5812 -7399 -7786 5037
-7866 -5313 4538 -7479
-6462 -6879 -179 -6477
7614 3287 5257 -2551
-5700 -7479 502 -6396
406 -6412 6624 -5425
-3712 8141 7754 2937
8150 1551 1164 -8925
-6783 -1277 -5700 -7479
-8776 -3675 -2938 -6032
-3183 -5927 -8916 -3325
4177 -4317 8300 441
-6462 -6879 -7266 5687
-4062 8001 7614 3287
5300 -6879 -7266 -6075
-1568 -6412 4650 -7399
-4074 5044 1164 8537
7754 -3325 -3712 -8529
2814 8037 5232 2224
4650 -7399 6624 5037
-4200 7941 7554 3425
-7266 5687 -983 6089
6288 -5859 21 -6461
5296 2064 7554 -3813
5686 -796 5084 -7063
7650 3201 -3976 8037
-8776 3287 2900 8001
-1664 6008 4538 7091
6650 -5389 4614 7037
8300 441 -1216 8687
6650 -5389 437 -6407
-9406 -1375 -5584 3628
1776 -6032 7614 -3675
4614 7037 -1599 6019
3461 4633 8288 591
7364 -4213 5401 1769
-9106 2375 1988 8331
-1216 -9075 -5339 -4317
-1762 -9019 -9406 987
4422 -4016 8244 987
-6419 2163 -4062 8001
-6246 6675 -7450 -5859
-9400 -1419 -5603 3603
-8812 -3589 -2999 -6007
-7450 5471 -1183 6073
9327 9807 3438 -8139
5152 2408 7754 -3325
8238 1031 4441 -3991
-6462 6491 6104 5687
-2326 8537 -9312 -1939
-8526 -4213 -2544 -6176
4614 -7425 -1599 -6407
-7866 -5313 -5700 7091
-9400 1031 644 8625
204 8675 8288 -979
-9462 -829 -5339 3929
-2544 5788 9420 9714
-9106 -2763 -6128 2784
-9406 987 600 8631
-3976 -8425 7650 -3589
8238 -1419 3216 -5216
8238 -1419 4441 3603
8288 591 204 -9063
6650 5001 4614 -7425
-5700 7091 6704 4925
-3712 8141 -6314 2408
-9462 -829 -4704 -4952
-8716 -3813 -2839 -6071
-8812 3201 2814 8037
-5776 -7425 -6794 -1212
8238 1031 3216 4828
-9450 591 -1366 -9063
