100
-1765 -9036 7889 -952
-1382 -6450 4901 -6852
-1615 -9048 -9861 468
5705 5714 -578 6116
1278 5710 7155 3452
4258 3326 765 8564
-9211 -3562 -6793 2251
-6218 -3660 -9711 1578
7545 -2736 4567 2811
-8925 -4186 3039 -8112
-9505 2402 -3549 -8692
3847 -4209 7889 618
-9115 -3786 -4599 7968
4251 7038 6225 -5398
765 8564 -9711 1578
1377 5671 7215 3314
-6099 -7452 103 -6369
-6793 -2585 -4375 -8398
-2161 -8992 2842 -5170
4897 2091 7155 -3786
-7849 5498 -7247 -769
983 5815 -4999 7778
-8265 -5286 4139 -7452
-5738 3956 -1615 8714
5002 1796 3039 7778
-6645 6702 -378 6100
-1998 -6380 4215 -7398
-9861 468 -345 8714
4753 -2769 2151 -8502
4901 6518 -7665 5714
-8925 -4186 -4999 7778
6251 -5362 5233 851
5705 5714 5303 -569
-7193 851 -6175 7064
6225 5064 7 6051
-3582 5566 2151 8168
1438 5646 -4375 8064
245 8652 4042 3630
201 8658 7845 -1348
-3398 -5980 2415 -8398
-3398 5646 -9211 3228
7751 1578 2513 5071
5287 435 5889 -5832
-378 -6434 5889 -5832
-2205 -8986 7839 -1392
1589 -8692 7545 2402
38 -6380 6251 -5362
-1765 8702 3062 4660
-9315 -3298 -3582 -5900
2639 7968 -9115 3452
-9115 -3786 2639 -8302
-9805 -1348 -2161 8658
-3549 -8692 7545 -2736
3847 3875 7889 -952
-1582 6100 4685 6702
-8265 4952 -7182 -1250
1622 5566 7355 2964
-6002 -3964 -2205 -8986
-8185 -5398 -6211 7038
-2725 -8898 7751 -1912
-4802 4836 201 8658
7251 -3562 -4375 -8398
-7849 -5832 -6645 6702
-9505 -2736 -6527 2811
1589 -8692 -9505 -2736
-7665 5714 -7263 -569
7901 -802 -1615 -9048
7901 468 3778 -4290
-3337 -6005 2501 -8362
6305 -5286 5222 916
-9861 -802 -5103 -4925
-7193 -1185 -8211 5028
4251 7038 -8185 5064
4685 -7036 -1582 -6434
-6211 -7372 7 -6385
3778 3956 7901 -802
-9175 -3648 -4461 8028
-6818 -2524 -9175 3314
7355 -3298 -4111 -8502
4858 2190 7215 -3648
-6002 3630 -2205 8652
-4111 -8502 -6713 -2769
-6099 7118 -8265 -5286
5233 -1185 6251 5028
-9849 -952 -5022 -4994
4251 -7372 5238 -1154
2639 -8302 4897 -2425
245 -8986 4042 -3964
-4777 4855 245 8652
7155 -3786 -4599 -8302
6251 5028 -6175 7064
4139 7118 -8265 4952
-6211 -7372 -8185 5064
-6857 -2425 -4599 -8302
1377 -6005 -4461 -8362
2415 8064 4833 2251
5705 -6048 -578 -6450
5287 -769 5889 5498
765 -8898 7751 1578
0 0 0 1
