100 1000
-9900 -8079
-9809 -1778
-9529 -657
-9113 -4839
-8906 3162
-8816 -6578
-8259 -1708
-8137 2452
-7847 -486
-7430 9585
-7171 6816
-7158 9294
-6789 -8653
-6776 6579
-6654 -9454
-5921 -5865
-5508 -6727
-5506 -9817
-5500 5945
-5409 8790
-4903 -9643
-4661 4131
-4658 -9184
-4478 9579
-4313 -6727
-4288 2666
-4024 -7329
-3842 9936
-3586 -4780
-3552 5389
-3512 -9366
-3392 -3003
-3391 5779
-3369 9279
-2796 7128
-2683 5580
-2651 9808
-2550 545
-2511 -854
-1917 -6409
-1559 2975
-1372 5381
-1218 -3017
-1192 -3119
-300 8879
-52 -7461
259 -4532
287 809
446 -3270
596 8611
597 1026
686 6281
849 -1004
1344 -6242
1586 3938
1729 -2954
1822 9569
1915 5245
1971 5511
1998 -8561
2123 503
2180 -4038
2185 9823
2630 550
2940 9252
3199 -6444
3279 -2977
3565 -7751
3615 2918
3693 5810
3926 8424
4026 5200
4191 -9465
4494 8918
4950 7429
4991 -7861
5187 676
5491 1364
5772 3862
6385 -7431
6477 9044
7223 8338
7230 4651
7244 -8903
7405 9889
7614 6702
8171 -7307
8266 -9167
8549 8612
8638 769
8723 -9305
8779 -4471
8915 -1837
9154 2760
9333 -1454
9335 -8958
9468 3045
9704 -1272
9751 -2313
9823 6171
1 2 2929
1 3 9361
1 4 2053
1 6 108
1 7 8599
1 11 6557
1 12 5935
1 21 6064
1 26 6187
1 27 7248
1 29 2897
1 30 6202
1 33 1188
1 39 1738
1 42 7813
1 48 2713
1 56 9994
1 59 9307
1 94 869
1 95 1645
2 5 6786
2 7 406
2 16 5989
2 18 7384
2 20 2176
2 25 6798
2 33 8644
2 34 7285
2 41 2737
2 54 9698
2 56 3536
2 60 1355
2 69 505
2 72 8012
2 75 5800
2 81 341
2 86 7765
2 89 525
2 93 3454
2 96 8097
2 99 6959
2 100 4354
3 18 9180
3 20 7171
3 22 5927
3 25 557
3 33 6925
3 36 5696
3 42 9168
3 44 8104
3 55 9957
3 58 5839
3 63 3191
3 64 5884
3 68 6307
3 70 6533
3 84 2506
3 88 8386
3 95 4460
3 96 1821
3 98 8401
4 27 1657
4 31 5077
4 36 7163
4 41 6464
4 49 3298
4 54 4421
4 58 9297
4 68 5472
4 69 6997
4 72 3924
4 75 9704
4 77 6939
4 78 3502
4 79 6866
4 81 3029
4 82 3690
4 83 5200
4 85 8493
4 91 2159
4 92 2220
4 94 9338
4 98 4563
5 7 2519
5 11 2289
5 14 4384
5 15 7176
5 21 4732
5 25 2879
5 26 5982
5 31 363
5 38 7430
5 53 3490
5 56 6348
5 64 4185
5 65 8374
5 74 180
5 80 1388
5 87 1324
5 90 7786
5 97 5699
6 9 6043
6 24 177
6 29 8671
6 30 4694
6 32 8545
6 34 6750
6 37 8342
6 43 3385
6 51 2753
6 54 908
6 55 2761
6 68 6295
6 69 9256
6 70 3329
6 81 1641
6 83 2010
6 95 7696
6 96 6744
7 9 2906
7 11 5551
7 16 9191
7 18 7578
7 22 6811
7 27 5020
7 28 2546
7 33 341
7 35 386
7 40 7809
7 42 8072
7 45 5982
7 48 7034
7 52 6141
7 66 8821
7 68 3808
7 69 613
7 72 7409
7 77 7237
7 81 2502
7 82 9375
7 97 8293
8 9 5857
8 11 4454
8 23 9990
8 27 5593
8 29 4561
8 32 8797
8 34 3093
8 36 6534
8 45 1187
8 50 5030
8 53 315
8 57 5695
8 61 6284
8 64 2741
8 71 5887
8 72 8361
8 79 1368
8 81 3106
8 82 1810
8 86 5464
8 90 6595
8 91 5203
8 100 4788
9 11 6254
9 13 6783
9 20 2065
9 21 8732
9 22 7011
9 26 2958
9 28 8799
9 31 8982
9 36 7561
9 38 279
9 40 3079
9 47 4843
9 48 1087
9 51 9577
9 52 6331
9 53 9518
9 58 108
9 60 7895
9 64 5555
9 66 2529
9 68 2396
9 76 5471
9 81 4765
9 83 7953
10 15 9842
10 21 7443
10 24 861
10 31 8354
10 38 1968
10 48 5615
10 62 1818
10 67 558
10 75 4340
10 76 4954
10 80 5646
10 98 2110
11 12 4076
11 20 9356
11 23 1716
11 24 3231
11 25 1467
11 33 9893
11 34 8798
11 35 7863
11 36 2785
11 43 75
11 56 6673
11 63 9581
11 64 9603
11 69 3321
11 74 6830
11 83 9717
11 84 9190
11 86 6328
11 89 8487
11 92 259
11 95 7729
11 96 7100
12 16 9194
12 22 7561
12 26 4740
12 29 6932
12 34 1734
12 36 3809
12 38 9272
12 40 4828
12 56 7377
12 58 7249
12 59 7480
12 62 5181
12 63 4074
12 67 3461
12 71 2196
12 85 7306
13 20 4443
13 30 4117
13 46 722
13 55 1073
13 58 2165
13 61 8099
13 64 2923
13 68 1053
13 71 2678
13 72 6293
13 79 5343
13 92 6671
13 98 3051
13 100 4385
14 16 5121
14 17 2466
14 21 2596
14 29 3366
14 33 1416
14 36 5191
14 51 9487
14 53 2619
14 57 3995
14 67 5393
14 68 6568
14 69 6636
14 70 7260
14 75 7573
14 92 3405
15 20 1722
15 21 4578
15 29 9604
15 42 8783
15 49 1095
15 51 7930
15 52 3987
15 54 2256
15 58 9950
15 64 1900
15 68 7711
15 73 7021
15 81 6144
15 91 2998
15 95 3300
16 21 4199
16 22 5637
16 26 3826
16 32 9649
16 42 3138
16 51 5280
16 55 691
16 64 9864
16 76 9603
16 81 4371
16 82 518
16 90 5411
16 91 1606
16 99 712
17 24 4253
17 27 2010
17 28 7524
17 48 3585
17 60 7240
17 61 448
17 75 9454
17 79 967
17 83 4622
17 87 6274
17 89 4490
17 91 3829
17 96 4879
18 19 3290
18 24 7765
18 28 1435
18 32 9420
18 39 8429
18 50 8609
18 55 9564
18 60 9884
18 61 1071
18 69 1885
18 74 8272
18 75 7206
18 76 4465
18 77 6641
18 83 2576
18 84 3807
18 95 9342
18 98 8762
18 99 4228
18 100 664
19 20 7231
19 22 5048
19 23 9356
19 24 7605
19 26 6325
19 35 8029
19 40 1323
19 45 9400
19 48 2883
19 50 2831
19 51 6322
19 54 4896
19 55 1602
19 56 3242
19 58 670
19 67 1083
19 74 4512
19 76 1880
19 83 1360
19 92 2521
19 100 4195
20 21 7434
20 26 8141
20 47 1955
20 49 5328
20 50 5276
20 51 4256
20 52 1061
20 54 6028
20 57 8367
20 62 2677
20 65 6655
20 72 4500
20 77 5110
20 78 3896
20 79 1070
20 86 6904
20 90 4160
20 92 1646
20 94 1153
20 95 6038
20 99 1872
21 30 7402
21 50 9766
21 54 5848
21 58 5865
21 73 7495
21 77 8445
21 83 2440
21 97 2001
21 98 1426
21 100 7996
22 25 11
22 37 6359
22 38 2241
22 48 1718
22 51 5715
22 63 8020
22 73 1545
22 76 2844
23 26 5977
23 31 3862
23 33 1043
23 39 1428
23 41 6726
23 43 4688
23 47 6263
23 51 7671
23 54 255
23 55 1682
23 56 8744
23 57 4093
23 60 6981
23 65 4205
23 77 7796
23 81 2235
23 94 5895
24 25 9104
24 27 4504
24 30 9532
24 31 7561
24 55 2620
24 56 9016
24 62 4701
24 63 6286
24 64 5881
24 68 5353
24 69 7034
24 71 3795
24 72 9741
24 74 3546
24 75 9978
24 78 2884
24 88 8124
24 91 1579
24 95 5607
24 96 6069
25 27 5023
25 28 6475
25 31 6049
25 32 9070
25 35 4695
25 37 400
25 55 7966
25 60 2274
25 62 9640
25 63 7180
25 64 6822
25 68 9217
25 76 557
25 77 402
25 81 2348
25 86 3554
25 87 5163
25 91 2387
25 93 5084
25 98 939
25 100 6600
26 27 8357
26 29 290
26 31 5370
26 33 1037
26 37 9636
26 43 7221
26 47 82
26 49 8688
26 53 4137
26 54 8048
26 59 8775
26 61 6485
26 65 5983
26 68 3426
26 76 3671
26 78 7839
26 82 5650
26 83 5709
26 91 7746
26 93 1489
27 33 5777
27 40 6122
27 41 2496
27 44 2537
27 45 8411
27 49 8681
27 61 8178
27 63 9852
27 65 6795
27 76 4084
27 80 9785
27 98 5983
27 99 7362
27 100 8539
28 29 8743
28 30 8087
28 32 2958
28 45 6556
28 47 2278
28 55 1894
28 57 761
28 59 5515
28 66 7826
28 69 8754
28 71 1577
28 74 8264
28 75 2696
28 78 3581
28 94 2182
28 100 7862
29 44 8489
29 47 8058
29 56 5335
29 59 6700
29 61 7527
29 62 578
29 65 8755
29 77 9285
29 79 4387
29 81 7443
29 83 1881
29 86 6288
29 87 4696
29 89 1294
29 97 4775
29 100 8525
30 34 6471
30 35 8237
30 39 2539
30 41 4925
30 52 4844
30 57 9076
30 64 5792
30 69 3525
30 74 6898
30 75 2187
30 77 4743
30 78 7210
30 84 8948
30 88 49
30 92 9522
30 98 3787
30 100 7113
31 36 2857
31 47 4927
31 56 6198
31 59 7830
31 60 2328
31 75 699
31 77 3258
31 79 1154
31 83 5503
31 85 1031
31 88 1197
32 34 5805
32 45 1
32 46 5157
32 49 3598
32 51 9098
32 53 8333
32 56 7232
32 61 1739
32 62 3612
32 72 7158
32 73 3495
32 78 6304
32 82 6626
32 85 2399
32 92 1444
32 94 4959
32 100 18
33 36 4914
33 37 552
33 40 414
33 44 6723
33 50 9524
33 51 7277
33 58 8136
33 59 8126
33 62 53
33 65 2706
33 76 5085
33 82 5778
33 83 5852
33 84 845
33 87 2982
33 90 9896
33 92 3253
33 99 5043
34 36 4455
34 37 2006
34 39 52
34 40 6047
34 45 7389
34 48 1325
34 58 4263
34 59 948
34 61 1843
34 69 8575
34 70 3984
34 73 2662
34 75 2584
34 79 2917
34 87 9831
34 88 7379
34 89 3568
35 41 9236
35 42 4478
35 49 4869
35 71 7507
35 73 5204
35 80 9385
35 94 5413
36 42 7986
36 43 828
36 49 2744
36 50 5316
36 51 947
36 52 1738
36 65 6022
36 67 683
36 70 3979
36 81 1117
36 84 9758
36 93 3353
36 96 579
37 39 9594
37 40 2359
37 47 5100
37 48 9169
37 59 293
37 61 6768
37 66 8914
37 68 8081
37 70 4885
37 72 193
37 76 5506
37 84 1184
37 88 2632
37 95 2120
37 98 6084
38 49 8165
38 52 5376
38 54 801
38 72 3315
38 75 7227
38 78 2772
38 79 8922
38 80 6982
38 83 9280
38 87 8289
38 91 1443
38 94 208
38 95 6257
39 40 9628
39 41 295
39 51 4650
39 57 7090
39 58 3559
39 64 8227
39 65 9950
39 67 6806
39 70 8005
39 72 1257
39 86 4474
39 90 9421
39 98 4690
40 45 2469
40 48 2407
40 49 8834
40 59 8976
40 63 8872
40 71 4223
40 74 5070
40 77 2911
40 86 3884
40 96 4855
41 44 6557
41 63 5108
41 64 8871
41 66 3587
41 74 278
41 84 3974
41 88 2664
41 99 9180
41 100 866
42 43 2397
42 44 7848
42 50 2016
42 54 2423
42 56 7632
42 62 9700
42 64 8605
42 66 6586
42 73 8688
42 74 1606
42 77 8061
42 90 7128
42 96 7467
43 44 921
43 46 4431
43 63 8891
43 64 6531
43 67 6752
43 68 2935
43 79 4000
43 82 5093
43 86 6020
43 88 4606
43 95 9605
43 98 3176
44 45 9094
44 49 5926
44 51 5144
44 54 7474
44 58 7272
44 62 3993
44 66 5781
44 68 65
44 76 5210
44 78 5859
44 96 454
45 60 3146
45 61 6942
45 65 4566
45 72 5967
45 88 2569
46 49 1910
46 54 7256
46 56 9840
46 58 3250
46 63 2350
46 73 2674
46 75 6268
46 78 7173
46 86 3897
46 90 426
47 50 6956
47 58 1177
47 62 5490
47 65 1888
47 71 9116
47 78 6900
47 90 9125
47 95 1832
47 98 6744
47 99 5193
48 58 7327
48 59 2548
48 63 7349
48 64 9131
48 68 6137
48 69 2259
48 70 7523
48 77 1799
48 82 1762
48 90 4474
48 91 8632
48 97 2458
49 51 4740
49 52 2702
49 60 1061
49 63 5792
49 64 8014
49 66 3508
49 70 9702
49 87 745
49 97 9946
49 100 3568
50 57 2615
50 59 3526
50 60 6764
50 63 6123
50 64 4454
50 70 9476
50 74 2532
50 76 4085
50 85 4429
50 88 7706
50 91 8017
50 96 7814
50 98 6177
51 53 8804
51 56 8165
51 58 5026
51 63 5255
51 68 4090
51 72 2843
51 82 374
51 83 9582
51 86 3435
51 88 7711
52 55 8696
52 68 8
52 70 4328
52 73 8430
52 75 93
52 77 8087
52 82 208
52 88 7054
52 96 7186
52 97 8838
52 99 4917
53 56 6773
53 58 5280
53 64 6462
53 85 3710
53 88 6467
53 90 4759
54 56 2860
54 62 5301
54 73 7802
54 81 3103
54 83 8407
54 85 2162
54 89 9973
54 92 4775
54 93 5559
55 58 6890
55 83 6438
55 87 6405
55 89 7970
55 92 7746
55 100 1751
56 62 6577
56 67 6940
56 70 4020
56 79 1524
56 80 9158
56 84 644
56 97 4703
57 66 2644
57 67 8792
57 96 863
58 66 98
58 67 1055
58 68 3885
58 72 733
58 75 5549
58 79 3333
58 85 9566
59 61 8536
59 62 9006
59 64 3287
59 86 5585
59 88 1480
59 89 5388
59 93 964
59 95 2849
59 98 1884
59 100 3051
60 62 6895
60 63 7128
60 64 2331
60 68 6667
60 71 5099
60 78 2363
60 89 8786
60 90 4597
60 93 6838
60 95 8439
60 96 2653
61 73 9989
61 77 7974
61 92 8740
61 93 7531
61 95 3714
61 98 1149
62 65 9569
62 68 1072
62 78 9271
62 86 1963
62 91 2391
62 92 1391
63 68 3782
63 72 4303
63 75 4440
63 89 1999
63 93 8991
63 98 1613
64 65 7286
64 69 9812
64 70 8961
64 79 8476
64 88 4491
65 70 8819
65 76 7661
65 81 3069
65 82 8805
65 88 3895
65 100 531
66 69 7245
66 76 7520
66 77 4304
66 78 8809
66 81 6572
66 84 2927
66 95 7638
66 98 5998
67 72 3522
67 87 2203
67 96 268
68 70 235
68 78 2036
68 86 6484
68 97 4598
68 99 6132
68 100 5546
69 73 5793
69 74 539
69 75 7687
69 77 3006
69 80 3127
69 86 9064
69 88 4731
69 91 2032
69 93 9924
69 96 2865
69 97 3978
70 74 4590
70 79 8132
70 80 5647
70 82 8896
70 83 7205
70 88 1782
70 98 9949
70 99 2247
71 72 4578
71 75 7134
71 78 8885
71 89 2470
71 91 367
71 95 1055
71 96 3543
71 100 3339
72 75 887
72 80 6351
72 84 8969
72 91 469
72 92 474
72 98 3787
73 79 527
73 80 8634
73 84 3124
74 76 7402
74 89 4089
74 99 8391
75 78 6945
75 82 9541
75 86 6209
75 87 776
76 77 5048
76 80 3656
76 81 1187
76 82 1781
76 96 6438
76 98 5330
77 78 279
77 88 5077
77 91 7629
78 82 9626
78 83 4273
78 85 9084
78 97 6909
79 84 8574
79 88 9403
79 89 112
79 93 7005
79 96 55
79 97 7302
79 99 6773
80 88 5112
80 89 2086
80 94 4836
80 98 1814
80 99 2683
80 100 3225
81 86 5805
81 93 6786
81 100 8263
82 83 4041
82 87 3380
82 91 3588
82 97 9096
82 100 9553
83 86 9050
84 86 7655
84 97 9702
84 98 8951
85 87 242
85 88 1854
86 90 65
86 95 1498
87 89 4018
87 90 5049
87 91 827
88 96 6058
88 97 9467
88 100 728
90 95 9843
90 98 9220
90 100 5591
91 92 1610
91 94 8647
91 95 1035
91 99 6254
92 94 4685
92 95 7930
94 99 443
95 96 6062
95 100 6586
96 99 1030
97 100 6003
