100 4000
-9803 7121
-9676 -4121
-9548 6603
-9472 8389
-9464 6025
-9165 -4730
-9004 9001
-8555 7140
-8347 -5777
-8338 7109
-8245 1887
-8145 -1695
-8141 2544
-7943 2971
-7865 -1305
-7604 -6345
-7495 -1355
-7231 -891
-7044 8664
-6777 -552
-6771 -6660
-6703 -8527
-6302 -9981
-6215 2281
-5277 -5807
-5214 3858
-5184 -3966
-5115 -6759
-4927 -7430
-4221 2076
-3999 1387
-3996 2330
-3925 -1463
-3665 -9119
-3578 -5134
-3507 -6095
-3391 7802
-3222 -5029
-2906 9974
-2792 3779
-2443 -9881
-2372 1237
-1467 -2306
-1009 1629
-712 6550
-508 1532
-208 5420
-99 6294
13 7598
15 6288
81 -6
86 -6944
283 -8775
346 9284
349 5401
442 1992
700 -22
1212 3102
1933 -853
2401 -8388
2506 -1532
2560 -517
2614 -8852
2635 8157
2861 4405
3079 223
3254 3326
3318 1807
3406 -820
3633 7653
3916 323
4038 6503
4612 4687
5010 -1939
5285 -776
5338 -7429
5398 -2168
5893 -4281
5978 2932
6044 -9123
6369 -4572
7020 -4355
7194 9041
7469 6665
7652 -9240
7917 -5909
8078 3056
8257 -5997
8513 8577
8660 -560
8818 -7179
8983 3333
9064 -6809
9280 -1555
9486 6625
9542 9261
9546 4150
9667 5578
9695 -9499
9924 -8936
1 2 277
1 3 9159
1 4 2540
1 5 2151
1 8 986
1 9 8927
1 12 449
1 13 5346
1 14 8991
1 15 5292
1 16 1111
1 17 788
1 19 6878
1 20 8027
1 22 6226
1 23 6241
1 24 480
1 25 4140
1 26 8254
1 27 2149
1 28 2494
1 29 3407
1 31 4234
1 32 8121
1 33 7518
1 34 9910
1 35 8135
1 36 7984
1 38 1312
1 39 2403
1 40 1549
1 41 8092
1 42 4459
1 43 4757
1 44 5202
1 45 8408
1 47 5070
1 49 9805
1 50 36
1 51 4189
1 52 7005
1 54 479
1 55 8977
1 57 9077
1 59 7144
1 60 770
1 61 1443
1 62 1215
1 63 456
1 64 4310
1 65 7752
1 66 9431
1 69 9280
1 70 9982
1 71 4448
1 72 3130
1 73 449
1 74 6093
1 75 5841
1 76 2926
1 77 7889
1 78 2012
1 79 2529
1 80 6834
1 81 9269
1 82 1366
1 84 7810
1 88 968
1 89 6119
1 90 9619
1 91 1522
1 92 4442
1 93 4414
1 94 143
1 95 2710
1 96 5224
1 97 4154
1 98 4390
1 99 1417
1 100 5083
2 3 708
2 6 1942
2 9 2531
2 10 5935
2 11 3291
2 12 4534
2 13 3874
2 15 8153
2 16 1406
2 17 1389
2 18 2899
2 20 3016
2 21 490
2 22 1996
2 23 9786
2 24 407
2 25 3294
2 26 7783
2 27 9346
2 28 5709
2 29 6977
2 31 8714
2 32 2483
2 33 3229
2 35 7547
2 36 7560
2 37 5703
2 38 5323
2 39 444
2 40 2082
2 41 3306
2 42 6205
2 44 7785
2 45 3218
2 46 1927
2 47 7292
2 49 709
2 52 378
2 53 3491
2 54 6489
2 55 7846
2 56 3863
2 57 9423
2 58 8303
2 59 9305
2 60 1379
2 61 2932
2 62 934
2 63 4185
2 64 2364
2 65 3076
2 66 3830
2 67 7204
2 68 1610
2 69 7678
2 71 1878
2 72 3071
2 73 155
2 74 6692
2 75 4812
2 76 4470
2 77 8596
2 78 7322
2 79 3395
2 80 6066
2 81 1934
2 82 7532
2 83 3224
2 84 960
2 85 8260
2 86 8125
2 87 8955
2 89 6816
2 91 3655
2 92 3189
2 93 2465
2 94 5916
2 95 5551
2 96 1103
2 97 5788
2 98 9997
2 100 1107
3 4 4786
3 6 3201
3 7 7662
3 8 5018
3 9 7512
3 10 3991
3 11 581
3 12 1635
3 13 7945
3 14 6664
3 15 8690
3 16 3002
3 17 6344
3 18 8941
3 19 7880
3 22 2079
3 24 64
3 25 6916
3 26 7668
3 27 5882
3 28 619
3 29 3860
3 30 5763
3 31 3239
3 32 7455
3 34 5301
3 36 344
3 37 8230
3 38 7075
3 39 6688
3 40 5968
3 41 6859
3 42 86
3 43 1691
3 44 2359
3 45 2414
3 46 6849
3 47 7732
3 48 6484
3 49 2696
3 51 7680
3 52 6149
3 53 7294
3 54 6056
3 55 3951
3 56 3419
3 57 9803
3 58 9726
3 59 9720
3 60 2018
3 61 5714
3 62 104
3 64 8737
3 65 418
3 66 1106
3 68 7783
3 69 9505
3 70 4449
3 71 387
3 73 368
3 74 3828
3 76 755
3 77 8638
3 78 5759
3 80 2762
3 81 3934
3 82 3639
3 83 1631
3 84 2962
3 85 9119
3 87 1710
3 88 5050
3 89 4913
3 90 7596
3 91 8402
3 92 9487
3 94 1628
3 95 5173
3 96 2142
3 97 293
3 98 1090
3 99 8481
4 5 2876
4 6 2277
4 8 9802
4 10 1154
4 11 9466
4 12 5141
4 14 9744
4 15 8393
4 17 557
4 18 6929
4 19 3059
4 20 3635
4 21 5637
4 22 1434
4 23 7774
4 24 5992
4 26 3149
4 28 2488
4 30 2236
4 31 7928
4 32 471
4 33 9983
4 34 5120
4 35 2355
4 39 6555
4 40 698
4 41 322
4 42 4530
4 44 9439
4 45 1108
4 46 1471
4 48 2685
4 49 4155
4 50 2657
4 51 7454
4 52 5582
4 53 2129
4 54 1972
4 55 9492
4 56 9995
4 57 3455
4 58 6863
4 59 4195
4 60 8353
4 61 6625
4 62 6704
4 63 9660
4 65 1290
4 66 7091
4 67 1362
4 68 3008
4 69 2353
4 70 3803
4 71 1300
4 72 8901
4 73 6219
4 74 2054
4 76 243
4 77 2647
4 78 5852
4 79 4829
4 80 6587
4 81 7090
4 83 4616
4 84 5870
4 85 5254
4 86 4299
4 87 3279
4 88 6863
4 89 8720
4 90 7813
4 92 4551
4 93 8543
4 94 666
4 95 6852
4 96 3267
4 97 6369
4 98 1762
4 100 3565
5 6 4271
5 7 8097
5 8 4289
5 9 4244
5 10 9895
5 11 8415
5 13 6186
5 15 5397
5 17 8803
5 19 9723
5 21 7199
5 23 5058
5 25 3241
5 27 3960
5 28 6436
5 29 7747
5 30 3447
5 31 4006
5 32 138
5 33 8157
5 34 742
5 37 4630
5 38 5589
5 39 9009
5 40 524
5 42 4644
5 43 204
5 44 6384
5 45 5550
5 46 289
5 47 8638
5 48 7188
5 49 3177
5 50 7042
5 51 1508
5 54 5809
5 56 5839
5 57 6412
5 59 4099
5 60 9017
5 61 830
5 62 7555
5 63 9540
5 64 3513
5 65 1968
5 66 1628
5 67 9353
5 69 8506
5 70 347
5 71 9924
5 74 3379
5 75 7485
5 77 6516
5 78 8790
5 79 590
5 80 3298
5 81 5856
5 82 6732
5 83 2937
5 84 9168
5 85 1074
5 86 5779
5 90 9252
5 91 733
5 92 2000
5 93 1030
5 94 8385
5 95 4338
5 97 22
5 98 5503
5 99 930
5 100 5306
6 8 5563
6 9 4412
6 12 3570
6 13 4789
6 14 6173
6 15 4430
6 16 3150
6 17 9271
6 18 7107
6 19 6090
6 20 5925
6 22 622
6 23 9314
6 24 3201
6 25 1194
6 26 178
6 27 8460
6 29 7848
6 31 1880
6 32 8407
6 33 1678
6 35 9397
6 36 8451
6 38 6282
6 39 2862
6 40 4270
6 42 7405
6 43 241
6 44 391
6 45 9565
6 46 900
6 47 5440
6 48 402
6 49 5252
6 50 1065
6 51 451
6 52 7136
6 53 4144
6 54 5821
6 55 1477
6 58 1408
6 59 8537
6 60 2868
6 61 8817
6 62 1345
6 63 7120
6 64 4475
6 65 6030
6 66 1783
6 67 5603
6 68 8846
6 69 6813
6 70 731
6 72 6643
6 73 6256
6 74 6450
6 75 5263
6 76 2420
6 77 6658
6 78 9418
6 79 1148
6 80 4840
6 81 7873
6 82 5024
6 83 4839
6 84 6897
6 85 8362
6 87 9128
6 91 6653
6 92 8083
6 93 9716
6 94 3614
6 95 5009
6 96 8634
6 97 15
6 99 5565
6 100 6799
7 8 515
7 9 6703
7 10 6947
7 11 649
7 13 8616
7 15 9271
7 16 1079
7 17 1103
7 18 5215
7 20 5481
7 21 4806
7 23 2502
7 24 5903
7 25 6380
7 26 5522
7 27 9886
7 28 6933
7 29 5688
7 30 462
7 32 4817
7 33 3732
7 35 3359
7 36 8490
7 37 3600
7 38 4841
7 39 2277
7 40 877
7 42 9868
7 45 8190
7 46 8556
7 47 198
7 48 7410
7 49 2815
7 52 9227
7 53 5946
7 54 4455
7 55 9449
7 56 4183
7 58 9481
7 59 6373
7 60 7960
7 61 429
7 62 6408
7 63 7514
7 65 2170
7 66 4196
7 67 8730
7 68 6373
7 69 7501
7 71 6356
7 73 7026
7 74 2647
7 76 5868
7 77 9210
7 79 7639
7 80 8288
7 83 6652
7 84 8759
7 86 4825
7 87 4235
7 88 116
7 91 9071
7 92 2079
7 93 7564
7 94 9103
7 97 6375
7 98 6324
7 99 4242
7 100 2346
8 9 9116
8 11 9593
8 12 5665
8 13 2077
8 14 5453
8 15 1902
8 16 2109
8 17 2799
8 18 2353
8 19 2341
8 20 296
8 23 4853
8 24 268
8 25 7722
8 26 188
8 27 952
8 28 3335
8 29 1768
8 31 3450
8 32 3150
8 33 6989
8 34 1220
8 35 7296
8 36 3629
8 37 4207
8 38 2765
8 39 5845
8 41 6624
8 42 9412
8 43 5433
8 44 1794
8 45 9648
8 46 7224
8 47 205
8 48 8571
8 50 3012
8 51 7893
8 52 3319
8 53 9497
8 54 4227
8 56 316
8 57 3199
8 58 5312
8 59 7433
8 61 589
8 62 6476
8 63 7907
8 64 8601
8 65 9460
8 66 8957
8 67 9690
8 68 5775
8 69 6287
8 70 508
8 72 1150
8 73 5378
8 74 959
8 75 9410
8 76 4103
8 77 9060
8 78 9587
8 79 4408
8 80 8935
8 81 7523
8 82 7804
8 83 7320
8 84 5462
8 85 155
8 86 317
8 87 8898
8 90 4175
8 91 9977
8 92 2323
8 93 882
8 94 8731
8 95 4842
8 96 4573
8 97 6785
8 98 2941
8 99 9122
9 11 9340
9 12 2196
9 13 4351
9 14 8222
9 15 4465
9 16 2540
9 17 5130
9 18 4249
9 20 6853
9 22 2699
9 24 8381
9 25 3151
9 26 1698
9 29 4831
9 30 2075
9 31 6099
9 33 7281
9 34 6935
9 35 6814
9 36 4027
9 37 1327
9 38 9506
9 39 9725
9 40 2290
9 41 4584
9 43 3292
9 44 4644
9 45 1208
9 46 8590
9 47 5654
9 48 9424
9 49 3840
9 50 2734
9 51 3480
9 52 9448
9 53 912
9 54 4236
9 56 7392
9 57 4111
9 58 4084
9 59 1953
9 62 1152
9 64 9242
9 65 9788
9 67 1541
9 68 1594
9 69 87
9 70 5445
9 71 381
9 72 2422
9 74 9905
9 75 3640
9 76 9857
9 78 626
9 79 2005
9 81 476
9 82 269
9 83 4274
9 84 2063
9 86 9251
9 89 8859
9 90 7518
9 91 331
9 93 3565
9 94 6445
9 95 3265
9 96 9092
9 97 1006
9 98 8472
10 11 8578
10 12 7726
10 13 1256
10 14 9841
10 16 155
10 20 7399
10 21 2197
10 24 8874
10 25 2035
10 26 9287
10 27 558
10 28 9021
10 30 8394
10 33 970
10 34 4577
10 35 8317
10 38 2463
10 39 4093
10 40 9834
10 41 4770
10 42 9236
10 43 8241
10 44 5097
10 47 3605
10 48 2134
10 49 1395
10 50 1079
10 51 3578
10 52 1284
10 53 7079
10 54 4938
10 57 3343
10 58 9195
10 59 6516
10 62 3996
10 65 7033
10 66 8179
10 67 3499
10 68 3124
10 69 4144
10 70 4260
10 71 4816
10 72 2387
10 74 2503
10 75 5064
10 76 5204
10 78 169
10 79 9439
10 80 9200
10 82 2574
10 83 7269
10 84 4300
10 85 2928
10 86 8844
10 87 1799
10 89 5585
10 90 1526
10 91 7463
10 92 4565
10 93 1355
10 94 2082
10 95 4435
10 96 6936
10 97 8329
10 100 1445
11 12 6909
11 13 1545
11 14 1281
11 15 7849
11 16 4057
11 17 5870
11 18 5966
11 19 9733
11 20 2671
11 21 9467
11 22 756
11 23 5826
11 26 2747
11 27 4273
11 28 6887
11 29 5777
11 30 5083
11 33 7954
11 34 7821
11 35 8028
11 36 5859
11 38 9063
11 40 3466
11 41 6798
11 42 4537
11 43 8539
11 44 9936
11 45 8369
11 47 7356
11 48 1899
11 49 6381
11 51 1826
11 55 9539
11 56 7283
11 57 6377
11 59 6138
11 60 3843
11 61 8182
11 62 4053
11 63 1455
11 64 8035
11 65 7527
11 66 6021
11 68 9413
11 70 9042
11 71 8435
11 72 1637
11 73 9584
11 74 1749
11 76 2751
11 80 1414
11 81 2728
11 82 3513
11 83 8855
11 84 7249
11 85 4410
11 86 3521
11 89 8137
11 90 8541
11 91 6726
11 94 5574
11 95 4812
11 96 7449
11 97 1699
11 98 8889
11 99 7188
12 13 8255
12 14 1762
12 15 7289
12 16 9733
12 17 2153
12 18 397
12 19 8959
12 20 3345
12 21 2209
12 22 5357
12 24 1318
12 25 9052
12 26 4035
12 27 6664
12 29 5289
12 30 3178
12 32 9579
12 34 1064
12 35 3508
12 36 8186
12 37 9670
12 38 4145
12 39 2593
12 40 663
12 41 8891
12 42 9180
12 44 8973
12 45 9882
12 46 3535
12 47 2999
12 48 2967
12 49 3860
12 50 2473
12 52 3822
12 53 5477
12 54 8846
12 55 2669
12 57 5297
12 58 105
12 60 4920
12 61 4442
12 62 3343
12 64 1200
12 65 8930
12 66 5619
12 67 9638
12 68 4604
12 69 6926
12 71 9383
12 72 9662
12 73 4975
12 74 4729
12 75 5748
12 78 7396
12 79 6921
12 80 4082
12 81 7633
12 82 4383
12 83 3243
12 84 5083
12 86 6736
12 87 3370
12 88 2340
12 89 9294
12 90 2486
12 92 1881
12 93 6346
12 94 459
12 95 5929
12 96 5430
12 98 8137
12 99 5722
12 100 9139
13 14 1206
13 15 562
13 16 9888
13 17 7830
13 18 7791
13 20 8873
13 21 9248
13 22 7097
13 26 5956
13 27 393
13 28 4954
13 30 8342
13 31 9299
13 32 6160
13 33 207
13 37 2553
13 38 9884
13 40 6078
13 41 7963
13 43 2510
13 44 4607
13 45 927
13 46 9759
13 47 6985
13 48 7769
13 49 5180
13 50 3691
13 51 2621
13 52 8586
13 54 2206
13 55 5122
13 56 3704
13 57 6856
13 58 9689
13 59 2545
13 61 5913
13 62 9471
13 63 5999
13 64 5189
13 65 2067
13 67 823
13 68 4906
13 69 5671
13 70 7485
13 71 9052
13 72 5987
13 73 951
13 74 2742
13 75 8514
13 76 5126
13 77 769
13 78 7056
13 79 6604
13 80 3615
13 81 4804
13 84 6610
13 85 7461
13 86 8443
13 87 4818
13 90 8517
13 91 4815
13 92 9945
13 93 2080
13 94 557
13 95 1800
13 96 3699
13 97 3701
13 98 4780
13 99 7020
13 100 6663
14 15 1726
14 16 7217
14 17 8099
14 18 6
14 19 2337
14 20 9474
14 21 4695
14 23 8850
14 25 6304
14 26 4586
14 27 6027
14 28 8089
14 29 1302
14 31 9783
14 32 3097
14 33 8967
14 34 9510
14 35 1040
14 37 7178
14 38 4690
14 39 7035
14 40 4622
14 41 9543
14 42 93
14 43 4887
14 44 3861
14 46 1635
14 47 205
14 48 3531
14 49 936
14 51 6315
14 52 9199
14 54 929
14 55 3817
14 56 2630
14 57 6682
14 58 19
14 59 1812
14 60 4242
14 61 7730
14 62 6556
14 63 8302
14 64 6871
14 65 3204
14 66 107
14 67 7474
14 68 494
14 69 8335
14 70 3921
14 74 6129
14 75 4043
14 76 8312
14 78 7668
14 79 1871
14 80 5912
14 81 5926
14 82 1452
14 83 6940
14 84 6119
14 85 5418
14 86 3267
14 88 6307
14 89 4432
14 91 7083
14 93 5239
14 95 2914
14 96 3848
14 97 6272
14 98 9877
14 99 9922
15 17 8223
15 18 6936
15 20 315
15 21 989
15 22 3699
15 23 6850
15 24 6406
15 25 7741
15 26 7102
15 27 4616
15 28 3133
15 30 5031
15 31 642
15 32 2072
15 33 8023
15 34 881
15 35 2992
15 36 4339
15 37 4421
15 38 8279
15 39 6280
15 42 8159
15 43 6643
15 44 1948
15 45 7358
15 46 5172
15 47 1563
15 49 1898
15 50 8331
15 51 9686
15 53 5365
15 54 5910
15 55 9182
15 57 6778
15 59 1479
15 60 518
15 63 573
15 64 5263
15 65 1392
15 66 2273
15 68 6148
15 71 9283
15 72 1860
15 73 501
15 74 3169
15 75 2029
15 76 2162
15 77 3605
15 78 4323
15 79 290
15 80 1414
15 81 1600
15 82 8164
15 84 8627
15 85 9005
15 86 7892
15 87 5917
15 89 8065
15 90 6020
15 91 9755
15 92 4712
15 93 7649
15 94 9062
15 95 6339
15 97 983
15 98 3
15 99 7822
15 100 8320
16 17 691
16 20 9170
16 22 9985
16 23 8645
16 24 2012
16 25 6359
16 27 1192
16 28 3943
16 29 5670
16 30 1115
16 31 1334
16 32 423
16 33 389
16 34 2691
16 35 5952
16 36 3006
16 37 7089
16 38 7979
16 39 7208
16 40 5635
16 41 3895
16 42 5097
16 43 8747
16 44 6422
16 45 6845
16 46 7656
16 49 3146
16 51 1082
16 52 6447
16 53 5549
16 55 5935
16 56 8625
16 57 9455
16 59 1286
16 60 4234
16 62 829
16 63 5191
16 64 4368
16 65 7887
16 67 5879
16 68 9385
16 69 682
16 70 9625
16 71 6778
16 74 5563
16 76 1085
16 77 1750
16 79 4243
16 80 8830
16 81 9963
16 82 2955
16 83 1224
16 84 8956
16 85 7044
16 86 4184
16 87 4
16 88 5882
16 89 5653
16 90 8814
16 91 404
16 93 7884
16 94 4882
16 97 5941
16 100 9751
17 18 2925
17 20 2850
17 21 5527
17 22 6005
17 24 5155
17 25 2614
17 26 9725
17 27 9533
17 28 6061
17 30 3948
17 31 7253
17 32 2869
17 33 9723
17 34 1359
17 35 1884
17 37 2966
17 38 7104
17 39 9368
17 40 4910
17 41 738
17 42 9310
17 43 1522
17 44 9405
17 45 1203
17 46 5931
17 47 1275
17 48 4690
17 49 5085
17 50 7930
17 51 7915
17 52 2206
17 53 2992
17 54 3100
17 56 2476
17 57 2226
17 58 589
17 59 4737
17 63 2132
17 64 8188
17 65 4355
17 66 6668
17 67 8504
17 70 6973
17 71 3731
17 72 1889
17 73 5081
17 74 105
17 75 4024
17 76 1806
17 78 8693
17 79 4046
17 81 477
17 82 4600
17 83 4930
17 84 898
17 85 3671
17 86 424
17 87 9433
17 88 5229
17 91 6065
17 93 1308
17 94 7356
17 95 6672
17 97 9883
17 98 3948
17 99 2126
17 100 9531
18 19 4129
18 20 9034
18 22 8514
18 24 6787
18 26 202
18 28 6130
18 29 2535
18 30 5793
18 31 1154
18 32 4151
18 33 9562
18 34 6867
18 36 7351
18 37 8302
18 38 5618
18 40 9987
18 41 3831
18 42 4706
18 43 1633
18 44 5050
18 45 5722
18 46 3741
18 47 5530
18 48 6600
18 49 4401
18 50 119
18 53 6203
18 54 2466
18 56 2643
18 57 293
18 58 3886
18 59 270
18 60 4136
18 61 4280
18 62 9260
18 63 6347
18 64 9475
18 65 7985
18 66 1585
18 67 6450
18 68 8967
18 69 3545
18 70 131
18 71 9274
18 72 3350
18 73 9741
18 74 4161
18 75 54
18 76 4888
18 78 1089
18 79 4788
18 80 4149
18 81 794
18 82 6865
18 83 5731
18 84 3087
18 86 8930
18 87 1303
18 88 5851
18 89 1657
18 90 1274
18 91 116
18 92 6501
18 93 4745
18 94 9418
18 95 1177
18 96 8453
18 97 801
18 98 739
18 99 3734
19 20 5379
19 21 7270
19 22 8824
19 23 3090
19 24 8476
19 25 8770
19 27 5310
19 28 6049
19 29 5863
19 30 2205
19 31 826
19 33 6613
19 34 729
19 35 9025
19 36 2438
19 37 7474
19 38 70
19 39 2203
19 40 4599
19 41 7070
19 42 7548
19 43 8537
19 44 3514
19 45 2426
19 46 719
19 47 1798
19 51 2436
19 52 2092
19 53 6475
19 54 5056
19 55 7200
19 57 900
19 58 7177
19 60 7259
19 61 4319
19 62 698
19 63 5720
19 65 3998
19 66 8315
19 68 9874
19 69 8165
19 70 9199
19 72 2222
19 73 8865
19 74 472
19 75 724
19 76 4742
19 78 9345
19 80 8663
19 81 95
19 82 1066
19 83 1736
19 84 9076
19 86 9943
19 87 8257
19 88 6816
19 89 1221
19 90 9420
19 91 1340
19 92 6682
19 93 3089
19 94 4262
19 95 4751
19 96 4447
19 97 3199
19 98 3060
19 99 7015
19 100 2669
20 21 9615
20 22 7508
20 23 444
20 24 4334
20 27 7147
20 28 9257
20 29 4754
20 30 8349
20 31 7831
20 32 3717
20 33 772
20 34 8364
20 35 6468
20 36 3598
20 37 4825
20 38 3951
20 40 9093
20 41 5885
20 42 9180
20 43 5377
20 44 260
20 45 2987
20 46 601
20 49 8042
20 50 7554
20 51 6436
20 52 883
20 53 8620
20 54 5502
20 55 5416
20 56 4713
20 57 5938
20 58 8246
20 60 9922
20 62 3913
20 63 5800
20 64 6056
20 65 3681
20 66 3926
20 67 981
20 68 9308
20 69 4643
20 70 5437
20 71 5627
20 72 3339
20 73 3957
20 74 3366
20 75 5508
20 76 9954
20 77 3131
20 79 2614
20 80 5347
20 81 1656
20 82 5166
20 83 3055
20 85 3967
20 86 6028
20 87 5870
20 88 403
20 89 3144
20 90 9328
20 91 9552
20 92 1679
20 93 849
20 94 8394
20 96 85
20 97 620
20 98 1418
20 99 1074
20 100 6643
21 22 3517
21 23 7867
21 24 7117
21 25 760
21 26 1361
21 27 7310
21 28 2566
21 29 3903
21 30 2927
21 32 8045
21 33 2672
21 35 9924
21 37 6116
21 38 621
21 39 508
21 40 451
21 42 2839
21 43 8102
21 44 6099
21 45 2782
21 46 2558
21 50 2329
21 51 9937
21 52 715
21 53 9909
21 55 7892
21 56 9671
21 57 7982
21 58 8172
21 59 6523
21 60 1660
21 61 9068
21 62 9957
21 63 959
21 65 2388
21 66 3929
21 67 7961
21 68 8447
21 69 2434
21 71 7102
21 72 260
21 73 6092
21 74 5374
21 75 172
21 77 657
21 78 4863
21 80 2843
21 83 3734
21 84 2063
21 85 613
21 86 1839
21 88 3648
21 90 9454
21 92 4954
21 93 4806
21 95 1445
21 97 472
21 98 9366
21 99 5148
21 100 5450
22 24 8654
22 25 4153
22 29 4332
22 30 8641
22 31 4613
22 32 9448
22 33 3748
22 34 806
22 36 6292
22 37 5631
22 38 7342
22 39 2776
22 40 9056
22 42 8501
22 43 5309
22 44 6880
22 45 4038
22 46 5157
22 48 7514
22 49 7347
22 51 6712
22 53 8179
22 54 4344
22 56 553
22 57 2526
22 58 5576
22 59 479
22 60 368
22 61 6572
22 62 2168
22 63 3185
22 65 2740
22 66 6028
22 67 5657
22 68 9
22 69 865
22 70 3931
22 71 7596
22 72 1365
22 73 9107
22 74 6932
22 76 5133
22 77 4649
22 80 5001
22 81 736
22 82 3933
22 83 5626
22 84 1112
22 85 456
22 86 5890
22 87 840
22 88 1887
22 89 7952
22 90 4787
22 91 7371
22 92 6630
22 93 1624
22 94 7949
22 95 8429
22 96 3278
22 97 9809
22 98 60
22 99 4196
22 100 6218
23 24 7567
23 25 2810
23 26 5253
23 27 8356
23 31 8822
23 32 5087
23 33 1111
23 34 187
23 35 2289
23 36 8829
23 37 8718
23 38 3022
23 41 3446
23 42 8742
23 43 984
23 44 7009
23 46 9827
23 48 1981
23 49 4186
23 50 6406
23 54 6437
23 55 6989
23 56 8850
23 58 5939
23 59 4612
23 60 7640
23 62 6793
23 63 6409
23 65 175
23 66 7543
23 67 6403
23 68 6033
23 69 136
23 70 144
23 72 6925
23 73 5586
23 74 7851
23 75 1014
23 76 4243
23 77 4109
23 78 8306
23 79 5793
23 80 7582
23 81 4858
23 82 9874
23 83 6372
23 84 7126
23 85 871
23 86 6777
23 87 5627
23 89 3442
23 90 7597
23 91 899
23 92 8333
23 93 9308
23 94 900
23 95 5679
23 96 6493
23 97 4901
23 99 606
23 100 4389
24 25 5953
24 26 5261
24 27 7998
24 28 4267
24 29 5136
24 30 8680
24 31 9577
24 32 6937
24 33 3554
24 34 5766
24 35 8671
24 36 3906
24 40 7857
24 41 6369
24 42 6974
24 43 1381
24 44 8434
24 45 3333
24 46 5909
24 47 8761
24 48 8638
24 50 2556
24 51 7999
24 53 1828
24 54 6913
24 55 1040
24 58 6724
24 59 3417
24 60 2028
24 61 3639
24 64 846
24 65 6835
24 66 7687
24 68 4495
24 69 8708
24 70 7528
24 71 9494
24 72 4693
24 73 5775
24 74 7241
24 75 7926
24 77 7151
24 78 5819
24 79 910
24 80 2670
24 81 1429
24 82 5340
24 83 6586
24 84 1592
24 85 9536
24 86 4777
24 87 6686
24 88 2027
24 89 1624
24 90 3553
24 91 6578
24 93 1449
24 94 4496
24 95 4175
24 96 160
24 97 1010
24 99 3057
25 27 6212
25 29 4505
25 33 3823
25 34 6875
25 35 2539
25 36 6497
25 37 3316
25 38 4473
25 39 9510
25 40 7256
25 41 1902
25 42 263
25 43 332
25 44 1124
25 45 4052
25 46 6126
25 47 3014
25 51 3782
25 52 4742
25 53 8603
25 54 144
25 55 4243
25 57 1762
25 58 980
25 59 353
25 60 7333
25 61 5129
25 62 1811
25 63 5071
25 65 1605
25 66 2343
25 67 1818
25 68 6802
25 69 3598
25 70 7759
25 72 6667
25 74 8411
25 75 6677
25 76 7829
25 78 7273
25 79 2585
25 81 5656
25 82 183
25 83 8173
25 84 9845
25 85 9128
25 86 8712
25 87 1453
25 88 9473
25 89 4638
25 90 4433
25 91 2038
25 92 2673
25 93 1048
25 95 2669
25 96 8591
25 97 2985
25 98 3729
25 99 3123
25 100 5756
26 27 9679
26 28 9419
26 29 4229
26 30 3767
26 31 9177
26 32 9093
26 33 3839
26 34 8145
26 36 6026
26 37 7931
26 38 4528
26 40 1878
26 41 5372
26 42 5782
26 43 8600
26 44 2112
26 45 7079
26 46 5016
26 47 397
26 48 3360
26 49 9026
26 51 6038
26 52 7799
26 53 9787
26 54 4895
26 55 9887
26 57 6334
26 58 67
26 59 6820
26 60 6846
26 61 667
26 62 3695
26 63 5778
26 65 2096
26 66 5533
26 67 1921
26 68 9794
26 69 7464
26 70 3400
26 72 1755
26 73 8769
26 74 8616
26 75 2070
26 76 1095
26 77 5859
26 79 8490
26 80 7044
26 81 9910
26 83 7588
26 84 3906
26 85 830
26 86 7503
26 87 3083
26 88 7880
26 89 8164
26 90 499
26 91 3552
26 93 7884
26 94 2942
26 95 5417
26 96 1384
26 97 6572
26 98 4148
26 99 3702
27 28 2452
27 29 6602
27 30 1235
27 33 675
27 34 3960
27 36 1249
27 37 6270
27 38 4443
27 39 7451
27 40 1945
27 42 8775
27 43 5094
27 44 2441
27 45 1628
27 47 8199
27 48 1741
27 50 6419
27 51 6454
27 52 2123
27 53 6649
27 54 9906
27 55 2040
27 56 3587
27 57 8083
27 59 6962
27 61 6632
27 62 3822
27 63 4383
27 64 3952
27 65 1432
27 66 7983
27 67 9609
27 70 8964
27 71 2187
27 72 7696
27 73 6299
27 74 7809
27 75 9334
27 76 4861
27 77 4000
27 78 1606
27 79 6438
27 80 3219
27 81 6041
27 82 9946
27 83 5170
27 84 7580
27 85 9012
27 86 5119
27 87 5665
27 88 8165
27 92 1227
27 93 8246
27 94 6809
27 95 7575
27 96 2850
27 97 9461
27 98 6077
27 99 5690
27 100 4421
28 29 1252
28 31 2293
28 32 6528
28 33 6669
28 34 1310
28 35 9447
28 36 4113
28 37 8464
28 38 4872
28 39 6700
28 40 9746
28 41 6613
28 42 5611
28 43 6691
28 44 6044
28 45 9941
28 46 642
28 47 1321
28 48 9453
28 50 4493
28 52 9139
28 53 9655
28 54 8643
28 55 5342
28 56 8564
28 58 7671
28 59 8258
28 60 5911
28 61 6064
28 62 6656
28 63 7251
28 64 2922
28 66 3270
28 67 7225
28 68 6326
28 69 692
28 70 1196
28 71 2257
28 72 9258
28 73 9903
28 74 3257
28 75 8072
28 76 1071
28 78 7294
28 79 1117
28 80 5580
28 81 4784
28 82 782
28 83 5980
28 84 1177
28 85 1480
28 86 3830
28 87 5201
28 88 7524
28 89 7597
28 90 4385
28 91 5411
28 92 9637
28 94 4906
28 95 3392
28 96 4621
28 97 5529
28 98 2273
28 99 4967
29 30 2821
29 31 9839
29 32 3311
29 33 3784
29 34 4746
29 35 622
29 37 5048
29 38 6173
29 39 7774
29 41 2555
29 42 9551
29 43 2144
29 45 8710
29 46 8800
29 47 8182
29 48 4649
29 49 7230
29 50 927
29 51 5880
29 52 143
29 53 3598
29 54 4621
29 55 9354
29 56 5199
29 57 9031
29 58 8040
29 59 3955
29 60 3980
29 62 1793
29 63 9425
29 65 5143
29 66 4272
29 70 5775
29 71 9131
29 73 2130
29 74 4214
29 75 9278
29 76 4962
29 77 8734
29 78 7645
29 79 6185
29 80 2825
29 81 702
29 82 8712
29 85 8642
29 86 8298
29 87 7830
29 88 4235
29 89 6030
29 90 9715
29 91 8253
29 92 2973
29 93 5632
29 94 9004
29 96 4903
29 97 1113
29 98 2090
29 99 7401
29 100 1163
30 31 9861
30 32 6587
30 33 7002
30 36 114
30 37 1421
30 38 5637
30 40 6002
30 41 3582
30 42 3492
30 43 6234
30 44 9318
30 45 8109
30 47 6047
30 50 5717
30 51 4431
30 53 7917
30 54 2965
30 55 6767
30 56 1093
30 57 6899
30 58 3983
30 59 5279
30 62 3897
30 63 7070
30 64 3914
30 65 9158
30 67 6913
30 69 5034
30 71 4322
30 72 1663
30 74 228
30 75 1024
30 76 318
30 77 6171
30 78 1968
30 79 5005
30 80 937
30 81 2335
30 82 4428
30 83 4666
30 85 7551
30 86 4124
30 87 6234
30 88 96
30 91 8823
30 92 6675
30 93 9501
30 95 2597
30 97 8367
30 98 6071
30 99 8134
31 32 6261
31 33 3428
31 34 2262
31 35 415
31 36 8969
31 37 8805
31 38 7657
31 39 3471
31 40 5543
31 42 6052
31 43 4425
31 44 955
31 45 3428
31 46 6375
31 47 740
31 48 6184
31 49 3448
31 50 6270
31 51 259
31 52 1540
31 53 4230
31 54 1842
31 55 7532
31 56 4307
31 57 538
31 58 1163
31 59 3568
31 61 5475
31 62 1750
31 63 341
31 64 8287
31 65 5878
31 66 7403
31 67 6594
31 68 9301
31 69 6389
31 70 668
31 71 3377
31 72 300
31 74 9939
31 75 9309
31 77 4287
31 78 6978
31 79 7677
31 80 9765
31 81 6133
31 82 6363
31 83 6370
31 84 4697
31 87 9778
31 88 3707
31 90 1302
31 91 203
31 92 4700
31 93 7061
31 94 2341
31 95 1098
31 97 6224
31 98 6120
31 99 7980
32 34 1073
32 35 5102
32 36 5235
32 37 6991
32 38 4259
32 39 4218
32 40 67
32 42 2873
32 43 4317
32 44 1906
32 45 8195
32 46 1161
32 47 3958
32 48 8183
32 49 6000
32 50 7991
32 51 7110
32 53 6624
32 55 8573
32 56 5384
32 58 13
32 59 8588
32 60 6476
32 61 1330
32 62 1843
32 63 7432
32 64 1648
32 65 4903
32 66 5680
32 68 912
32 69 9485
32 70 5102
32 71 6438
32 73 9853
32 74 3259
32 75 9733
32 78 2987
32 79 7857
32 80 9738
32 81 7488
32 82 4354
32 83 6651
32 84 8678
32 85 7059
32 86 9138
32 87 7501
32 88 8037
32 90 3186
32 91 8477
32 92 5754
32 93 7722
32 94 9141
32 95 7278
32 96 8929
32 97 6823
32 99 1305
33 34 356
33 35 6400
33 37 3243
33 39 1439
33 41 8442
33 43 6656
33 44 8555
33 45 1727
33 46 1178
33 47 4558
33 48 3529
33 49 1337
33 50 8807
33 51 1582
33 52 5635
33 53 5423
33 54 29
33 55 9797
33 56 4570
33 57 7779
33 59 7412
33 60 5403
33 61 8457
33 62 5769
33 63 9044
33 64 3997
33 65 2692
33 66 3104
33 68 8554
33 70 3425
33 71 5569
33 72 6745
33 74 5372
33 75 8044
33 76 1735
33 78 5049
33 79 5129
33 80 6652
33 81 3325
33 82 8266
33 83 3579
33 84 6791
33 86 356
33 89 9917
33 90 9286
33 91 7471
33 92 2661
33 93 1509
33 94 9560
33 97 1122
33 98 8608
33 99 2656
33 100 5872
34 35 1210
34 36 1987
34 37 4444
34 39 876
34 40 4110
34 41 5380
34 42 5182
34 43 2963
34 44 1726
34 45 8962
34 46 5171
34 47 468
34 48 9004
34 49 9410
34 50 3568
34 52 5385
34 53 873
34 54 3504
34 55 639
34 56 5386
34 57 7380
34 58 8501
34 59 8895
34 60 7914
34 61 3935
34 62 500
34 63 7770
34 64 2089
34 65 9875
34 66 2495
34 67 6029
34 68 6891
34 70 162
34 71 2656
34 72 1024
34 73 2613
34 75 2592
34 76 7053
34 77 8044
34 78 8383
34 79 6567
34 80 7919
34 81 6060
34 83 3400
34 85 6964
34 86 8929
34 87 5888
34 88 7960
34 89 3425
34 91 435
34 92 1432
34 94 6547
34 95 5014
34 96 2314
34 98 5292
34 99 7793
34 100 9253
35 36 3367
35 37 6229
35 38 6950
35 39 9067
35 40 2825
35 41 9686
35 42 8231
35 44 9248
35 45 6234
35 46 6263
35 49 596
35 50 3026
35 52 592
35 53 510
35 54 1578
35 56 1195
35 58 247
35 59 2656
35 60 84
35 62 9906
35 63 5010
35 64 9203
35 65 3243
35 66 3881
35 68 9403
35 69 6151
35 70 5388
35 73 374
35 75 251
35 76 3252
35 78 8814
35 80 5068
35 81 4247
35 82 6017
35 83 1811
35 84 2326
35 85 1235
35 86 235
35 88 6667
35 89 8214
35 90 2988
35 91 2767
35 92 8412
35 93 766
35 94 6147
35 95 95
35 96 1667
35 97 3353
35 98 1058
35 99 6883
35 100 9249
36 37 4412
36 38 2497
36 39 5352
36 41 6093
36 42 1441
36 43 8451
36 44 4620
36 47 3934
36 48 4510
36 49 1055
36 50 5181
36 51 6067
36 52 2537
36 54 7709
36 55 7868
36 56 5763
36 57 1443
36 58 6365
36 59 8336
36 60 5657
36 61 6163
36 62 6059
36 63 3472
36 64 906
36 65 6496
36 67 2250
36 68 2367
36 71 4809
36 72 6548
36 73 4479
36 74 6857
36 75 4146
36 76 7492
36 78 9781
36 79 9036
36 80 9219
36 81 1439
36 82 6312
36 83 2591
36 85 1201
36 86 8306
36 87 6290
36 88 94
36 89 250
36 90 6934
36 91 8179
36 92 6290
36 93 3203
36 94 9933
36 95 937
36 96 4475
36 97 6024
36 98 7948
36 99 1028
37 38 1661
37 39 2699
37 40 9629
37 41 176
37 42 8837
37 44 3326
37 45 7525
37 46 4294
37 47 8482
37 48 3065
37 49 2451
37 50 7612
37 51 5743
37 52 5578
37 53 4562
37 55 8505
37 56 9732
37 57 1547
37 58 8933
37 59 146
37 60 9551
37 61 1281
37 62 882
37 63 459
37 64 7432
37 65 2786
37 66 7159
37 67 6111
37 68 2341
37 70 8884
37 72 8670
37 73 7140
37 74 5132
37 75 7731
37 76 3579
37 80 3781
37 83 1840
37 84 8331
37 86 3438
37 87 840
37 89 4955
37 90 5648
37 91 6336
37 93 7383
37 94 9038
37 96 5906
37 97 7106
37 99 5638
37 100 3016
38 39 1081
38 40 6800
38 42 8747
38 43 1708
38 44 8741
38 46 2507
38 47 6915
38 48 341
38 49 2178
38 50 2213
38 51 8847
38 52 3818
38 53 4033
38 54 4412
38 55 4819
38 57 6860
38 58 7859
38 59 8275
38 60 1912
38 61 3473
38 62 9430
38 63 9460
38 64 5980
38 65 648
38 66 1830
38 67 4633
38 68 1458
38 69 5651
38 70 5082
38 71 7976
38 72 5476
38 73 3576
38 74 4013
38 75 4500
38 76 3017
38 77 7518
38 78 7186
38 79 3805
38 80 9149
38 81 7233
38 83 4868
38 84 6439
38 86 5101
38 88 1731
38 90 4557
38 91 8451
38 93 7729
38 94 7491
38 95 3092
38 96 2252
38 97 9818
38 98 1276
38 99 5942
38 100 7450
39 41 5938
39 42 1758
39 43 3459
39 45 8320
39 47 8871
39 48 383
39 49 891
39 50 5316
39 52 6489
39 53 3545
39 54 2211
39 55 5813
39 57 3547
39 59 4403
39 60 6895
39 61 4922
39 62 4817
39 63 4881
39 64 4084
39 65 3695
39 66 2889
39 69 7476
39 70 4697
39 71 7995
39 72 4242
39 73 3657
39 75 5325
39 76 6818
39 77 1579
39 78 1356
39 79 2574
39 80 719
39 81 6925
39 82 2423
39 83 7097
39 84 4144
39 85 959
39 86 8829
39 87 1002
39 89 3991
39 92 1671
39 94 2968
39 95 1671
39 96 2869
39 98 6406
39 99 3696
39 100 9863
40 41 8104
40 42 8429
40 45 2228
40 46 7300
40 47 8835
40 48 5140
40 49 3534
40 51 5016
40 52 4992
40 53 5269
40 55 7628
40 56 5403
40 57 7893
40 58 3399
40 59 5689
40 60 2908
40 61 179
40 62 9021
40 64 4125
40 65 3210
40 66 9107
40 67 5531
40 69 9018
40 70 2283
40 71 7075
40 72 5518
40 73 2888
40 74 8470
40 75 1031
40 76 8383
40 77 1188
40 78 3871
40 79 7250
40 80 7851
40 81 1950
40 82 6656
40 83 9021
40 84 1714
40 85 9044
40 86 4927
40 87 4626
40 89 8427
40 90 2999
40 93 8506
40 94 4669
40 96 5132
40 97 7079
40 99 6828
40 100 3639
41 42 5369
41 43 5678
41 44 7607
41 45 219
41 46 3153
41 47 1061
41 48 9374
41 49 7255
41 50 2949
41 52 8060
41 53 8198
41 54 7827
41 55 3473
41 56 127
41 57 6831
41 58 8165
41 59 5761
41 60 5264
41 61 9352
41 62 4199
41 63 4687
41 65 1059
41 66 5793
41 67 4636
41 68 1119
41 69 9422
41 70 1908
41 72 6200
41 74 6623
41 75 7908
41 76 1359
41 77 4327
41 79 5168
41 80 9883
41 83 8194
41 87 8160
41 88 3369
41 89 8595
41 90 4124
41 91 1874
41 92 5646
41 93 6076
41 94 8246
41 95 2471
41 96 5046
41 97 7377
41 98 4440
41 99 8564
41 100 2167
42 43 6966
42 46 3957
42 48 149
42 49 9996
42 50 6547
42 52 4700
42 54 1548
42 55 788
42 57 2580
42 58 3963
42 59 6640
42 60 3437
42 61 253
42 62 7452
42 63 9864
42 64 5593
42 66 3844
42 68 3101
42 69 6559
42 70 5195
42 71 5983
42 72 3927
42 73 4970
42 74 8922
42 75 5783
42 76 2490
42 77 6610
42 78 564
42 79 2842
42 80 3216
42 81 2832
42 82 7998
42 83 9023
42 84 8808
42 85 5781
42 86 305
42 87 4312
42 88 1290
42 89 9504
42 90 528
42 91 7824
42 92 9868
42 94 5510
42 95 1809
42 96 9268
42 97 831
42 99 7290
43 44 4866
43 45 7056
43 47 974
43 48 3210
43 49 313
43 50 3886
43 51 81
43 52 6591
43 53 8140
43 54 5850
43 55 4747
43 56 7045
43 58 9103
43 61 9034
43 62 4149
43 64 8043
43 65 6508
43 66 4636
43 67 7694
43 68 8815
43 69 40
43 70 1724
43 72 2546
43 74 872
43 75 4955
43 76 1314
43 78 6423
43 79 9933
43 80 5109
43 81 6988
43 82 5033
43 83 4119
43 84 1506
43 85 1593
43 86 8605
43 87 541
43 88 5026
43 90 1194
43 92 3665
43 93 3306
43 94 9812
43 96 3722
43 97 9468
43 98 1572
43 99 7503
43 100 3318
44 45 6422
44 46 5842
44 48 4796
44 49 4205
44 51 3816
44 52 9874
44 53 5486
44 55 9685
44 56 6026
44 57 8038
44 60 6134
44 61 1964
44 62 375
44 64 2029
44 65 7829
44 66 8876
44 67 4410
44 68 2230
44 69 8533
44 71 9190
44 72 6460
44 73 5650
44 74 1833
44 76 4979
44 77 9648
44 78 7324
44 80 4391
44 81 7907
44 82 9177
44 83 7187
44 84 9470
44 85 9181
44 86 5917
44 87 5605
44 88 7012
44 89 3005
44 91 6595
44 92 5422
44 93 1164
44 95 5061
44 96 7372
44 97 1324
44 98 3113
44 99 7139
44 100 4689
45 47 9296
45 48 9809
45 49 1655
45 50 2531
45 51 1387
45 52 9991
45 53 7938
45 54 1795
45 56 89
45 57 4818
45 58 3690
45 59 4530
45 60 9715
45 61 8453
45 62 9437
45 63 7772
45 64 8527
45 65 9451
45 66 2033
45 67 5004
45 68 270
45 69 2801
45 70 9775
45 71 533
45 72 9077
45 74 9516
45 75 1803
45 78 4734
45 80 4489
45 81 2568
45 83 4705
45 84 2754
45 85 4335
45 86 5324
45 88 2011
45 89 2467
45 91 2740
45 92 6410
45 94 3301
45 95 4481
45 96 2428
45 97 7844
45 98 1650
45 99 8674
45 100 2415
46 48 4575
46 49 2453
46 51 6728
46 52 3453
46 53 9511
46 54 7285
46 55 9480
46 56 9730
46 57 7554
46 58 3000
46 60 4118
46 62 5610
46 64 2340
46 65 4838
46 66 1074
46 68 8873
46 69 69
46 70 8664
46 72 7273
46 73 8648
46 74 2257
46 75 1717
46 77 895
46 78 7139
46 80 2096
46 82 9939
46 84 7302
46 85 1414
46 86 6043
46 87 7431
46 89 3035
46 90 7500
46 92 9173
46 93 5129
46 95 4339
46 96 2401
46 97 6340
46 98 4921
46 99 5427
46 100 6574
47 48 6518
47 50 5411
47 51 6034
47 52 8939
47 53 754
47 54 9217
47 56 582
47 57 1135
47 58 6776
47 59 7112
47 60 8333
47 61 2619
47 62 3026
47 63 4770
47 64 2410
47 65 2781
47 66 9954
47 67 9199
47 68 2163
47 70 6979
47 71 1512
47 72 2080
47 73 5625
47 74 5197
47 75 4331
47 76 8222
47 77 2399
47 78 6326
47 79 1193
47 80 836
47 81 7098
47 82 2904
47 85 1958
47 86 9790
47 87 2015
47 88 7076
47 89 1038
47 91 2564
47 92 6879
47 93 5219
47 95 2557
47 96 8282
47 98 9653
47 99 7476
48 49 4884
48 50 9889
48 51 1408
48 52 1451
48 53 7949
48 55 2977
48 56 6686
48 57 7550
48 58 5957
48 59 269
48 60 1876
48 61 4318
48 62 2150
48 63 2354
48 64 6050
48 65 9400
48 68 4191
48 69 9264
48 70 2757
48 73 9852
48 74 623
48 75 9235
48 76 1981
48 77 7733
48 78 8916
48 79 128
48 81 8531
48 82 3813
48 83 2819
48 84 3700
48 86 8839
48 87 1703
48 90 242
48 91 2020
48 92 2313
48 93 8448
48 95 8333
48 97 4
48 98 3429
48 99 8935
48 100 6741
49 50 3433
49 51 5684
49 54 9639
49 56 5615
49 57 3751
49 58 7474
49 59 1900
49 60 5915
49 62 9518
49 63 5086
49 64 230
49 66 9539
49 67 6628
49 68 6237
49 69 8559
49 70 9312
49 71 7852
49 73 9006
49 76 8659
49 78 5005
49 80 9689
49 81 1466
49 82 5826
49 83 5167
49 85 7788
49 86 6295
49 87 9103
49 88 8829
49 90 229
49 93 9177
49 94 2258
49 95 9267
49 96 263
49 97 380
49 98 7566
49 99 1646
49 100 846
50 51 2523
50 52 3986
50 53 4242
50 54 9279
50 55 5823
50 56 6189
50 59 6036
50 60 8619
50 61 1470
50 62 5295
50 63 9448
50 65 3682
50 66 3873
50 67 306
50 68 9798
50 69 1493
50 70 1107
50 71 2107
50 72 6053
50 73 5615
50 75 8937
50 76 2847
50 77 3853
50 78 7018
50 80 7617
50 81 2971
50 82 3034
50 83 4211
50 84 241
50 85 6407
50 86 6723
50 88 9242
50 90 9341
50 91 9453
50 92 8302
50 94 1868
50 95 1947
50 97 1388
50 98 5038
50 99 7514
50 100 8373
51 52 1026
51 54 3978
51 55 8376
51 56 8888
51 57 6592
51 58 394
51 59 7770
51 60 1753
51 61 1400
51 63 9911
51 64 1066
51 65 4391
51 66 9931
51 70 6006
51 71 4347
51 72 4351
51 73 2571
51 74 7019
51 75 8991
51 76 3646
51 77 6625
51 78 1254
51 79 9867
51 81 6006
51 82 7909
51 83 8223
51 84 2260
51 85 1171
51 86 4216
51 87 6934
51 88 3692
51 89 1737
51 90 9092
51 91 8681
51 92 1197
51 93 3490
51 95 7857
51 96 4692
51 97 2668
51 98 7058
51 99 8504
51 100 6532
52 53 354
52 54 2317
52 55 271
52 56 89
52 57 9937
52 58 449
52 59 3462
52 60 4091
52 61 1675
52 63 4083
52 64 3587
52 65 2563
52 67 2016
52 68 7650
52 69 9164
52 70 8347
52 71 886
52 72 3516
52 73 2577
52 74 8522
52 75 8112
52 76 9997
52 77 3241
52 78 8320
52 80 2434
52 81 1493
52 82 6320
52 83 1434
52 84 9542
52 85 4202
52 86 70
52 87 1485
52 89 9593
52 92 5337
52 93 9264
52 96 8890
52 98 2626
52 100 4711
53 55 3477
53 56 4724
53 57 3635
53 58 380
53 59 7923
53 62 6271
53 63 538
53 64 7308
53 65 8963
53 66 4743
53 67 9968
53 68 4183
53 69 4466
53 72 6487
53 74 3910
53 77 4013
53 78 2756
53 81 6070
53 82 2172
53 83 27
53 86 4789
53 87 6491
53 88 9311
53 90 3785
53 91 8228
53 92 5637
53 93 5927
53 94 2197
53 95 1844
53 96 4052
53 97 6125
53 98 5956
53 99 9181
54 56 8373
54 57 4217
54 58 2130
54 59 2905
54 60 6006
54 61 225
54 62 6121
54 63 432
54 65 6616
54 66 7099
54 67 7476
54 68 5650
54 69 8967
54 71 2045
54 72 1311
54 73 5267
54 74 5978
54 75 543
54 76 8492
54 77 8947
54 79 2145
54 80 2892
54 81 6058
54 82 8806
54 83 3381
54 84 5115
54 85 4994
54 86 2332
54 87 3936
54 88 9505
54 90 5739
54 91 5474
54 92 4839
54 93 1454
54 94 7263
54 95 8131
54 98 5759
54 99 3218
54 100 4105
55 56 7234
55 57 7726
55 61 6237
55 62 8569
55 63 8729
55 64 2656
55 65 9568
55 66 9815
55 67 3077
55 68 8494
55 69 8714
55 70 741
55 71 1358
55 72 1861
55 73 3077
55 74 5631
55 75 1098
55 76 6350
55 77 547
55 79 6833
55 80 8947
55 81 1586
55 82 4544
55 84 6374
55 85 624
55 86 7769
55 87 5094
55 88 6027
55 90 5909
55 91 7553
55 92 806
55 93 2599
55 94 4870
55 95 342
55 97 4528
55 98 2987
55 99 971
55 100 1703
56 57 7696
56 58 1568
56 59 7232
56 60 7483
56 61 201
56 63 7494
56 64 1744
56 65 5076
56 66 3755
56 67 8381
56 68 1033
56 70 6296
56 71 1746
56 72 6384
56 73 6403
56 75 9038
56 76 6929
56 77 3999
56 78 8478
56 79 33
56 81 9804
56 82 1166
56 83 7826
56 84 8182
56 85 3412
56 86 8482
56 87 6183
56 88 9568
56 89 9967
56 90 5773
56 91 1313
56 93 8305
56 94 7456
56 95 9985
56 97 6964
56 99 2302
57 58 1563
57 59 7694
57 60 2232
57 61 8159
57 62 3495
57 63 5798
57 65 2852
57 66 5635
57 68 6491
57 69 8583
57 70 2929
57 71 1763
57 73 6288
57 74 1122
57 76 7424
57 77 1224
57 78 6573
57 80 4636
57 81 7432
57 82 6390
57 83 2760
57 84 4811
57 85 6787
57 86 427
57 88 6862
57 89 3458
57 90 6644
57 91 5749
57 92 9134
57 93 3184
57 94 5605
57 95 3564
57 96 8945
57 97 2662
57 98 5998
57 99 9659
57 100 3619
58 60 1850
58 61 5083
58 62 4505
58 63 7109
58 64 1903
58 65 4700
58 66 8871
58 67 3556
58 68 1678
58 69 7850
58 70 7636
58 71 9393
58 72 9989
58 73 5159
58 74 954
58 75 3583
58 76 4901
58 77 3889
58 78 117
58 79 4835
58 80 5079
58 81 879
58 82 6545
58 84 7911
58 85 2664
58 86 955
58 87 5774
58 89 1824
58 91 4401
58 92 9289
58 93 8237
58 94 7247
58 95 5788
58 97 3519
58 98 5926
58 100 6812
59 61 7733
59 63 7572
59 64 2596
59 65 194
59 66 4280
59 67 2117
59 68 7056
59 69 5862
59 70 1402
59 71 4791
59 72 9920
59 73 4588
59 74 8348
59 75 5828
59 77 7857
59 78 4055
59 79 9225
59 81 5284
59 82 2128
59 83 1213
59 84 1133
59 85 1766
59 87 9722
59 88 5667
59 89 7074
59 90 5275
59 91 2559
59 92 5917
59 93 528
59 94 8714
59 95 6377
59 96 6806
59 97 3460
59 98 4664
59 99 1919
60 61 1388
60 62 557
60 63 7375
60 64 6512
60 65 7593
60 66 3575
60 67 2917
60 68 1857
60 69 2201
60 70 384
60 71 9900
60 72 4469
60 73 5964
60 74 3721
60 75 1852
60 76 981
60 77 723
60 78 3205
60 80 9518
60 81 3549
60 83 2114
60 85 9467
60 86 3385
60 88 8641
60 90 7278
60 91 4170
60 92 4952
60 93 9035
60 94 1487
60 96 973
60 97 175
60 98 2835
60 99 2994
60 100 5936
61 62 1127
61 63 5131
61 64 1744
61 66 7140
61 68 932
61 69 9687
61 70 1959
61 71 2168
61 72 6213
61 74 6253
61 75 6427
61 76 3339
61 77 589
61 78 4934
61 79 6547
61 80 8436
61 81 5574
61 82 4900
61 83 1762
61 88 9352
61 91 390
61 92 3983
61 93 8764
61 94 6349
61 95 9673
61 96 4226
61 97 5066
61 98 2530
61 99 2920
61 100 263
62 63 6670
62 64 5478
62 65 5440
62 66 28
62 67 4630
62 70 508
62 72 1624
62 73 3681
62 74 3699
62 75 22
62 76 6514
62 77 8642
62 78 379
62 79 6681
62 80 406
62 82 6455
62 83 1741
62 84 7526
62 85 9275
62 86 435
62 87 1977
62 88 8073
62 89 6598
62 90 2601
62 91 6018
62 92 3459
62 93 4440
62 94 8628
62 95 5931
62 96 4930
62 98 7476
62 99 1478
62 100 7151
63 64 851
63 65 1544
63 66 9886
63 67 8980
63 68 3789
63 69 5210
63 70 7009
63 71 6349
63 72 3892
63 73 9767
63 74 455
63 76 864
63 77 7932
63 78 861
63 79 8353
63 80 1681
63 81 9479
63 82 6781
63 84 5920
63 85 841
63 86 7182
63 87 4844
63 88 7801
63 89 7049
63 91 6633
63 92 3508
63 93 8973
63 94 9080
63 95 5892
63 96 9739
63 97 2337
63 98 6765
63 99 2261
63 100 3982
64 65 7790
64 66 6640
64 67 2430
64 68 2532
64 69 2656
64 70 7932
64 71 4708
64 72 9738
64 74 1622
64 75 4961
64 76 8240
64 77 4258
64 78 1457
64 80 6268
64 81 152
64 82 961
64 83 8652
64 85 8081
64 86 904
64 87 5878
64 90 8725
64 91 4354
64 93 7690
64 94 3297
64 96 9389
64 98 9834
64 99 3993
65 67 615
65 68 331
65 69 8750
65 70 4491
65 71 859
65 72 4179
65 73 4811
65 74 996
65 76 1919
65 77 7806
65 78 1663
65 79 9559
65 80 1076
65 82 2481
65 84 5035
65 86 3762
65 88 8532
65 89 1535
65 90 5159
65 91 5698
65 94 1497
65 95 911
65 96 782
65 97 548
65 98 1387
65 99 830
66 67 8259
66 68 7555
66 70 4174
66 72 123
66 73 8294
66 75 854
66 76 7567
66 77 5854
66 78 6732
66 79 2444
66 80 5004
66 81 8948
66 82 3026
66 83 27
66 84 4260
66 85 5160
66 86 212
66 87 5923
66 88 4772
66 89 4069
66 90 1101
66 91 666
66 92 7558
66 94 9157
66 95 5765
66 96 2603
66 97 7612
66 98 69
66 99 3929
66 100 4106
67 68 4166
67 69 4586
67 71 3352
67 72 4835
67 73 6835
67 74 9845
67 75 9403
67 76 1039
67 77 6202
67 79 8600
67 80 8720
67 82 6988
67 83 9947
67 84 8099
67 85 7896
67 86 4946
67 87 6731
67 89 5515
67 90 5813
67 91 4323
67 92 3876
67 93 7591
67 94 7172
67 95 724
67 96 2688
67 97 2706
67 98 6461
67 99 1679
67 100 1671
68 69 6566
68 70 4539
68 71 1588
68 72 6777
68 75 1585
68 76 1500
68 77 2305
68 78 7739
68 79 9440
68 80 1525
68 81 1785
68 82 2088
68 83 1200
68 84 349
68 85 797
68 86 8731
68 89 5094
68 90 4735
68 91 7611
68 92 7265
68 94 5848
68 95 366
68 98 6147
68 99 142
68 100 2531
69 71 9957
69 73 2255
69 74 667
69 76 7888
69 77 3547
69 78 7919
69 80 1192
69 83 821
69 85 7307
69 86 5072
69 87 9704
69 88 863
69 89 5039
69 90 5078
69 91 2575
69 92 6768
69 93 8601
69 94 2121
69 96 5047
69 99 1981
69 100 8631
70 71 9383
70 72 9980
70 74 3541
70 75 5566
70 76 3943
70 77 6122
70 78 527
70 79 6706
70 80 4736
70 82 3391
70 83 854
70 84 883
70 86 1647
70 87 2404
70 89 9408
70 90 2496
70 91 6338
70 92 9031
70 93 2375
70 94 966
70 95 3848
70 97 548
70 98 9971
70 99 6107
70 100 7314
71 72 4231
71 74 553
71 75 2285
71 76 9063
71 77 2489
71 78 8509
71 79 6350
71 80 452
71 81 5478
71 82 3566
71 83 5906
71 84 7246
71 85 8309
71 86 7866
71 90 8686
71 91 8521
71 92 5972
71 93 6554
71 94 4799
71 95 1520
71 96 224
71 98 6172
71 99 516
71 100 8959
72 73 5213
72 74 4512
72 75 2199
72 76 7358
72 77 8778
72 78 1047
72 79 7350
72 80 8134
72 82 3243
72 83 7145
72 84 8033
72 85 9260
72 86 5902
72 87 6878
72 88 8643
72 89 3183
72 90 6964
72 91 8120
72 92 1344
72 93 1132
72 94 9852
72 96 3092
72 97 7343
72 98 9515
72 99 4329
72 100 9786
73 74 9973
73 76 8632
73 77 2527
73 78 8700
73 79 2224
73 80 9113
73 81 819
73 82 1911
73 85 22
73 86 6146
73 88 1144
73 89 1579
73 90 487
73 92 4034
73 94 3297
73 95 4451
73 96 1147
73 98 4983
73 100 6459
74 75 2116
74 78 7429
74 79 9655
74 80 7986
74 81 7982
74 82 3788
74 83 8740
74 84 3950
74 85 7064
74 86 1126
74 87 7283
74 88 3088
74 89 3351
74 90 1150
74 91 194
74 93 4281
74 94 521
74 95 5624
74 96 1191
74 99 4352
74 100 4224
75 76 9308
75 78 5700
75 80 940
75 81 525
75 84 1950
75 85 1093
75 86 1115
75 88 7115
75 89 9210
75 90 5615
75 91 1663
75 92 5582
75 93 15
75 95 7893
75 96 5056
75 97 7255
75 98 6495
75 99 5708
76 77 26
76 80 1452
76 81 8657
76 82 5195
76 83 3178
76 84 7074
76 85 3166
76 87 7568
76 90 6703
76 91 2089
76 92 8597
76 93 2635
76 94 6586
76 95 174
76 96 4377
76 97 7161
76 99 7610
76 100 5758
77 78 6076
77 80 2451
77 81 9045
77 82 5640
77 84 2085
77 85 336
77 86 6049
77 87 3267
77 88 9120
77 90 1037
77 92 7435
77 93 7686
77 94 2308
77 96 9626
77 97 4141
77 98 6164
77 99 4092
77 100 6780
78 79 9406
78 80 5837
78 81 994
78 83 6599
78 84 1497
78 86 7101
78 87 3051
78 88 7882
78 89 4042
78 90 3029
78 91 8796
78 92 8876
78 93 100
78 94 6824
78 95 8492
78 96 7753
78 98 9519
78 99 6801
79 80 6462
79 81 2263
79 82 5394
79 83 5655
79 85 7390
79 86 4234
79 88 3545
79 89 8379
79 90 7998
79 91 590
79 93 4453
79 95 2502
79 96 4000
79 97 8159
79 98 2226
79 99 9369
80 81 8526
80 82 9395
80 83 8232
80 85 5464
80 86 9230
80 87 7795
80 89 9961
80 90 3833
80 91 4261
80 93 9575
80 94 3343
80 95 457
80 97 3567
80 98 6024
80 99 4541
80 100 4950
81 82 2694
81 84 6299
81 87 1552
81 88 4651
81 89 6331
81 90 2912
81 91 4948
81 92 1471
81 93 7370
81 94 841
81 95 7753
81 96 6371
81 97 973
81 98 7584
81 99 5448
81 100 6844
82 85 6388
82 86 8247
82 87 9143
82 88 5363
82 90 1300
82 91 1244
82 92 7453
82 93 3576
82 96 7426
82 98 8265
82 99 1765
82 100 5104
83 84 7502
83 86 1138
83 89 5062
83 90 6207
83 91 1370
83 92 3594
83 93 6687
83 94 5110
83 96 4656
83 97 9268
83 98 5711
83 99 5645
83 100 6136
84 86 3331
84 87 8667
84 88 6495
84 89 4425
84 90 3058
84 91 7909
84 92 4818
84 93 449
84 94 6319
84 95 9376
84 96 4740
84 97 4143
84 98 8026
84 99 9287
84 100 189
85 86 9360
85 88 1824
85 90 5640
85 91 4997
85 92 4488
85 93 694
85 94 6399
85 96 7259
85 97 9162
85 98 4900
85 99 8926
85 100 173
86 87 2743
86 88 6324
86 89 6735
86 91 2081
86 92 2760
86 93 2905
86 94 5461
86 96 3346
86 97 82
86 98 9847
86 99 8562
86 100 7228
87 88 3507
87 90 9384
87 91 1442
87 92 7577
87 93 5855
87 96 3367
87 97 9616
87 98 6442
87 99 5681
87 100 8736
88 89 2842
88 91 780
88 92 1348
88 94 9003
88 96 6417
88 97 4974
88 98 7841
88 99 2192
88 100 3785
89 90 9391
89 91 4662
89 92 8436
89 95 6635
89 96 4489
89 98 776
89 100 5495
90 91 7366
90 93 1766
90 94 2097
90 95 8337
90 96 6169
90 98 4475
90 99 8576
90 100 6728
91 93 6354
91 94 5586
91 95 679
91 96 9323
91 97 9351
91 98 6028
91 99 6781
91 100 9819
92 95 4599
92 96 4730
92 97 7002
92 98 442
92 100 4898
93 95 7344
93 96 3595
93 97 7984
93 100 6915
94 98 670
94 99 5092
94 100 3502
95 96 5911
95 97 1330
95 98 7324
95 99 2511
95 100 1726
96 97 2529
96 99 9482
96 100 9916
97 98 7928
97 100 2381
98 99 4255
98 100 3540
99 100 4210
