250 1563
J 318 294 194 297 394 63
J 65 856 79 74 391 12
J 494 476 9 168 230 286
B 127 598 153 890 12 49
J 371 23 305 166 212 43
J 295 287 165 83 463 175
J 403 141 92 72 53 364
B 235 256 356 289 59 605
J 103 210 492 95 632 69
B 132 244 572 385 299 276
J 548 33 110 255 144 235
B 268 366 360 488 307 89
B 436 114 11 240 176 468
J 3 98 691 281 20 204
J 158 29 241 35 626 21
J 469 117 370 219 298 351
B 80 377 48 46 443 150
B 67 359 24 85 365 8
J 64 67 799 147 631 179
B 190 148 169 47 544 278
B 166 355 479 578 91 153
J 520 58 397 417 48 338
B 186 642 44 529 9 123
J 467 84 217 85 64 488
J 523 134 245 13 54 416
B 60 278 202 649 2 206
B 119 419 352 332 1 492
J 61 454 314 72 171 257
J 296 564 110 103 16 226
J 175 561 214 87 354 465
B 145 123 153 126 637 172
J 298 330 352 180 489 226
B 218 30 130 66 111 625
J 13 270 658 281 545 31
J 659 97 191 345 18 375
B 466 241 131 518 315 86
B 175 679 62 357 203 97
J 634 69 165 191 15 567
B 436 13 87 119 100 701
J 423 194 295 45 471 473
B 45 283 270 210 37 365
J 116 150 593 319 33 196
B 1 605 149 43 146 424
J 489 95 85 29 865 71
B 170 408 72 295 509 105
J 161 345 380 240 315 216
B 31 289 680 138 76 702
J 166 319 243 181 169 312
J 391 85 318 388 9 343
J 500 8 462 313 11 596
B 269 0 450 392 277 116
B 213 45 115 245 466 131
B 252 104 623 744 0 23
B 204 184 278 360 244 13
B 96 776 28 93 156 672
J 333 205 417 42 338 325
J 220 253 333 77 330 477
B 198 728 12 328 65 524
B 117 108 332 31 81 636
B 22 219 144 317 427 20
J 296 76 595 155 87 278
B 209 333 70 109 117 405
J 173 475 346 336 170 46
J 196 583 82 259 167 121
J 685 258 1 483 272 181
J 466 124 311 387 8 56
B 22 26 647 329 218 329
B 197 97 696 249 20 729
J 248 41 573 219 329 92
B 146 188 558 418 318 101
J 451 286 129 413 182 116
B 84 172 207 502 99 232
J 127 603 199 94 262 61
B 85 367 92 25 132 693
J 144 573 257 204 459 107
B 104 92 547 518 424 12
J 157 338 281 198 557 57
B 118 179 350 127 316 526
J 448 150 395 131 139 675
B 32 345 449 44 568 305
B 148 111 137 24 384 467
B 36 477 331 179 325 496
J 381 169 176 63 748 33
B 457 25 145 576 249 1
B 227 112 53 452 30 465
B 269 78 178 208 340 434
B 136 581 116 210 372 270
J 665 303 8 87 702 124
J 362 350 23 215 129 78
J 245 149 104 106 205 138
J 276 448 221 80 108 752
J 572 26 92 4 209 305
B 94 631 113 456 35 32
B 159 220 83 379 455 19
B 38 638 99 4 136 538
B 211 389 355 546 122 153
J 74 111 434 68 165 248
B 171 656 85 126 539 243
J 291 75 382 183 173 97
B 50 224 238 120 439 294
B 49 604 67 193 202 244
B 91 23 292 413 123 185
J 12 262 657 161 173 421
J 457 95 425 111 147 234
J 488 113 99 266 188 297
B 158 174 50 360 154 7
B 173 26 617 519 80 244
J 159 805 25 42 659 266
J 243 414 336 234 95 104
J 322 112 412 322 647 23
B 286 242 141 153 27 611
J 330 177 66 4 229 302
B 58 191 313 423 221 101
B 209 121 120 221 210 413
B 157 292 419 538 67 73
J 328 113 500 176 17 677
B 17 350 523 324 79 536
B 165 252 194 262 110 556
J 315 256 76 286 75 175
B 22 739 10 426 328 244
B 10 40 314 459 172 197
B 29 283 354 132 28 502
J 449 4 353 208 155 506
B 187 314 354 362 505 114
B 243 368 362 472 126 150
B 353 488 144 622 334 16
J 24 24 893 85 229 397
J 185 589 41 131 296 281
B 72 401 51 227 239 508
J 551 250 72 332 493 4
J 432 26 70 270 75 238
J 801 39 117 14 731 61
B 266 327 402 724 13 137
J 380 557 3 36 259 400
B 125 283 194 352 576 64
J 128 394 134 120 4 378
B 10 763 56 275 469 176
B 81 698 50 644 73 274
J 9 599 304 197 336 26
J 112 307 489 126 675 79
J 618 65 267 131 573 74
B 125 69 437 547 153 243
B 335 346 109 487 227 250
J 77 94 765 301 125 210
J 234 275 332 277 168 160
B 234 166 266 389 238 321
J 83 745 7 20 407 190
B 90 56 599 502 121 179
B 445 274 55 475 424 61
J 412 344 64 53 208 626
B 268 97 271 6 98 782
J 311 394 245 155 641 114
B 16 50 550 260 7 403
B 39 9 588 397 164 305
J 222 549 105 227 476 115
B 33 392 124 112 164 614
J 817 129 21 176 417 154
J 358 480 40 46 664 280
B 303 159 154 394 57 99
J 354 112 46 19 287 429
J 309 264 384 472 173 115
B 127 47 260 363 46 585
B 22 3 532 64 205 526
B 345 212 63 294 556 34
B 356 437 131 290 21 513
J 657 58 170 181 122 77
J 677 8 237 441 96 22
J 398 474 65 149 14 412
J 154 629 194 69 265 156
J 385 34 326 113 233 354
B 269 243 77 391 389 193
J 476 93 401 148 29 342
B 136 645 60 269 49 655
B 226 408 127 184 68 601
B 7 535 457 14 134 800
J 135 65 584 153 120 41
B 161 132 200 165 444 166
J 396 324 189 335 7 401
B 105 5 507 309 352 129
B 329 154 49 385 185 30
J 13 410 346 41 85 447
J 510 113 93 213 16 268
B 1 349 196 218 591 187
J 77 438 394 373 166 1
J 141 137 553 26 610 12
J 344 189 220 218 30 447
B 655 65 101 756 7 178
B 351 79 328 334 174 478
B 3 154 310 221 8 290
B 39 626 180 154 351 332
J 558 93 115 377 126 266
B 155 381 120 253 111 204
J 60 578 258 190 213 63
J 124 171 556 257 300 221
J 350 253 52 41 205 113
B 7 580 395 657 114 115
B 117 458 158 446 169 101
J 219 568 106 303 51 261
B 63 433 43 6 431 172
B 148 389 324 336 410 178
J 373 71 453 195 226 427
J 268 233 227 280 295 71
B 56 20 302 227 57 254
B 113 128 246 317 197 296
J 57 338 553 41 238 182
J 424 297 93 109 332 105
J 201 118 596 129 260 361
J 499 113 86 438 175 98
B 104 820 13 222 287 410
J 292 7 701 332 116 291
B 202 361 122 68 512 294
J 183 218 244 160 50 22
B 75 90 170 177 388 34
B 270 430 43 194 11 586
J 409 275 113 169 254 94
J 517 169 197 109 132 581
B 89 168 696 850 49 14
J 239 449 190 306 91 216
B 278 226 261 259 143 402
J 22 87 707 31 24 486
J 173 346 389 14 94 332
B 34 211 162 31 592 298
B 117 80 526 296 291 306
B 253 140 252 354 218 428
J 320 134 324 4 767 68
J 332 404 142 65 462 196
J 460 168 335 132 104 223
J 59 88 838 226 4 267
B 149 294 208 112 312 470
J 73 543 342 149 200 86
B 153 126 87 155 381 272
B 11 398 293 94 559 221
J 7 346 485 210 252 9
B 156 160 627 376 11 495
J 288 56 288 51 667 35
J 545 152 217 216 119 277
J 257 638 19 1 636 288
J 367 78 435 472 11 34
J 116 532 245 287 261 14
B 349 579 55 819 4 106
J 479 9 499 24 916 2
B 240 437 315 469 436 3
B 162 58 97 162 493 345
J 680 49 48 398 283 117
B 68 231 276 250 49 438
J 607 8 298 133 5 233
J 38 25 841 68 75 204
B 96 249 370 368 249 272
J 343 298 65 68 165 536
J 271 125 125 10 460 195
44 98 387 21 179 51
129 363 363 22 42 686
333 307 96 174 167 6
262 226 342 73 671 254
522 60 69 48 364 515
130 94 201 36 336 262
47 416 148 33 700 215
57 641 11 346 336 138
48 165 453 104 63 194
109 558 239 154 99 110
190 248 487 469 99 269
292 539 88 651 186 8
31 598 149 329 474 15
86 304 356 15 387 441
21 181 458 154 439 281
75 365 427 578 20 329
319 332 139 632 61 213
97 129 548 18 672 54
314 37 294 176 564 68
479 167 238 81 135 763
340 123 65 278 26 617
228 383 252 248 461 126
225 320 327 135 295 205
642 229 48 272 48 507
454 25 300 271 625 104
22 370 136 261 541 127
8 680 203 409 235 332
18 361 168 210 304 163
869 90 28 218 512 229
62 111 827 40 26 730
182 49 45 18 218 579
139 133 387 455 346 94
360 267 225 337 337 55
91 299 99 156 746 97
57 455 125 281 37 533
235 236 306 178 142 597
56 482 248 366 512 22
469 433 10 40 455 40
9 594 48 59 276 221
44 261 523 281 567 72
65 192 441 12 725 202
7 681 83 513 375 108
95 47 338 654 124 161
172 111 343 40 692 218
74 84 218 381 86 151
69 39 299 98 29 290
349 48 468 161 57 291
213 197 204 469 55 274
373 288 139 431 58 72
593 288 21 447 298 4
85 117 679 172 502 30
641 50 194 97 271 603
441 86 2 360 53 301
542 124 229 77 152 750
63 321 137 148 149 100
272 271 449 240 600 127
368 421 132 12 68 512
50 431 255 660 58 133
187 222 474 202 251 226
3 169 727 427 15 334
188 182 586 137 3 807
6 162 729 302 93 356
387 501 86 604 81 218
6 261 324 514 28 351
36 114 688 615 337 8
102 271 111 128 708 96
223 514 150 111 175 61
192 199 278 516 131 260
57 70 560 51 87 275
182 2 670 228 158 159
452 169 363 272 144 447
87 21 824 317 340 112
113 524 151 260 615 3
286 457 27 146 277 508
226 133 426 3 378 605
342 100 409 485 300 29
400 318 269 247 117 129
100 326 283 352 161 67
3 901 80 211 388 284
239 110 208 81 224 348
199 128 423 139 154 36
140 623 90 648 215 45
142 216 564 46 528 171
155 214 82 490 451 41
347 142 332 322 14 186
53 358 328 644 60 167
25 596 138 382 160 426
147 457 216 195 540 11
283 3 681 578 41 33
219 482 272 31 502 442
203 198 521 532 7 181
54 569 45 299 321 189
200 296 460 705 50 131
186 567 157 597 139 101
352 112 55 9 439 511
273 451 220 353 11 128
11 156 383 60 220 611
21 713 65 493 31 61
64 416 454 652 116 16
209 524 14 34 317 98
116 745 22 35 420 344
17 792 20 55 348 505
214 291 19 891 27 16
541 279 36 9 430 526
578 143 192 268 576 65
435 212 56 319 443 15
513 24 341 187 214 258
128 508 43 268 119 556
20 192 581 260 253 120
51 600 236 250 132 503
111 168 111 67 431 199
29 689 237 362 260 204
506 90 362 223 484 10
46 224 180 135 58 499
372 177 115 90 61 367
16 301 513 439 292 122
393 465 25 698 197 25
5 218 436 253 243 127
30 738 40 14 103 598
219 461 130 187 250 148
353 163 279 530 74 276
153 217 381 547 1 305
49 311 596 571 123 264
328 387 64 301 293 1
519 139 283 71 286 294
155 82 167 65 606 190
318 19 215 315 51 9
247 179 508 737 231 11
225 382 142 339 92 196
251 158 482 273 22 282
37 876 24 213 403 42
469 21 300 560 87 36
493 291 35 499 39 440
164 78 209 182 340 381
409 60 400 110 204 335
121 14 728 32 356 355
164 397 328 194 488 201
330 327 97 503 23 380
144 33 163 96 270 113
741 102 26 5 59 687
484 292 221 858 67 8
92 21 810 127 524 4
26 401 402 123 293 302
353 260 125 196 145 659
179 84 532 268 414 141
178 257 359 151 93 249
76 68 299 96 157 601
323 50 37 52 679 207
30 199 535 55 234 434
312 112 388 376 163 128
204 223 516 127 611 55
482 145 236 150 517 307
8 216 251 272 196 410
133 190 315 280 91 138
163 302 75 373 4 221
100 41 442 21 70 179
622 78 288 201 112 209
222 139 326 106 258 380
37 573 175 395 490 109
711 204 76 330 328 207
3 510 109 4 614 46
79 57 226 328 6 529
689 80 4 67 782 21
643 252 27 529 246 225
487 316 128 192 106 649
104 64 186 14 575 24
200 352 295 463 80 125
37 489 244 619 34 147
395 246 30 266 510 17
429 338 195 166 49 163
206 197 146 337 187 7
215 130 334 132 295 22
41 738 30 139 179 291
127 421 277 138 398 259
217 39 690 109 301 313
402 7 270 721 53 97
188 501 133 0 358 372
142 418 103 507 287 156
122 343 212 295 198 137
224 103 325 181 159 415
113 283 494 141 440 344
38 64 657 287 69 279
358 410 225 13 85 705
54 48 885 147 160 181
65 236 330 12 78 383
35 418 30 132 187 167
5 802 76 294 147 280
391 156 220 33 370 319
75 319 5 208 249 163
130 92 309 203 14 112
145 179 231 218 231 446
69 298 84 273 18 96
528 21 337 207 254 16
90 90 719 221 70 519
180 33 346 107 285 280
89 23 852 509 70 216
27 409 563 114 371 233
19 856 115 16 89 418
270 122 175 200 101 49
357 88 86 379 462 67
290 495 54 528 98 177
88 99 511 341 142 62
267 424 165 323 81 130
108 108 496 274 330 10
32 456 100 285 621 40
355 92 303 157 231 369
193 124 479 101 653 91
541 234 32 285 313 137
81 150 545 226 364 40
109 62 752 676 13 233
197 247 415 160 767 2
319 142 104 122 173 158
491 167 286 286 210 497
287 76 549 263 341 373
176 247 402 486 417 57
312 55 505 239 183 189
65 171 466 104 506 279
415 132 6 61 450 219
513 125 50 284 149 388
444 3 407 23 194 264
15 110 507 243 173 235
47 370 425 227 249 314
60 642 86 43 572 160
31 439 377 91 460 304
224 476 50 127 470 342
380 253 149 431 158 179
746 181 17 433 8 552
395 41 289 236 72 226
562 177 129 327 384 25
532 102 169 164 361 179
737 85 163 113 278 372
10 279 598 125 34 473
1 451 422 16 32 354
514 305 54 240 8 195
424 353 138 277 97 526
12 313 270 165 382 258
35 291 344 198 333 445
264 77 521 704 126 34
124 372 435 47 417 201
243 67 346 254 346 216
171 288 226 125 255 403
341 82 0 314 259 272
536 27 258 215 396 205
25 145 419 38 445 450
742 69 177 229 147 588
197 596 61 327 412 160
378 182 337 66 495 408
46 474 49 12 371 139
223 163 499 390 62 166
371 188 67 442 19 184
150 7 415 113 85 247
229 181 205 119 703 19
121 495 271 155 102 277
85 282 493 141 147 20
318 197 38 462 372 7
65 306 549 48 556 30
502 142 41 401 8 203
13 426 227 103 584 267
375 31 435 375 70 416
161 422 152 110 383 124
536 206 179 94 95 257
681 61 122 290 414 108
115 238 433 192 198 173
291 322 367 150 392 403
566 153 27 326 474 155
60 193 352 150 623 83
0 630 174 136 595 193
746 99 145 307 405 51
62 89 631 20 490 396
241 12 289 574 247 50
70 19 572 358 21 348
339 562 45 113 54 156
134 55 278 84 302 483
502 142 69 223 53 43
781 139 57 503 139 345
123 241 557 44 50 578
11 548 145 146 31 715
19 97 859 428 280 39
388 55 454 526 247 181
418 500 41 425 106 412
596 249 119 612 87 94
7 267 161 239 264 117
10 556 340 285 102 455
167 628 32 938 5 2
440 199 301 278 243 328
366 120 131 412 347 181
252 536 32 144 499 2
92 152 323 164 47 466
51 199 393 198 360 411
46 115 580 162 191 61
210 111 575 219 53 526
233 638 81 449 134 229
430 44 359 130 535 270
42 734 154 353 73 201
254 26 46 236 200 316
150 242 415 196 331 92
67 15 744 279 440 80
5 853 23 56 185 302
465 235 52 203 59 127
45 241 151 106 366 397
192 246 169 268 447 120
274 316 320 631 12 191
213 320 177 301 381 216
119 143 725 529 50 345
218 22 608 197 245 459
309 9 230 323 645 16
13 5 791 36 20 299
133 703 150 421 1 436
54 19 778 421 137 93
598 112 67 164 466 303
264 91 273 202 230 207
269 217 424 54 397 339
93 288 73 73 718 24
72 114 761 67 497 390
52 140 224 87 65 772
285 194 55 227 27 147
71 437 65 377 128 208
784 0 39 165 284 285
10 609 29 328 122 145
345 112 219 47 184 636
311 250 212 399 179 45
163 214 406 155 89 17
25 95 383 92 114 84
282 176 60 67 143 246
136 30 86 233 61 244
308 90 306 349 83 31
67 328 593 227 457 239
235 182 332 419 94 464
362 88 136 140 58 648
356 75 220 341 47 392
93 121 389 128 153 412
300 541 130 80 230 648
321 406 61 470 132 245
445 381 81 239 325 219
271 58 332 5 171 676
434 273 11 177 148 415
222 59 622 701 271 26
108 302 510 505 43 351
106 249 225 512 115 367
26 504 373 633 99 178
63 87 94 54 433 212
32 240 327 41 351 468
70 573 60 175 56 257
135 339 128 149 109 249
501 212 49 81 31 640
246 245 183 473 196 218
161 507 124 46 238 265
279 220 272 303 256 145
738 82 5 21 303 439
124 203 194 135 6 204
447 75 125 110 354 153
92 741 34 120 181 514
114 79 230 243 224 457
183 359 164 127 675 136
89 68 648 500 148 119
46 58 885 446 80 217
73 551 155 246 195 205
255 553 46 683 111 153
404 131 205 306 47 329
76 433 173 400 383 112
75 653 122 84 120 121
17 276 227 505 153 147
260 339 131 147 182 273
306 75 441 132 245 489
2 426 319 177 184 340
67 204 396 16 729 229
162 6 498 417 217 52
118 789 83 43 601 35
280 430 259 444 231 219
460 9 439 539 320 128
48 551 335 357 216 111
85 517 190 207 311 154
151 122 295 397 328 97
483 28 411 724 47 19
136 479 141 100 46 399
130 6 26 167 60 115
491 182 86 35 350 417
417 484 6 155 1 175
144 518 107 77 519 176
423 88 463 26 916 43
221 84 183 239 242 213
889 18 70 234 244 133
203 294 417 199 335 461
575 104 25 680 162 52
296 85 197 590 83 91
231 715 24 656 44 210
97 129 618 94 601 75
49 518 232 199 304 285
24 853 49 105 340 304
498 131 205 169 573 131
221 85 37 32 113 603
570 91 6 217 272 472
148 526 0 67 34 430
16 259 314 222 97 553
195 140 187 28 153 275
25 323 373 370 299 251
557 153 15 368 529 28
144 193 508 384 294 134
656 76 35 237 362 62
343 433 151 310 46 467
148 165 439 215 141 616
50 307 462 559 9 394
35 804 110 189 169 181
411 157 11 307 598 79
108 33 455 68 183 724
125 770 105 116 851 9
325 410 184 25 582 176
150 146 224 213 338 54
179 191 607 408 79 106
174 349 31 75 161 91
593 205 121 545 251 73
145 132 279 101 151 683
20 434 423 38 478 379
418 383 34 143 32 322
197 137 370 215 348 339
388 93 491 146 21 408
363 87 466 298 566 9
587 172 212 23 559 141
90 412 167 321 165 500
487 305 43 156 602 212
520 365 54 190 430 87
434 249 36 810 24 69
49 125 464 39 669 61
31 369 263 52 214 370
484 220 94 597 192 124
546 237 61 512 301 144
1 107 614 188 266 280
3 200 660 450 407 14
4 491 188 131 458 16
283 75 411 117 253 147
11 484 421 22 356 73
409 159 100 175 408 89
204 81 575 177 237 268
271 140 586 82 768 50
316 514 82 91 243 464
338 110 307 469 110 205
584 274 1 132 200 369
549 20 105 312 67 149
18 489 285 516 139 287
799 22 75 333 289 16
135 241 252 211 78 694
260 178 279 29 600 147
330 478 17 68 331 142
468 296 175 63 521 87
99 256 422 24 330 598
414 25 218 114 458 280
80 354 116 28 712 230
169 168 623 99 157 173
12 70 713 187 596 197
534 38 282 243 117 598
406 191 190 177 428 150
8 47 874 475 384 44
140 80 197 153 373 224
258 214 294 454 46 186
154 102 566 204 537 42
414 181 290 710 94 79
26 595 331 5 295 620
316 185 141 313 146 182
274 452 261 611 156 49
174 418 143 0 285 58
303 67 342 84 352 499
132 106 382 309 292 129
347 64 93 155 28 522
235 351 26 452 83 2
549 47 244 456 402 36
137 64 20 173 666 152
408 393 145 621 64 305
178 48 23 250 708 11
119 268 386 464 106 25
308 182 165 402 338 122
442 440 69 280 511 57
410 78 119 236 237 405
344 349 267 670 158 154
483 316 15 336 184 83
56 47 373 204 80 308
145 685 98 381 190 55
365 254 342 634 245 73
612 268 118 431 193 226
150 376 242 84 600 67
155 190 233 492 113 254
145 229 339 840 17 32
89 386 307 291 246 446
189 79 417 243 169 264
285 25 571 561 105 236
199 247 377 163 38 224
194 60 215 384 51 152
506 80 234 213 231 206
217 296 378 113 290 102
62 251 663 107 508 209
106 723 19 408 87 364
333 272 345 211 286 206
201 50 671 331 76 103
353 145 350 227 203 99
511 139 134 40 181 417
284 42 557 484 342 99
283 227 170 160 363 416
440 258 296 137 360 461
174 33 562 133 440 207
13 283 650 120 263 30
412 236 159 224 633 62
52 578 141 246 231 380
348 23 311 460 153 291
418 259 269 119 99 764
132 348 113 342 27 41
139 10 489 343 134 439
82 144 478 214 171 493
218 115 367 319 496 94
199 56 654 296 79 600
473 51 337 104 321 135
6 765 205 13 824 106
304 362 178 17 15 782
583 152 247 136 691 148
102 738 9 405 206 369
250 126 174 74 79 649
159 18 461 147 642 160
264 665 28 532 219 102
389 326 21 268 355 173
0 299 654 292 111 25
128 126 242 113 492 332
229 407 332 277 89 54
60 686 137 20 480 181
197 461 156 304 74 479
121 144 628 50 113 784
167 66 245 70 7 506
16 377 285 112 252 577
601 127 45 154 149 157
157 427 76 17 716 181
96 142 147 639 127 1
137 291 140 409 355 154
80 164 522 145 60 407
123 270 174 590 136 145
69 122 765 9 98 817
50 544 344 357 275 199
210 123 461 194 71 331
134 401 117 54 661 101
338 179 123 24 565 75
389 292 90 674 219 10
127 573 33 13 155 107
101 114 283 149 107 733
478 112 140 70 85 395
129 305 373 46 12 418
542 158 2 117 40 758
52 140 29 26 176 126
481 255 262 240 138 64
185 45 718 224 120 500
347 273 97 214 407 305
333 138 29 510 281 28
39 810 78 267 257 453
146 206 271 276 58 190
601 180 107 251 383 28
307 394 293 294 446 55
295 263 4 8 316 300
169 624 21 83 202 545
554 176 56 237 290 269
319 96 554 535 286 73
189 2 602 714 20 215
223 432 197 376 147 191
14 234 232 65 178 270
17 106 538 224 58 437
174 357 339 91 537 202
768 1 127 169 274 378
192 634 166 146 177 237
405 143 211 215 445 16
333 98 388 193 190 479
613 120 65 420 70 246
301 58 306 388 38 367
367 32 223 275 138 548
61 52 128 95 616 106
434 490 44 229 708 50
462 129 203 141 100 85
273 174 530 220 159 9
416 59 399 186 6 711
567 99 27 161 57 582
312 279 193 43 65 615
177 45 300 69 41 524
90 163 719 46 186 604
308 554 86 333 36 448
235 184 411 497 145 226
602 23 182 651 202 24
136 153 460 181 70 238
444 162 162 38 354 117
212 351 37 228 80 138
157 102 632 432 3 341
247 479 158 51 144 700
248 127 425 65 395 119
32 50 391 266 498 81
209 441 252 80 379 155
224 43 570 429 132 202
443 62 313 122 318 246
154 177 134 145 94 365
536 102 211 388 296 315
611 47 263 16 696 165
9 128 593 14 63 458
45 34 322 435 142 93
123 417 335 95 542 136
262 24 162 451 3 377
289 214 251 95 505 369
142 473 356 623 70 1
348 227 306 53 304 208
452 405 57 366 30 150
193 403 181 17 91 478
725 95 92 136 49 693
604 85 281 113 210 646
163 492 26 457 316 85
136 675 115 461 108 86
439 249 118 245 68 486
410 15 537 605 73 228
149 408 182 177 41 670
124 205 513 542 48 342
375 87 99 234 11 224
563 20 218 24 57 853
141 189 531 135 56 53
305 218 97 182 204 487
262 108 232 82 494 139
62 496 169 115 96 408
72 199 633 150 737 77
67 293 196 103 466 69
61 172 584 452 200 220
296 55 268 152 85 160
460 36 307 215 144 166
80 72 276 476 164 144
44 323 255 270 615 4
515 110 152 465 108 114
418 124 1 848 10 131
24 566 152 154 273 485
305 561 103 37 104 658
335 169 132 241 32 672
132 567 58 232 280 6
10 581 308 299 334 45
216 358 49 55 88 121
87 206 267 142 15 186
81 564 208 351 201 368
382 79 450 550 9 420
233 182 163 320 34 175
256 479 7 295 370 102
560 282 69 6 210 417
105 74 648 197 189 197
189 401 252 100 273 455
153 321 180 367 207 112
274 215 170 145 698 70
498 175 250 30 797 57
4 224 629 239 312 447
342 470 39 536 209 82
61 335 75 166 4 146
87 90 231 315 50 30
260 332 346 312 542 66
299 130 310 38 220 168
280 194 411 256 25 57
297 474 187 701 150 55
294 256 366 475 15 113
416 213 11 73 224 634
398 236 67 155 237 431
154 178 256 42 335 90
417 1 338 236 52 277
303 464 205 509 56 383
216 25 50 215 636 14
90 102 455 37 687 39
44 469 315 199 580 184
357 305 327 417 79 484
343 73 436 505 25 413
264 27 601 231 234 149
40 480 8 68 570 98
448 23 44 88 329 561
110 118 572 256 527 87
449 308 198 73 303 152
162 613 212 464 2 293
382 181 37 134 484 91
78 111 608 74 462 254
366 125 291 688 265 37
729 139 21 576 10 38
87 311 578 667 15 155
105 391 498 78 90 426
320 288 97 49 332 148
225 332 118 62 391 394
27 766 97 81 399 294
669 68 223 167 38 533
210 95 390 269 359 134
324 325 115 125 104 536
92 536 335 137 4 106
356 91 397 319 292 225
159 21 382 13 244 50
403 8 486 260 411 173
334 395 0 154 39 438
472 124 233 172 549 155
147 495 66 93 172 569
260 135 128 126 26 678
590 329 57 20 184 749
470 152 158 430 241 268
681 20 199 166 175 331
578 83 289 195 53 726
514 72 67 441 57 201
407 70 468 577 218 22
304 305 162 209 467 125
24 479 361 77 285 544
91 321 233 68 656 200
384 17 280 602 126 182
53 801 12 129 493 259
207 115 281 337 199 50
200 140 274 203 273 254
446 243 60 252 129 493
481 31 106 538 75 230
14 107 409 639 30 302
489 243 238 206 128 272
321 30 379 432 28 279
61 621 145 115 174 302
544 76 327 182 553 122
626 12 133 155 244 192
125 58 760 76 71 392
58 167 575 131 386 466
628 44 269 335 198 209
104 71 562 157 191 475
190 449 52 51 54 631
174 606 66 4 411 7
82 632 176 134 257 528
396 173 276 247 290 281
495 90 188 575 127 181
150 507 124 338 36 324
166 229 432 153 710 65
85 630 143 274 173 138
341 313 218 330 348 203
290 171 202 233 272 146
192 147 280 267 320 250
441 89 106 76 588 213
254 305 24 337 345 120
264 496 100 356 138 209
280 66 448 727 151 51
296 15 354 232 14 612
76 735 86 5 246 373
345 381 85 13 450 80
861 1 116 396 125 56
148 158 284 392 369 206
260 392 168 221 34 523
663 181 118 112 389 270
390 149 318 651 84 63
49 176 734 113 647 70
200 475 302 200 150 146
430 220 341 7 264 350
221 259 376 281 201 340
451 180 114 342 384 5
603 266 38 302 132 362
197 676 86 78 245 109
179 215 308 426 452 119
235 661 59 229 505 101
618 188 142 182 250 295
506 24 111 212 420 217
524 299 152 346 314 60
469 420 78 222 141 394
315 49 221 737 118 41
401 212 131 86 613 154
630 104 218 447 42 498
83 137 259 379 292 15
102 501 104 352 76 449
115 645 110 95 74 762
231 28 108 289 561 143
175 13 489 359 1 220
388 61 147 922 16 41
460 203 170 49 309 223
22 626 253 200 647 18
656 11 83 472 238 115
573 91 19 262 219 140
791 72 93 21 783 141
122 218 47 6 702 134
786 152 20 315 209 16
384 97 341 124 497 92
130 255 509 90 634 118
19 654 292 8 857 80
775 49 41 452 17 266
16 853 24 565 81 60
134 172 465 519 458 21
442 3 417 143 295 499
332 253 201 173 508 62
397 90 215 30 63 497
2 669 298 155 662 77
442 304 7 640 95 90
603 46 20 242 99 2
234 49 648 442 16 5
3 374 37 5 121 654
204 333 419 87 467 309
534 36 378 54 429 81
254 692 36 64 373 227
459 10 521 577 108 238
241 427 158 198 428 226
34 643 47 327 360 132
335 376 25 14 906 76
80 8 279 525 162 85
257 138 205 476 95 119
103 209 312 337 65 40
153 106 493 93 132 574
18 397 56 165 83 133
38 146 454 347 457 89
123 422 360 298 463 144
402 301 88 642 98 35
276 195 323 63 53 827
179 208 521 891 2 59
57 777 74 329 161 126
587 156 184 382 134 172
128 244 390 60 512 248
336 96 270 450 88 99
178 125 435 141 385 217
252 270 252 88 579 306
277 415 284 107 131 195
419 72 422 236 660 75
141 686 137 205 263 301
210 220 215 105 118 521
140 553 8 214 376 243
264 160 198 409 215 160
351 431 198 544 283 36
129 356 174 294 294 198
520 131 85 158 320 198
98 339 515 605 63 52
319 125 321 262 599 11
480 370 136 201 240 379
507 278 135 565 12 296
684 12 93 626 206 128
275 241 220 480 61 387
108 183 30 388 252 119
193 192 349 295 138 66
302 304 274 172 499 272
333 318 93 21 155 377
232 114 225 156 116 183
378 46 374 160 539 282
82 715 8 274 99 183
517 252 195 394 34 480
9 39 525 258 184 28
461 80 225 72 461 384
67 236 469 162 302 331
486 8 180 268 261 187
173 425 83 121 292 511
267 116 482 766 99 21
165 97 30 90 72 362
243 489 251 350 109 86
128 322 526 485 50 414
402 89 153 64 331 241
369 4 98 89 236 208
192 92 200 489 2 250
307 259 348 59 351 485
93 123 526 210 362 301
293 90 194 101 597 213
613 76 47 39 218 710
99 168 121 15 155 803
502 115 0 10 31 381
8 381 100 81 209 135
160 286 88 531 297 61
447 215 286 295 42 542
273 244 454 168 324 310
12 3 846 169 126 669
397 272 258 251 113 68
81 480 205 37 596 290
259 5 149 62 250 334
388 203 158 269 351 240
149 130 389 199 506 164
8 3 393 535 131 69
197 54 75 506 34 337
456 25 10 352 120 61
350 275 60 216 461 101
52 192 591 123 123 232
201 4 123 153 149 90
303 433 49 209 221 146
650 201 97 246 59 263
208 83 198 578 85 322
328 136 137 463 135 36
84 404 423 43 542 321
399 165 82 12 266 681
502 1 168 533 124 153
125 113 631 241 36 364
208 94 653 477 179 265
373 67 25 277 130 465
348 220 23 0 798 192
291 131 370 78 691 89
211 168 271 143 22 561
148 109 427 175 359 366
668 60 250 325 153 351
532 394 27 222 532 189
491 111 61 92 55 810
605 128 240 347 96 347
90 72 733 154 119 236
351 454 151 253 137 552
41 320 411 178 354 161
480 156 103 257 423 140
70 430 422 184 304 86
125 357 427 76 268 131
649 35 158 188 395 75
624 71 260 370 135 483
454 210 188 65 123 616
159 50 134 88 218 573
450 81 2 540 76 124
230 116 450 27 302 580
184 45 212 18 278 335
471 390 51 278 226 168
307 144 124 141 376 381
133 432 157 579 20 276
369 292 50 207 330 407
231 186 335 164 421 288
30 243 23 112 215 46
641 50 130 211 65 641
147 424 350 466 355 54
63 321 548 14 948 30
254 35 664 17 52 509
297 304 79 108 234 101
363 199 2 1 103 310
288 41 614 166 121 238
289 360 11 113 36 538
761 116 92 151 233 608
220 568 6 9 287 139
1 244 515 76 10 827
84 317 293 83 311 558
29 541 328 269 37 218
478 345 64 275 176 297
14 328 199 16 367 413
8 597 385 450 38 218
204 290 342 464 339 15
310 356 0 558 26 385
489 61 374 117 211 652
588 57 206 219 407 18
314 57 7 734 5 158
239 162 28 180 265 429
84 10 320 91 368 55
708 2 109 203 7 492
586 160 187 873 57 3
589 22 120 62 46 721
183 318 375 190 547 74
8 495 323 382 238 63
139 108 562 123 236 429
277 17 58 10 207 561
208 227 389 279 83 221
77 50 309 302 184 65
89 0 219 85 492 236
2 75 293 174 45 526
239 373 158 86 319 113
148 387 316 155 484 156
131 107 160 186 138 381
135 348 496 81 146 591
367 103 132 501 44 212
174 617 4 274 14 272
266 54 333 346 276 252
579 56 12 153 300 347
277 258 406 690 165 119
189 210 508 292 251 81
195 470 334 614 9 193
663 45 177 246 228 146
406 30 462 10 373 174
604 11 53 44 365 289
133 176 176 246 143 44
656 259 20 158 81 449
115 4 105 218 231 160
216 383 5 119 115 516
713 79 16 254 176 314
224 41 182 354 190 416
354 163 218 803 53 128
404 10 186 94 522 344
29 88 850 136 131 396
297 378 20 155 301 418
131 21 527 210 205 88
170 79 169 575 149 228
190 147 134 254 43 356
29 147 641 505 198 296
66 162 394 194 111 557
53 312 326 79 130 418
179 227 200 309 41 15
423 63 84 281 200 92
282 552 155 50 537 105
178 302 264 175 470 332
277 538 126 292 15 287
9 514 385 165 586 49
488 68 233 119 271 594
419 440 114 443 379 61
305 3 398 157 302 399
184 354 183 560 212 41
246 185 422 463 403 8
101 240 319 217 154 62
106 182 683 52 92 744
154 61 65 379 3 208
547 215 53 210 164 291
129 523 10 360 210 394
54 327 349 363 252 279
319 413 165 386 59 82
631 64 268 239 589 137
257 508 153 361 385 27
106 105 385 98 209 682
168 286 323 87 270 121
354 523 108 271 590 66
31 118 610 66 85 559
287 190 514 489 232 188
276 59 117 298 570 72
558 14 308 65 154 560
12 388 561 719 57 102
219 108 65 590 73 145
347 135 125 9 135 501
138 116 442 207 660 29
267 139 532 273 306 337
129 19 464 172 176 434
122 286 142 325 430 91
56 311 252 172 280 428
200 21 6 346 286 71
191 514 132 240 23 90
343 367 33 180 394 144
334 217 23 122 1 845
606 35 233 270 141 16
180 66 703 91 586 60
162 254 509 226 43 549
595 141 63 144 487 313
48 269 144 233 459 103
61 727 160 410 174 235
98 81 333 482 115 39
329 24 124 317 273 22
194 73 541 59 278 439
161 490 217 196 561 153
501 35 381 91 202 168
309 587 19 190 10 360
334 100 403 112 72 222
47 478 310 7 661 126
74 43 810 240 204 112
314 464 78 855 109 32
379 233 256 237 125 363
413 241 74 395 247 161
201 506 158 216 77 178
287 22 534 10 28 351
213 99 618 644 93 68
322 496 26 287 172 233
221 233 266 223 293 193
275 69 48 38 23 477
9 11 553 445 78 254
642 16 102 796 114 72
189 15 517 307 522 75
161 346 93 59 31 370
508 166 191 106 123 139
533 113 281 318 450 79
554 327 24 448 252 177
273 335 309 741 22 124
210 33 105 80 86 231
438 405 93 344 48 99
67 243 360 86 236 191
235 347 124 95 178 503
426 179 50 237 166 496
388 67 379 61 93 531
138 365 210 644 191 61
410 395 145 264 245 379
171 624 0 205 272 388
694 168 13 409 178 132
408 199 122 647 147 107
399 31 388 166 212 524
425 53 75 385 139 242
480 441 69 245 615 65
334 96 543 571 152 188
171 726 65 667 105 136
177 212 108 22 108 695
76 73 224 162 226 10
130 463 346 432 79 462
243 605 62 529 264 179
104 599 98 228 147 97
60 370 393 414 273 213
67 171 717 73 600 3
13 732 108 587 279 81
589 67 10 43 155 414
147 646 78 88 338 372
120 98 105 67 218 314
343 147 38 426 110 405
22 200 770 125 416 204
121 267 474 221 233 48
70 398 124 116 531 262
225 0 136 328 604 32
273 159 48 888 11 65
381 323 106 40 426 13
86 394 105 285 77 465
251 57 171 142 358 170
75 288 190 62 196 605
192 443 114 52 86 443
664 90 31 880 27 2
329 149 245 514 384 63
824 48 36 512 307 91
208 469 120 346 142 470
189 59 377 58 325 332
114 566 212 164 207 292
268 357 23 250 4 421
331 288 346 217 100 173
349 161 152 31 338 585
188 228 431 294 293 62
126 356 366 235 168 396
144 365 83 107 350 226
274 97 444 53 557 77
19 66 556 353 196 392
466 179 214 435 77 183
186 265 378 684 51 51
47 425 70 72 43 37
50 139 279 110 574 67
648 77 47 736 126 2
476 240 260 384 34 540
70 305 286 148 290 51
133 40 754 40 64 882
414 183 188 518 321 36
139 634 51 237 161 411
213 696 15 55 14 319
237 689 56 121 49 88
583 340 8 157 89 607
101 83 303 687 191 92
296 196 457 426 250 254
325 145 448 525 96 280
296 620 68 162 94 15
288 107 280 160 336 433
72 2 507 76 10 121
351 76 457 94 132 725
463 101 93 552 77 35
68 182 510 449 22 47
303 396 10 255 493 49
248 394 264 182 557 251
323 286 12 140 363 449
248 457 152 295 151 184
395 84 456 105 13 800
382 2 238 65 142 638
124 282 277 476 194 78
47 94 593 91 83 496
108 97 319 420 111 143
192 8 542 72 427 150
139 34 807 22 217 460
551 323 32 250 243 506
189 99 573 260 518 137
491 6 459 501 153 4
203 229 7 301 228 62
40 299 204 205 220 419
144 215 607 43 640 48
271 275 279 547 400 30
713 5 56 326 243 391
113 180 286 97 56 134
385 465 121 81 238 103
235 574 51 531 70 364
320 134 391 589 182 89
7 231 117 60 343 127
54 476 326 99 192 489
416 295 238 102 353 180
306 5 107 147 90 455
52 33 505 14 130 614
334 190 418 212 51 289
202 483 67 180 232 203
501 91 254 204 357 285
100 695 23 239 261 243
65 763 111 241 309 79
246 421 109 434 89 197
138 299 152 241 560 119
287 344 94 612 252 57
43 179 700 164 167 231
285 0 442 721 25 44
428 80 379 72 276 530
341 141 149 233 95 294
269 33 583 195 301 452
291 9 7 209 341 398
354 565 9 461 18 456
47 738 131 553 125 25
100 606 203 127 342 243
57 63 406 83 56 499
250 611 11 324 195 44
297 65 418 68 309 318
8 587 53 417 184 301
196 716 83 338 217 187
172 30 692 159 358 446
84 698 182 481 86 313
351 374 145 195 193 250
60 665 237 409 418 4
71 248 496 504 106 160
76 476 7 268 29 449
229 623 83 355 487 131
296 58 642 580 63 83
452 99 171 692 43 97
380 120 199 426 97 146
265 424 67 399 108 474
20 258 447 12 459 380
336 252 281 555 132 274
178 61 127 138 322 504
83 186 455 8 82 343
351 97 412 37 283 398
30 477 388 146 64 47
478 197 72 812 60 81
424 44 412 49 9 430
242 74 243 144 299 455
70 223 168 394 366 228
72 17 54 40 142 318
192 479 37 747 49 101
28 388 49 63 366 382
336 399 16 297 118 552
139 11 449 715 157 46
343 269 206 516 245 199
305 303 67 23 64 573
166 12 683 29 509 71
23 487 32 92 123 782
463 292 212 545 250 41
174 528 13 134 2 85
46 2 951 563 183 232
119 341 323 269 648 40
23 677 176 98 241 471
671 33 122 625 196 16
684 50 154 293 50 345
203 5 244 391 392 20
282 314 2 570 419 8
190 327 359 303 305 232
71 276 245 76 405 211
222 108 328 579 112 303
519 418 61 45 466 52
118 183 430 29 364 203
61 344 467 92 33 471
446 23 168 519 185 118
519 48 192 248 555 147
254 484 185 300 67 254
36 76 429 366 332 238
79 389 13 146 432 34
124 417 210 159 19 131
5 3 290 91 298 301
15 312 185 246 331 71
217 48 5 108 74 778
694 80 52 487 53 339
266 345 34 171 765 38
164 57 757 586 263 55
217 10 407 314 4 17
821 124 7 536 19 198
117 34 524 651 69 121
51 513 115 4 513 328
93 113 242 377 109 107
7 175 431 688 44 207
173 529 23 554 44 147
132 473 79 162 684 7
106 199 55 303 314 30
95 337 366 245 110 417
136 331 26 360 245 10
85 362 450 123 241 317
48 92 325 84 502 91
140 489 30 622 201 27
307 103 298 134 428 127
264 618 25 399 36 17
630 176 30 263 5 228
255 107 213 648 279 1
346 39 12 104 401 232
347 312 306 42 218 374
41 318 458 132 55 675
420 355 93 31 130 720
137 564 159 124 303 363
614 71 138 242 143 580
64 848 33 366 285 22
176 402 18 45 421 259
112 226 279 110 254 398
159 362 284 115 295 70
115 484 113 38 466 267
396 48 389 186 348 154
153 14 239 570 18 80
15 631 16 626 238 27
174 650 118 422 178 344
54 207 498 635 76 36
305 315 225 383 126 411
356 153 490 21 444 283
124 229 617 245 213 214
383 30 266 540 10 395
179 562 57 295 535 134
156 370 221 70 585 123
75 379 400 125 506 127
157 150 416 174 190 329
423 106 348 273 141 454
320 329 149 455 215 170
210 196 192 60 337 8
487 142 343 129 311 450
207 485 57 238 73 316
24 212 641 584 341 22
618 158 125 155 311 53
112 625 83 285 48 10
227 557 31 111 183 622
5 887 93 622 193 39
62 252 56 406 146 26
221 169 81 0 160 212
262 261 42 94 201 583
409 123 46 38 446 171
139 213 95 125 274 128
485 277 118 320 18 164
468 106 206 98 111 264
658 97 98 30 452 459
251 4 737 156 292 508
264 228 390 172 375 178
328 183 456 153 34 112
83 340 127 51 124 379
55 168 268 192 242 99
9 440 311 31 311 234
167 351 459 352 172 157
609 81 283 193 619 105
159 269 326 217 265 79
410 261 129 126 60 269
103 96 225 281 374 80
283 20 156 21 120 452
115 243 238 295 26 568
497 424 29 129 305 564
126 112 196 45 612 35
105 122 591 74 724 73
174 343 21 447 27 514
12 185 662 231 51 394
362 79 220 320 146 185
315 284 367 328 232 1
87 170 247 152 388 138
437 377 5 146 71 220
34 925 19 49 162 729
79 769 51 138 252 45
451 137 196 160 694 21
802 80 75 324 57 42
20 777 137 246 178 238
255 105 390 762 41 38
227 120 89 165 256 561
147 11 713 182 20 348
28 184 760 247 574 44
9 539 305 292 275 411
270 338 121 495 296 33
211 223 80 254 16 566
125 717 130 324 548 106
274 223 51 176 367 45
715 100 166 562 65 93
66 231 360 86 464 306
103 164 203 71 253 518
208 148 556 82 843 3
178 244 434 341 32 391
195 152 187 240 287 74
210 90 624 345 87 186
639 51 285 357 169 174
106 36 805 89 8 587
576 136 236 27 311 640
128 51 331 151 599 199
19 640 324 273 44 453
542 77 189 272 297 429
229 220 29 305 382 49
205 77 228 137 354 388
287 421 39 41 142 580
246 389 164 160 13 17
203 219 259 458 69 276
457 258 200 109 348 419
484 12 158 460 104 391
311 214 68 384 34 382
498 66 254 187 318 387
58 286 89 188 105 197
672 277 28 68 472 424
661 8 175 403 19 574
501 98 159 138 397 441
121 43 435 366 341 76
710 8 148 701 189 105
309 72 191 621 38 63
276 369 135 163 136 412
520 456 14 310 445 89
120 469 29 43 81 475
547 147 14 389 50 13
87 379 264 247 364 180
249 31 606 428 171 232
58 222 469 229 167 109
273 69 173 174 294 3
244 436 126 269 128 500
251 236 52 175 401 227
216 182 43 122 146 16
59 504 397 335 404 73
665 137 162 559 22 35
247 200 186 376 178 433
46 571 180 143 47 684
202 210 323 712 53 9
240 402 217 47 398 511
87 83 788 503 82 124
213 221 512 482 432 66
107 318 562 588 276 136
137 568 128 451 76 448
69 500 399 426 29 97
238 366 276 480 157 23
488 180 243 141 186 189
298 248 394 41 321 279
328 442 117 81 290 590
211 109 328 343 288 301
45 271 71 80 39 519
34 401 445 28 436 126
133 283 214 156 4 166
52 43 271 292 316 220
387 469 27 936 20 5
163 60 656 417 363 148
93 215 336 396 543 12
240 165 160 105 99 332
316 384 257 277 209 119
359 159 239 170 381 303
430 416 105 443 495 21
187 141 458 53 663 133
327 291 42 4 273 139
293 59 546 129 180 685
166 46 271 755 177 58
84 146 310 402 101 7
452 254 261 21 59 829
175 99 49 134 343 246
28 685 54 208 15 488
49 396 36 398 332 134
564 140 56 554 310 2
320 120 284 705 5 238
305 188 252 483 254 126
622 97 260 336 155 81
334 446 0 357 119 199
250 16 19 194 116 569
575 0 295 565 151 243
88 391 303 286 3 208
356 87 448 123 354 197
385 424 117 48 467 146
270 408 257 756 48 143
350 76 536 505 112 371
191 653 141 185 229 459
153 463 221 2 52 732
502 315 4 144 564 284
281 78 49 127 340 464
122 670 171 331 353 176
209 11 155 127 382 140
429 160 382 174 50 194
254 280 352 431 173 188
318 81 272 72 168 175
142 470 286 178 469 292
47 119 430 613 203 11
177 301 256 234 264 276
199 37 494 5 567 335
134 56 71 103 474 29
86 418 249 541 57 141
171 195 54 46 213 503
157 269 164 105 318 17
63 479 72 179 272 244
158 795 47 676 32 120
520 12 138 137 245 279
457 242 152 222 687 10
135 102 95 185 185 439
200 147 234 699 48 74
133 606 233 93 422 157
7 705 209 53 384 346
405 496 57 412 53 495
302 241 73 46 236 365
200 93 108 117 461 310
142 113 522 250 359 88
157 750 60 192 490 189
833 41 111 172 429 315
80 271 289 248 190 368
236 216 329 466 136 233
369 200 312 231 102 536
154 64 348 258 360 38
115 0 554 317 159 103
184 73 713 430 251 137
274 45 661 16 451 315
210 299 316 539 174 99
270 18 42 37 205 757
260 6 185 263 198 138
62 69 122 117 80 225
317 358 252 623 81 113
105 621 220 97 125 119
132 89 247 262 84 606
136 176 20 31 672 200
351 67 522 433 107 50
652 254 82 676 49 26
370 67 244 131 355 370
254 346 10 461 276 184
39 371 7 81 505 206
61 612 120 782 129 10
352 337 247 489 144 128
325 238 416 210 129 151
208 408 245 233 373 365
318 476 142 252 216 297
216 42 435 16 509 457
233 116 62 297 554 34
136 199 477 230 272 397
3 470 482 219 403 94
81 58 330 286 159 218
124 461 305 99 176 237
327 62 412 29 863 11
124 109 64 209 170 484
308 296 146 9 701 163
111 85 224 27 684 175
332 117 135 161 33 310
788 52 115 374 405 118
222 189 145 366 220 107
750 211 21 264 16 192
596 17 303 542 322 13
505 139 101 163 158 539
41 665 191 265 598 65
58 494 184 111 587 128
156 74 345 12 62 188
164 381 245 97 353 262
112 151 243 37 421 108
101 391 242 260 569 59
129 257 317 291 419 233
16 95 549 534 414 44
207 54 520 180 308 411
396 82 513 158 733 77
380 44 39 512 369 25
37 156 660 184 115 250
259 458 267 628 78 263
58 8 273 256 188 275
221 659 49 333 24 636
299 150 273 91 608 292
194 116 577 296 28 577
376 16 238 108 416 11
417 4 393 313 100 572
17 237 314 141 328 20
206 65 361 182 158 292
242 19 690 556 120 88
571 57 7 87 109 631
216 141 205 58 502 243
446 236 19 415 166 158
119 220 600 175 420 143
131 20 103 111 636 97
680 193 70 584 13 246
164 179 488 180 509 112
766 15 46 3 156 651
107 326 294 566 40 274
38 185 107 80 556 196
432 191 279 647 155 160
12 80 847 21 75 270
826 36 86 491 367 104
449 272 13 9 474 113
39 672 251 161 293 284
107 119 529 398 21 513
349 37 322 241 61 273
449 77 318 237 51 284
342 84 292 315 423 183
128 574 187 10 689 233
242 87 614 288 360 273
137 158 663 103 74 489
271 118 335 57 772 103
569 227 179 287 164 469
4 199 495 480 297 155
664 8 43 4 741 76
12 584 150 90 38 483
130 91 245 60 499 140
4 353 442 196 709 2
346 27 303 358 480 115
736 88 14 289 213 206
130 486 259 72 244 496
248 309 365 482 3 280
78 134 251 166 152 194
73 226 189 685 301 6
231 259 212 2 97 731
185 743 36 169 179 136
500 216 90 414 27 142
220 231 313 167 124 649
249 299 140 160 427 27
645 109 144 236 351 148
74 798 61 515 110 144
158 315 42 50 305 557
450 339 191 169 125 260
359 225 345 679 65 28
101 375 19 126 66 643
415 38 209 204 532 26
75 182 487 224 465 44
352 65 271 10 493 409
450 74 323 951 20 22
312 206 134 731 98 124
113 366 164 543 155 172
575 339 75 93 34 625
477 217 121 51 705 141
30 705 174 407 495 25
15 99 852 135 356 259
345 61 491 249 116 491
720 190 44 122 362 268
339 502 123 348 263 244
200 374 42 330 130 271
93 67 221 331 521 144
116 510 211 126 98 427
5 85 641 107 771 59
146 481 295 91 181 305
233 98 637 17 528 74
15 840 38 35 467 75
173 400 419 15 99 629
549 76 319 542 16 214
50 81 776 518 46 139
165 649 145 391 365 62
26 667 68 425 181 383
445 353 175 21 456 260
70 438 358 152 268 79
441 245 209 390 12 577
373 225 255 195 395 307
