25 100
J 204 432 205 472 358 48
B 380 462 100 307 387 241
B 713 3 264 35 139 346
J 265 383 97 47 405 70
B 378 347 146 1 63 759
B 227 39 531 32 446 485
J 25 451 267 446 235 140
B 116 7 309 61 628 59
J 46 183 557 104 124 322
B 1 49 831 63 717 137
J 400 193 244 530 156 160
B 100 51 142 759 122 45
B 571 365 36 308 454 195
B 392 12 329 9 174 803
B 353 63 375 269 654 12
J 89 838 52 265 87 516
J 69 779 133 6 205 281
B 493 129 58 172 397 154
J 160 276 312 389 187 275
B 609 283 78 156 126 465
J 105 175 643 90 54 638
J 153 73 311 251 201 74
B 355 281 88 106 639 74
B 119 246 327 263 267 363
J 90 236 185 207 139 209
161 173 483 192 359 79
256 497 157 276 28 460
438 472 46 71 14 700
27 104 363 773 17 98
67 646 183 216 298 125
284 116 75 457 413 113
32 9 282 264 69 184
244 142 323 203 563 11
280 632 88 243 266 360
129 147 434 25 326 529
308 278 289 191 335 149
195 112 578 540 206 175
405 94 328 154 336 262
162 26 506 487 281 40
82 75 680 89 561 271
27 117 265 365 139 200
393 31 327 302 368 308
12 338 167 49 37 329
349 108 234 113 179 92
42 105 383 211 179 377
173 145 364 109 287 81
471 111 318 67 78 675
56 100 783 272 577 92
71 237 284 297 574 78
188 109 393 69 443 30
126 258 262 194 192 13
120 23 736 172 409 363
285 223 31 13 495 130
330 81 502 573 321 54
400 75 48 580 203 202
21 13 727 194 167 237
136 345 214 505 283 40
248 109 10 212 209 71
48 162 376 311 105 571
49 728 35 215 124 642
402 199 361 144 282 114
108 84 700 66 22 740
14 539 37 223 345 424
177 127 417 235 226 516
281 165 231 349 269 49
164 127 478 12 657 207
137 480 63 112 1 522
103 222 335 468 447 66
190 383 206 154 642 171
195 21 100 669 89 212
157 74 474 35 74 359
46 267 580 226 80 234
237 199 71 92 63 251
523 69 118 665 87 194
303 241 6 91 246 269
103 116 323 291 83 307
181 242 17 49 440 291
126 405 216 230 135 87
26 411 253 74 70 430
416 359 219 81 217 679
148 78 252 297 619 7
155 83 470 181 590 151
62 204 525 384 486 103
169 522 271 141 168 511
38 142 712 1 472 124
60 284 419 16 257 419
27 555 55 26 625 59
46 500 438 89 154 441
107 305 337 463 211 287
393 305 280 525 158 19
287 225 450 434 52 465
62 84 552 424 317 139
388 328 199 670 179 87
771 123 85 108 48 564
128 243 271 292 408 206
153 179 355 78 194 526
324 228 107 97 244 11
287 79 436 173 235 443
281 374 126 150 79 289
157 256 130 86 341 282
204 361 159 548 157 79
192 297 165 236 107 621
119 167 347 190 247 263
405 145 204 139 9 152
239 569 160 137 81 702
430 141 326 5 149 799
90 228 475 117 652 27
423 167 105 648 103 8
44 286 178 235 371 353
54 516 392 242 77 569
249 521 12 28 342 181
67 20 825 309 74 331
542 130 27 425 227 83
141 392 62 575 167 88
219 36 228 449 59 468
108 205 525 574 231 61
339 144 127 739 64 112
512 120 304 601 186 144
807 60 123 696 235 23
317 78 536 18 617 158
451 310 73 196 173 286
87 139 167 867 20 48
187 56 368 215 301 382
73 355 204 25 756 179
118 27 249 186 1 89
