47 121
J 92 96 534 72 190 204
J 261 113 133 94 444 39
B 26 145 242 62 157 446
J 376 250 62 230 270 411
J 357 117 240 357 162 122
B 36 199 301 57 146 586
B 119 685 18 356 387 60
J 664 221 79 625 129 59
J 670 142 39 348 563 43
J 105 664 223 97 314 356
B 255 444 221 347 43 69
B 214 416 322 221 105 321
J 537 202 229 324 439 77
J 390 95 241 156 303 407
J 498 269 230 166 533 275
B 180 571 8 316 282 317
J 124 196 352 88 491 282
J 440 327 92 159 354 153
J 718 48 186 546 101 348
B 341 3 266 361 150 237
B 313 363 160 384 65 130
J 286 217 459 252 288 441
J 435 190 358 246 174 314
J 288 402 227 93 143 319
J 532 199 205 405 57 473
B 19 260 653 62 374 80
B 129 172 424 271 436 182
B 131 118 121 255 416 142
B 79 336 519 131 306 532
B 116 415 268 243 183 558
B 302 298 53 374 271 152
J 699 74 72 215 46 530
J 446 74 179 269 14 265
J 32 70 631 16 196 536
J 349 366 139 326 83 250
B 407 53 64 691 229 78
J 278 272 139 174 106 85
B 461 15 263 537 117 290
J 292 148 516 171 428 37
J 150 381 415 37 23 598
J 537 288 36 275 514 62
B 59 557 367 172 297 48
B 288 218 242 432 93 334
B 171 282 233 325 423 164
B 204 360 368 303 104 141
J 413 224 8 407 144 12
B 415 17 83 735 207 43
80 523 246 38 481 209
412 270 165 280 70 61
220 240 477 102 11 866
320 160 406 256 34 496
61 593 260 232 351 247
222 86 256 475 263 142
577 153 97 301 112 210
107 368 353 49 380 289
410 327 74 347 222 217
323 292 379 107 162 219
207 389 58 446 78 328
123 436 348 82 7 71
251 396 0 690 79 52
325 53 170 176 153 194
195 19 712 127 98 744
245 435 272 123 226 207
232 171 552 798 56 106
547 160 52 367 115 141
149 624 91 104 323 510
167 158 376 432 23 155
163 297 78 147 55 580
113 144 382 210 41 326
99 324 224 123 833 19
386 141 145 196 114 369
172 90 642 359 153 121
125 632 170 108 696 68
208 37 382 229 79 392
88 676 56 74 194 127
124 8 418 418 214 212
223 568 44 651 47 169
174 201 550 380 57 543
42 515 422 65 406 223
386 321 260 281 586 131
101 404 167 154 299 86
413 185 369 146 164 357
251 243 215 235 75 68
355 542 43 365 116 453
155 38 723 114 356 408
200 156 604 143 47 330
604 35 58 433 71 77
432 352 194 421 106 403
127 310 205 200 3 458
676 202 90 250 184 423
308 88 80 268 9 182
546 138 240 860 1 136
253 8 322 255 235 227
208 320 206 190 165 8
157 25 481 80 146 204
100 309 499 129 221 117
195 102 94 306 318 369
391 149 170 186 238 63
100 21 416 266 221 146
208 383 351 629 131 126
659 168 87 465 99 146
309 122 21 511 120 145
43 418 502 124 398 8
185 423 214 384 152 216
459 456 1 147 212 105
124 292 259 49 293 550
157 386 206 296 125 303
10 461 506 48 378 156
658 69 194 358 168 445
110 324 13 94 597 206
192 77 40 382 64 213
443 441 37 203 100 120
105 14 621 59 625 161
241 226 298 135 366 289
108 0 728 272 216 123
209 261 5 129 282 385
163 219 433 180 375 193
168 195 484 80 21 497
104 258 628 307 219 210
278 244 143 209 128 77
276 320 377 314 350 255
232 83 142 182 166 386
14 602 321 30 42 336
391 198 99 291 117 139
66 150 90 27 335 212
63 103 353 203 36 48
431 335 153 430 43 133
195 10 414 266 39 314
237 150 608 88 101 487
444 329 13 183 372 118
207 527 93 259 475 184
262 35 528 191 401 205
759 51 80 477 220 117
259 405 65 541 35 417
301 353 46 165 262 99
77 552 327 257 573 40
113 103 301 147 139 581
245 9 294 76 308 307
203 558 234 475 57 130
216 280 440 189 487 30
110 24 3 40 202 677
236 44 308 603 244 4
245 470 161 228 278 251
102 707 163 296 203 112
125 746 124 300 142 536
159 457 351 159 67 316
84 816 42 55 377 116
110 194 471 190 13 746
428 361 194 324 316 250
202 568 196 525 293 17
331 405 90 412 112 43
93 361 62 37 728 137
266 252 429 102 336 529
694 48 212 267 16 314
432 132 174 317 207 174
531 80 181 292 37 584
171 373 185 158 661 173
64 145 631 74 465 452
17 591 330 74 310 201
21 118 613 108 306 27
328 468 125 446 28 434
256 119 175 419 146 96
340 227 28 350 367 149
399 219 166 264 358 37
390 21 179 318 156 491
231 440 90 138 103 649
365 478 140 109 370 341
174 711 101 141 531 104
