300 2000
J 72 543 8 777 76 1
J 226 10 422 275 111 322
J 416 197 262 358 526 103
B 280 457 3 83 787 9
B 54 454 145 320 161 450
B 23 492 312 18 503 474
J 238 32 539 251 455 29
B 256 503 107 392 431 125
J 270 318 221 182 160 242
J 199 197 351 313 473 35
B 60 237 593 239 63 685
J 298 436 180 91 566 95
B 538 90 80 201 561 56
B 307 89 175 3 5 520
J 139 106 607 57 114 399
B 8 469 421 224 53 634
B 357 278 146 31 515 150
J 226 247 430 430 242 258
B 389 221 343 119 292 496
B 38 483 139 0 33 752
B 380 112 131 73 469 207
J 31 711 67 236 42 199
B 101 52 443 95 251 606
B 80 753 110 65 172 414
B 195 239 114 41 490 272
B 492 47 126 338 153 271
B 145 315 14 161 235 71
B 294 379 132 197 0 412
B 163 207 114 356 19 313
B 466 172 236 127 163 436
J 11 454 51 117 223 14
J 40 57 873 5 266 208
B 0 781 76 112 41 552
B 424 31 374 14 496 313
B 731 156 85 424 58 417
B 39 147 225 103 35 511
J 339 159 367 408 16 341
J 161 377 399 41 227 394
B 489 429 77 87 137 243
J 66 770 91 737 136 79
B 389 35 254 381 382 180
B 361 512 53 128 60 772
B 269 423 230 151 172 556
J 134 206 106 11 325 70
J 32 203 602 19 201 445
B 502 376 91 346 447 101
J 70 153 671 82 171 589
B 644 180 104 178 148 524
J 31 904 64 262 283 80
B 285 128 273 227 359 343
J 438 107 317 669 73 32
J 92 164 447 31 273 256
J 46 143 599 306 655 16
J 312 174 473 112 74 443
J 2 137 677 269 688 7
B 22 325 312 66 345 375
B 229 341 316 187 41 649
B 230 149 169 14 166 526
J 362 159 222 635 142 170
B 95 73 162 38 889 46
J 610 30 260 515 294 88
J 265 115 346 215 688 50
J 31 477 210 31 886 39
B 93 382 4 207 530 22
B 179 82 155 298 338 126
J 41 139 371 499 121 262
J 256 29 387 286 62 162
J 144 87 424 379 182 168
B 32 202 360 23 135 706
J 82 1 670 27 557 173
B 120 81 601 130 179 665
J 85 409 240 404 214 255
B 464 162 22 293 64 173
B 487 210 128 296 287 285
J 237 355 187 397 128 225
B 319 496 136 49 581 232
J 151 279 479 35 379 200
B 63 391 19 115 526 125
B 367 517 83 60 0 699
B 620 281 52 132 524 340
B 156 113 96 686 205 0
J 809 5 180 97 528 71
B 217 76 333 70 228 410
B 234 261 89 123 493 351
J 123 354 37 90 16 84
J 467 305 34 437 148 90
B 258 384 113 107 241 266
J 10 139 146 520 13 0
B 248 186 444 261 180 541
J 10 292 368 353 30 104
B 266 472 86 273 411 238
B 365 19 255 27 487 297
B 399 137 144 77 441 349
B 62 340 30 542 31 311
J 150 116 626 793 37 155
B 648 164 33 284 50 443
J 209 662 96 89 90 161
B 268 413 46 397 231 242
B 193 600 90 397 4 376
J 334 178 236 208 607 69
B 230 145 46 440 513 9
B 248 480 145 131 205 484
B 400 286 219 279 423 297
B 421 10 115 452 7 169
B 80 284 146 132 262 459
J 197 103 634 116 331 260
J 129 68 580 384 69 410
J 581 50 315 414 185 157
J 469 190 272 175 587 129
B 336 480 42 373 338 166
B 88 5 199 194 590 203
B 53 190 48 464 35 182
J 103 344 497 149 368 165
B 410 485 63 44 266 305
J 21 429 398 180 413 305
J 114 263 474 559 112 208
J 43 109 474 182 416 101
J 244 200 407 191 427 33
B 190 282 328 2 676 221
J 528 153 219 762 120 2
J 105 159 601 180 477 102
B 565 68 149 26 570 270
B 198 88 148 550 155 188
B 46 758 7 110 346 146
J 282 608 81 278 249 42
B 332 209 174 4 367 199
J 88 124 665 269 106 205
J 346 216 340 242 675 30
B 629 198 150 160 452 289
B 141 387 304 352 258 357
B 415 498 46 99 625 61
B 113 421 57 56 585 122
J 356 102 389 128 625 27
B 734 67 30 388 300 44
J 23 366 455 546 221 59
B 872 63 10 5 810 3
J 236 178 550 105 241 512
J 58 55 454 334 214 305
B 90 146 443 49 55 532
J 31 750 162 440 418 140
J 135 231 457 311 227 343
J 149 96 524 343 315 258
B 8 751 121 253 69 543
J 65 180 547 74 708 70
J 139 40 609 14 571 82
J 408 332 190 87 400 160
J 237 536 204 679 130 163
B 163 242 169 390 148 276
B 128 357 93 306 229 177
J 1 248 204 499 417 70
B 137 205 115 615 78 200
B 248 378 64 234 115 557
J 4 122 726 397 20 464
B 338 183 142 347 18 248
B 19 738 21 168 136 476
B 198 393 241 195 201 476
J 282 113 476 305 347 181
B 226 464 16 459 106 416
B 57 628 105 72 109 494
B 161 269 303 60 50 537
J 192 39 677 470 16 494
B 69 401 316 284 58 601
J 69 740 4 741 51 146
B 108 26 257 130 43 291
J 196 552 115 527 275 146
B 185 148 42 33 436 72
J 106 795 49 37 258 171
B 137 745 94 417 140 365
B 301 348 10 221 26 346
J 365 209 324 388 20 386
J 158 259 452 596 162 125
J 137 240 496 102 631 88
B 156 129 546 110 113 640
B 191 597 4 309 173 215
B 269 232 41 235 601 18
B 55 209 235 527 75 300
J 335 20 376 624 63 183
B 131 380 303 110 385 435
J 373 43 496 158 514 109
B 94 132 178 400 315 265
J 184 442 361 122 769 30
B 270 560 81 149 93 541
B 695 27 278 38 420 429
B 201 498 190 128 5 533
B 581 211 149 193 42 704
J 534 103 247 173 456 47
B 401 116 189 112 44 764
J 528 106 338 250 218 189
J 109 85 788 347 57 327
J 41 223 724 501 27 298
B 101 442 220 25 321 567
J 263 71 307 301 315 16
J 161 380 244 647 162 144
B 293 45 291 31 232 501
B 80 137 118 414 560 13
J 155 514 286 334 417 67
B 823 100 16 360 103 106
J 52 114 667 491 251 134
B 35 230 479 172 241 501
B 52 477 45 206 255 496
J 65 257 492 303 141 398
J 130 173 561 127 131 243
J 117 25 474 199 482 155
B 27 798 89 91 416 445
J 224 314 430 279 232 357
B 430 119 78 112 475 105
J 21 654 284 436 130 393
B 230 311 212 156 248 430
J 9 501 45 223 300 35
J 326 378 92 10 77 68
B 759 34 112 86 45 420
B 142 81 284 333 193 472
J 183 86 723 166 103 218
B 527 34 240 132 275 446
J 192 710 83 585 188 8
B 266 76 462 43 4 847
J 119 9 868 77 452 321
B 4 156 310 61 19 693
J 168 257 265 637 277 34
B 608 217 0 200 465 30
B 251 525 56 154 42 396
J 505 109 298 74 19 244
J 209 58 435 81 384 185
J 266 134 409 435 175 248
J 92 187 504 31 35 391
J 146 99 516 62 542 170
J 203 86 671 372 60 221
B 271 137 420 6 263 473
B 22 172 215 182 150 646
J 225 138 297 536 156 231
J 357 165 199 88 362 109
B 243 281 320 14 5 485
B 270 349 158 89 582 271
B 138 412 315 45 569 282
B 451 304 38 162 199 462
J 139 384 297 837 113 17
J 570 281 73 55 194 34
B 742 112 16 65 88 123
J 294 421 207 533 227 34
B 442 210 209 20 225 439
J 41 235 351 151 385 279
B 301 413 281 205 100 592
B 63 502 45 30 780 47
B 73 656 195 370 100 461
J 47 216 680 441 165 312
J 259 149 352 116 674 49
J 317 173 427 552 208 45
J 29 558 310 302 190 342
J 304 235 153 254 350 22
B 421 119 86 12 668 70
J 427 122 17 357 0 60
J 192 415 248 464 150 100
J 78 131 639 605 44 232
J 453 392 120 103 393 94
J 388 16 415 35 312 311
J 835 114 11 267 72 52
B 502 185 205 126 252 525
J 68 438 475 415 51 309
B 75 90 89 633 30 134
J 26 518 453 125 555 54
J 35 60 320 626 158 59
J 171 148 340 557 350 47
B 405 310 5 304 216 251
B 434 267 277 78 15 862
J 431 335 193 233 158 151
B 528 2 186 216 410 102
B 315 107 174 120 315 280
B 2 467 150 366 296 310
J 138 122 498 256 431 179
B 430 56 330 54 503 387
B 143 99 122 282 601 84
B 221 248 432 84 176 619
B 242 376 36 825 35 107
J 117 283 260 333 158 122
B 217 253 269 269 206 523
B 371 251 21 331 77 132
B 416 137 32 278 560 96
B 86 49 305 63 342 451
B 339 257 23 664 143 63
B 74 450 222 36 341 602
J 191 27 737 282 25 687
B 95 284 147 86 57 331
J 184 14 562 248 245 277
B 111 394 76 34 458 374
B 3 524 213 78 498 308
B 309 408 79 353 152 200
B 328 510 154 6 255 709
B 238 332 129 120 222 325
J 33 232 660 52 380 454
J 78 710 143 293 573 16
J 341 278 327 226 213 322
B 198 392 237 155 128 623
B 228 692 68 175 160 421
J 107 62 514 179 43 312
B 75 468 37 151 491 89
J 132 624 75 427 360 31
J 92 510 306 224 603 0
J 190 281 488 7 78 521
J 374 130 422 148 730 85
B 191 234 195 501 247 208
270 33 113 50 575 156
259 448 222 44 55 439
387 321 164 55 498 259
292 47 385 444 146 354
37 617 243 248 592 86
116 339 237 134 57 787
536 317 123 107 671 12
86 844 21 510 345 33
18 50 809 44 37 398
89 637 29 176 75 696
210 411 193 130 321 102
527 33 65 484 182 299
217 673 52 405 152 13
156 444 298 145 245 292
88 471 137 227 67 605
515 6 185 507 68 253
2 110 508 224 125 403
629 16 331 98 117 207
314 29 106 257 30 109
228 140 102 270 197 322
65 493 384 171 155 661
193 140 448 159 94 222
382 484 97 396 466 71
251 379 310 104 52 237
551 242 29 542 34 177
48 697 136 650 182 144
24 337 38 214 82 118
317 68 411 166 318 225
148 597 170 5 76 700
79 277 33 355 526 11
67 39 498 432 222 294
136 80 112 304 612 54
853 96 40 164 258 18
137 640 127 122 371 372
0 378 194 400 269 62
378 78 297 827 88 6
1 505 111 465 387 130
263 76 564 68 717 34
134 14 838 363 173 270
8 278 356 141 314 220
299 353 176 487 375 35
43 213 104 0 120 178
460 139 169 783 49 131
153 389 109 346 189 153
192 95 363 209 373 237
26 505 448 345 120 166
64 204 323 247 399 342
403 185 16 82 469 14
160 728 88 61 183 70
193 214 199 238 23 400
379 218 96 56 83 547
298 216 375 240 408 101
259 733 1 117 440 22
73 323 350 103 406 442
100 242 646 19 154 249
140 361 336 524 52 266
446 83 470 105 688 116
6 708 188 511 234 34
388 174 249 180 261 149
621 176 104 42 213 451
319 494 11 252 402 119
563 31 207 112 444 178
51 453 65 192 548 101
112 328 329 137 244 412
324 354 167 190 125 113
192 344 366 268 186 281
248 607 31 370 420 135
652 188 53 33 172 296
396 203 392 26 26 576
168 103 313 820 27 111
31 337 583 80 20 586
431 423 68 326 463 190
28 448 326 154 203 131
453 122 418 509 101 101
290 478 209 26 657 56
22 205 171 242 329 299
81 652 182 114 202 199
47 21 849 110 230 242
123 677 111 828 107 17
33 217 617 36 305 610
655 137 117 1 664 242
65 47 492 382 344 32
152 415 266 184 211 179
239 380 126 69 176 289
142 594 109 283 163 194
103 70 453 5 255 330
102 501 361 261 150 166
434 21 153 137 444 255
477 355 19 317 31 36
530 184 243 427 323 89
367 304 30 221 48 139
112 138 82 752 99 147
13 426 315 442 200 108
102 327 312 163 219 59
96 133 717 226 571 203
226 8 286 246 185 453
331 269 42 96 48 68
862 94 33 219 16 352
116 649 153 37 317 422
78 373 151 53 500 381
112 339 110 556 32 25
299 252 178 553 105 175
676 75 69 299 324 251
206 175 47 69 181 152
424 160 376 27 45 640
526 256 153 79 403 311
167 488 12 466 322 48
219 354 49 365 26 342
609 259 36 606 174 106
193 174 372 17 223 668
317 71 96 208 42 279
0 527 228 378 503 91
102 146 380 513 27 144
308 177 153 349 68 423
274 30 125 404 57 381
102 415 182 148 401 379
418 7 131 795 8 92
438 480 65 117 574 190
217 529 5 281 197 497
646 63 200 222 399 238
76 233 354 156 474 339
305 148 510 69 443 336
445 135 71 154 174 367
89 358 180 267 58 204
158 442 53 189 310 154
169 408 153 396 9 364
335 515 104 579 13 282
305 248 229 29 629 77
453 490 53 75 278 237
90 11 685 308 179 262
582 179 33 27 165 177
33 12 484 90 308 464
300 341 187 11 585 37
108 70 458 61 489 311
109 270 350 433 481 34
36 454 372 71 102 447
91 198 593 25 471 253
74 259 18 80 600 34
129 627 105 320 18 207
157 116 458 8 772 186
16 619 319 195 614 166
311 500 124 188 572 210
397 202 158 698 51 136
128 412 244 240 609 88
458 229 265 32 847 97
487 57 72 499 22 190
301 638 58 521 22 350
85 304 482 379 350 43
42 10 729 314 331 244
362 215 263 100 536 86
108 214 128 727 40 185
224 250 100 269 295 403
613 108 219 70 78 632
313 644 41 427 40 532
72 465 22 673 105 45
208 193 569 265 193 305
472 322 44 369 14 562
278 355 32 117 492 93
151 747 69 78 485 303
97 419 225 621 48 268
5 141 506 250 42 171
51 77 53 645 4 45
496 97 246 391 94 493
197 51 189 140 12 352
395 181 228 536 109 236
457 325 38 72 144 443
317 133 360 244 458 31
140 27 798 15 386 380
23 192 337 266 320 317
161 169 293 71 443 447
58 387 474 281 349 183
33 473 349 368 186 407
450 59 367 268 289 275
149 119 450 188 645 164
387 53 144 307 270 373
136 73 233 348 281 321
328 3 439 232 495 262
211 629 154 371 325 274
279 60 413 242 332 123
326 93 155 90 649 134
531 112 179 87 463 258
93 394 353 326 495 108
1 409 384 31 53 206
446 140 135 250 507 125
212 326 135 88 486 380
423 202 271 121 303 384
305 485 104 231 622 5
254 27 434 498 78 205
167 376 425 11 349 623
1 197 367 341 456 90
248 90 511 211 5 270
182 69 469 45 334 123
239 387 70 182 566 66
204 198 331 568 97 203
253 173 97 314 154 14
15 471 286 430 113 187
164 50 131 208 43 164
513 108 315 141 93 708
42 160 403 346 25 601
42 64 297 245 279 225
830 60 59 275 336 269
208 280 470 50 432 424
335 44 58 677 104 146
270 275 322 132 29 726
18 37 238 123 44 332
18 403 98 293 322 47
142 564 5 128 194 127
203 628 110 306 338 61
498 54 300 354 347 105
237 192 250 7 659 11
639 236 90 287 0 681
126 352 189 260 333 375
225 109 269 28 458 247
852 8 51 357 417 15
396 75 407 476 107 265
74 294 237 218 215 333
1 57 103 381 560 47
281 90 494 48 180 482
255 266 54 509 98 93
39 78 643 668 111 192
186 143 504 45 35 304
46 359 63 483 429 18
419 75 310 150 231 200
82 42 367 87 515 382
43 826 98 36 222 712
88 247 371 81 859 8
155 223 405 241 463 213
14 243 62 343 350 201
205 87 546 314 218 165
288 111 381 45 182 253
539 375 81 335 104 237
704 107 26 160 231 37
122 24 235 346 254 113
113 655 97 321 45 61
3 678 47 408 406 12
93 171 723 387 293 233
659 62 203 473 108 220
80 236 574 193 415 74
460 184 48 214 211 194
213 243 143 26 518 337
254 566 157 288 500 18
338 159 403 309 231 388
363 41 353 434 82 127
45 168 414 42 603 90
144 47 708 453 142 387
497 140 55 23 138 268
40 74 169 608 353 25
224 84 340 128 52 383
67 59 581 97 396 203
20 659 208 22 413 124
52 478 14 159 168 119
301 601 10 53 458 248
151 239 499 14 134 199
346 370 264 148 263 202
45 72 147 318 56 56
355 422 191 421 173 142
67 704 94 265 36 475
664 175 81 314 101 175
142 551 126 690 37 44
67 36 535 11 185 744
28 642 7 11 763 9
42 108 244 619 254 36
203 88 312 201 353 371
465 441 45 80 274 97
21 260 644 349 453 129
429 29 119 416 199 149
635 167 179 200 122 427
8 287 549 245 211 183
123 348 303 112 609 257
323 247 139 122 71 409
29 197 741 383 250 341
511 118 296 194 255 382
11 115 575 69 324 275
378 295 208 6 451 49
92 424 44 77 663 190
109 559 91 103 260 618
130 121 718 131 253 405
356 346 40 116 134 528
66 443 0 54 122 424
284 241 22 16 399 224
467 195 91 24 773 33
288 181 391 140 756 67
53 190 258 565 38 302
836 49 73 575 90 294
790 97 74 75 76 104
452 127 5 812 95 51
241 24 455 122 516 108
701 166 84 416 533 38
313 316 338 82 724 126
153 270 26 392 501 4
402 5 243 107 152 261
5 287 502 103 28 669
721 140 71 394 169 404
516 108 103 46 574 193
123 424 76 131 17 238
351 511 15 283 77 269
489 148 324 356 187 117
62 148 14 230 152 75
118 475 52 189 180 228
220 279 473 58 110 715
561 120 156 131 252 398
153 108 228 53 454 184
430 296 130 487 178 177
251 424 148 70 70 199
119 655 51 176 140 192
36 74 482 533 11 320
305 465 79 162 720 50
276 29 512 79 36 842
116 529 98 438 71 147
31 324 182 319 235 369
117 351 171 93 676 40
210 411 136 114 597 111
62 43 104 189 516 114
713 67 169 302 17 143
444 61 46 155 204 249
78 20 599 491 54 422
127 249 123 217 143 229
111 335 150 416 23 203
300 170 235 108 51 740
61 46 454 132 104 273
623 83 18 304 283 141
7 178 135 155 471 142
523 409 0 100 295 388
24 621 58 87 217 174
8 75 252 309 166 377
161 423 207 354 155 446
366 478 28 174 147 228
568 9 326 224 260 126
178 595 56 619 269 2
264 570 91 285 53 98
36 371 155 243 735 11
154 313 462 521 114 245
85 16 526 4 817 132
115 81 44 103 609 3
200 450 299 444 98 457
270 591 122 55 559 380
51 379 526 398 122 464
240 203 360 408 229 194
398 220 251 145 59 119
86 148 404 631 275 42
158 74 522 173 96 616
245 388 192 67 520 53
25 311 346 73 793 65
76 193 315 409 17 263
384 111 135 120 814 52
254 377 314 615 288 40
383 121 367 460 65 132
104 12 108 121 63 234
237 68 559 346 152 493
264 170 259 324 140 151
57 499 19 188 307 86
43 568 254 124 91 381
351 193 130 461 124 64
182 47 619 444 356 144
259 100 581 330 255 289
165 509 273 327 278 155
16 24 240 533 323 48
268 344 289 2 579 336
82 314 166 221 492 160
286 513 152 177 291 176
551 144 269 152 69 477
127 94 134 9 805 78
289 420 232 542 150 272
254 437 29 272 196 283
124 102 401 54 656 35
428 49 238 67 408 18
255 410 304 40 642 197
59 39 525 196 251 402
662 6 187 457 125 290
279 116 148 543 230 160
580 58 218 351 80 417
253 158 148 299 525 70
42 593 106 18 96 429
53 155 239 12 278 390
475 203 185 354 226 340
355 451 187 135 264 540
108 518 168 111 323 426
123 126 97 257 685 45
31 148 801 443 87 454
49 147 651 438 258 255
360 336 69 323 266 396
433 340 225 294 115 427
20 5 426 119 690 154
332 124 367 44 69 633
200 32 179 439 194 268
179 143 626 273 28 445
169 19 480 11 72 306
299 449 67 188 58 344
174 484 323 356 330 223
552 38 56 10 277 228
129 814 21 176 215 256
116 168 462 228 614 91
254 4 463 481 91 173
21 756 117 331 182 41
411 98 149 250 628 4
636 179 48 168 370 317
427 301 125 80 159 509
0 537 241 339 254 172
55 13 704 76 414 470
660 246 51 192 83 413
746 44 81 8 820 114
519 99 236 418 257 197
51 170 393 210 117 223
108 467 193 128 617 193
426 274 92 305 47 106
267 390 83 30 339 413
2 499 82 169 771 50
174 166 165 167 74 320
216 216 397 107 608 252
524 7 86 261 287 190
101 621 170 406 548 31
242 12 196 372 4 596
376 273 317 141 84 228
370 405 164 331 379 237
160 455 384 97 606 200
249 158 313 257 546 167
108 546 101 590 222 79
686 184 100 104 112 393
287 8 54 248 522 33
566 336 65 93 153 255
11 307 189 222 135 196
596 315 83 67 34 427
533 226 124 150 216 17
523 53 239 547 101 189
17 582 292 361 150 443
445 168 72 367 243 260
270 231 127 249 36 656
203 446 62 419 131 208
64 271 425 222 310 431
211 572 123 219 4 88
36 409 370 209 73 609
68 668 122 566 43 116
404 191 143 671 20 138
29 404 256 657 32 210
215 263 219 195 446 199
69 136 67 260 33 239
0 227 654 61 128 698
163 301 377 321 367 152
295 161 88 268 417 109
411 217 215 512 112 40
113 325 325 402 313 161
35 145 85 117 85 46
125 212 135 176 315 494
383 463 153 255 9 645
155 244 216 80 248 45
275 217 482 673 69 243
311 262 31 652 20 223
278 717 0 137 59 654
159 47 353 412 225 31
246 124 611 91 313 534
240 594 109 38 13 498
51 552 77 83 718 79
373 289 173 45 904 31
116 688 25 38 323 599
17 109 233 6 436 532
57 695 155 66 237 246
392 11 564 149 654 146
244 671 5 206 231 155
213 5 383 450 319 99
207 448 247 249 172 117
729 16 241 150 8 124
460 211 197 87 458 432
223 310 172 283 288 140
123 105 655 204 96 534
55 728 178 80 250 273
496 7 432 216 36 396
515 0 77 323 519 65
636 71 171 71 527 187
176 520 102 142 256 392
135 117 678 330 156 455
310 143 194 86 531 314
319 98 425 719 47 233
643 259 9 388 498 51
500 32 326 111 503 31
187 119 86 706 218 33
281 145 286 128 171 686
111 306 204 305 205 422
81 224 467 10 503 346
342 77 11 250 98 70
227 90 364 726 67 186
41 63 524 18 400 218
196 138 534 177 360 377
178 296 252 105 298 262
224 112 392 172 62 648
89 83 551 232 187 342
375 321 254 359 252 312
498 91 200 562 213 184
127 140 535 35 394 195
742 27 200 168 184 618
217 647 43 11 117 445
448 173 202 268 246 470
402 391 78 15 483 152
53 875 2 220 20 565
194 111 370 726 171 18
210 204 544 200 622 53
232 311 13 75 610 223
802 94 86 419 78 273
87 60 662 397 110 443
255 3 673 57 553 78
266 156 445 537 319 9
177 564 36 38 469 144
451 83 235 200 51 355
76 54 100 169 215 23
98 708 134 313 512 164
56 428 124 94 234 665
499 394 90 25 249 570
224 170 435 428 256 111
323 404 227 409 457 0
292 72 75 268 565 24
113 852 6 72 137 190
411 123 198 225 530 120
594 97 266 169 587 13
299 297 10 704 189 106
15 471 144 369 8 420
250 274 134 546 71 290
227 492 189 466 323 192
461 16 286 61 206 92
68 246 434 268 190 298
0 211 156 185 587 27
223 514 21 291 69 49
616 320 59 289 181 68
229 319 233 485 47 232
102 752 47 639 7 37
323 273 342 36 306 620
361 12 387 0 271 284
9 336 78 118 527 280
374 26 287 362 168 114
756 44 179 224 286 64
71 297 398 179 483 13
167 587 225 289 453 127
19 409 560 206 133 563
691 31 106 155 634 142
227 191 304 192 564 70
253 323 422 79 109 311
412 99 235 97 591 99
88 568 109 418 99 317
404 204 335 206 303 32
235 160 292 569 340 37
522 74 229 64 79 392
223 455 256 182 289 217
2 195 491 396 390 118
52 103 72 159 185 214
51 445 411 113 317 70
75 420 381 484 134 83
280 376 23 70 161 437
111 86 510 225 52 477
193 53 663 35 363 483
148 360 276 379 315 36
239 82 144 418 167 365
27 245 346 33 514 185
186 252 128 156 209 543
33 7 242 27 249 539
37 763 127 154 562 44
326 224 2 92 578 43
575 291 111 258 56 671
596 175 25 24 86 291
134 81 767 130 73 380
104 600 37 550 220 114
58 193 631 227 83 522
116 702 103 353 549 10
422 325 186 437 362 175
44 403 389 449 171 380
255 158 513 93 40 251
166 177 337 6 367 565
20 394 162 392 198 80
205 200 439 530 32 438
375 266 210 247 248 308
161 161 656 20 739 123
528 116 185 398 325 28
7 98 717 461 176 233
129 372 234 284 609 38
487 59 111 144 171 383
35 252 172 253 89 384
380 261 346 486 35 276
64 344 143 189 178 485
512 218 131 361 466 31
377 75 394 667 0 223
77 59 590 124 551 125
71 483 121 54 315 462
225 251 306 175 174 482
152 142 634 36 287 133
312 30 221 176 306 305
55 609 48 333 6 112
101 320 558 33 561 146
290 581 49 9 21 552
257 32 462 575 237 25
18 143 303 86 493 101
460 300 181 246 188 154
277 136 225 339 54 471
255 161 313 105 783 4
145 753 32 457 370 99
362 109 503 513 255 48
246 377 248 101 31 656
158 525 278 49 580 270
298 17 514 221 678 27
237 66 404 488 141 208
531 378 35 0 207 542
663 254 80 154 141 254
144 6 609 6 530 440
498 28 320 340 83 319
199 284 225 7 311 437
162 589 21 0 608 15
24 386 139 402 364 167
469 311 15 268 45 114
55 290 269 298 306 296
180 359 338 512 7 405
5 89 260 632 2 203
373 138 250 394 139 279
230 18 490 194 232 368
329 136 509 110 310 225
290 336 107 196 617 107
657 210 30 30 260 218
8 168 173 76 201 186
227 213 130 702 269 12
723 3 73 645 67 227
180 308 260 258 230 477
40 725 54 223 628 46
422 334 22 424 16 39
339 187 128 321 232 375
389 1 467 202 98 151
21 591 340 126 647 174
127 18 286 96 147 94
70 298 266 38 368 502
264 446 87 239 632 95
239 297 210 383 145 168
166 169 79 31 919 27
206 145 369 620 95 276
626 193 122 123 664 211
298 483 77 210 24 364
106 99 178 17 712 208
78 190 377 233 90 619
190 575 145 316 559 42
208 220 296 300 191 104
313 569 0 407 96 85
58 29 637 392 139 363
235 609 128 546 140 259
75 1 802 260 162 299
147 101 174 106 59 236
430 105 149 82 159 483
112 288 75 168 197 95
153 276 37 169 295 260
600 102 44 179 116 259
172 400 14 152 178 251
260 97 387 67 401 84
195 14 357 659 267 12
286 217 125 69 142 299
168 135 607 613 100 221
36 422 431 393 200 125
591 170 94 109 507 360
516 327 17 317 79 13
267 34 575 8 897 54
353 266 193 23 781 193
498 131 69 175 336 267
488 158 299 391 303 73
53 286 184 169 6 769
353 419 149 315 419 46
234 296 446 105 512 357
76 617 154 108 612 120
47 109 664 38 522 86
669 139 159 94 316 259
392 116 157 184 277 363
104 659 5 75 118 447
666 18 116 123 209 413
57 9 874 78 305 582
55 670 149 272 78 552
94 95 720 390 283 259
241 67 129 411 237 4
378 398 219 252 393 182
198 114 394 264 248 158
117 813 44 372 156 147
132 4 798 198 293 284
84 163 105 137 23 320
485 77 198 59 204 417
95 638 176 31 378 502
335 148 334 331 130 313
67 27 239 542 53 307
107 11 81 248 64 179
107 357 82 275 136 229
446 322 33 167 440 216
126 268 364 397 221 139
57 794 107 562 156 63
306 459 179 362 11 134
321 598 64 569 15 289
214 216 437 408 328 31
256 370 30 66 255 389
352 319 48 96 320 249
101 772 41 78 488 432
73 612 217 1 111 435
88 35 363 238 0 413
38 248 570 556 53 336
254 419 102 68 39 685
50 755 134 560 277 10
666 88 95 170 1 298
285 186 441 286 173 266
514 188 277 845 62 25
763 4 205 13 286 72
463 151 301 143 577 45
173 249 506 174 352 211
142 54 744 309 493 191
101 42 59 15 432 75
343 405 129 264 340 100
60 116 782 197 145 605
301 77 522 597 114 266
77 197 123 543 69 11
199 720 24 15 725 232
4 406 173 20 664 37
189 496 142 465 400 107
170 126 133 6 48 175
25 378 149 24 3 198
339 422 54 31 145 602
590 234 144 57 648 262
283 166 35 457 363 13
654 95 188 140 302 299
691 24 238 606 9 93
264 463 201 71 369 48
84 282 216 95 281 512
315 10 400 12 17 785
214 680 69 307 350 256
399 96 433 42 175 596
26 254 396 13 276 193
193 382 146 80 127 393
199 22 205 121 682 51
182 188 73 467 398 127
438 277 17 152 247 197
134 235 263 33 189 368
56 190 18 402 210 63
275 68 121 219 47 369
15 94 256 69 81 166
193 328 331 163 191 452
270 267 80 182 519 229
535 110 245 653 287 3
102 375 40 226 540 44
543 101 208 10 113 126
414 64 427 140 112 623
150 629 28 365 295 250
428 17 218 126 193 483
210 170 453 475 242 73
298 281 276 62 214 659
813 49 62 104 282 401
61 636 120 400 187 409
178 397 252 14 125 219
154 508 122 71 12 623
220 84 451 40 134 457
364 386 209 305 243 117
86 44 577 269 184 110
454 138 182 187 306 200
88 55 580 193 6 267
433 286 66 209 337 404
215 570 204 379 28 285
112 166 126 183 468 68
382 180 66 141 354 379
269 47 358 117 439 375
38 344 493 137 49 568
44 68 245 501 84 210
488 236 105 29 679 275
457 187 292 11 811 121
481 17 149 647 86 156
212 394 247 23 639 135
290 87 119 356 574 4
166 444 45 200 21 150
358 345 48 23 118 446
190 131 584 329 3 620
8 597 23 354 451 163
1 396 422 499 70 280
13 251 147 208 415 194
388 87 396 53 367 78
187 484 295 259 179 552
108 188 542 184 540 237
84 357 53 183 444 22
282 275 327 43 533 235
165 565 112 503 210 98
92 9 491 135 547 263
593 125 136 51 202 223
439 286 210 62 84 445
825 57 10 458 407 54
214 687 18 77 223 476
740 35 96 120 149 423
417 221 309 119 141 104
108 645 133 338 135 240
67 574 208 804 187 0
211 67 273 203 463 217
114 433 39 327 365 25
46 468 379 354 344 93
157 149 380 108 689 50
341 279 48 439 141 295
138 51 293 65 597 76
189 101 278 641 4 287
352 144 257 410 97 196
350 60 410 156 51 506
248 189 243 208 175 160
356 311 165 303 18 586
383 281 227 155 503 213
126 438 91 180 118 168
258 535 75 162 370 398
366 292 45 157 269 398
329 38 141 163 532 264
178 365 342 31 223 556
634 79 124 161 25 97
233 166 209 394 144 368
161 159 450 145 307 112
506 137 261 388 239 121
5 175 394 9 489 236
352 331 19 136 47 230
47 323 349 24 785 134
224 230 84 160 178 236
525 218 200 389 0 503
408 10 465 3 356 570
497 344 91 439 183 340
308 657 6 422 72 186
762 56 159 322 110 225
279 21 199 138 507 264
192 191 209 255 129 181
346 25 562 392 222 358
125 333 320 444 181 305
230 258 448 76 216 222
375 73 81 368 262 68
385 466 125 317 252 417
232 147 452 67 278 179
525 268 65 323 96 8
204 140 299 244 165 313
233 335 312 209 285 105
125 248 403 3 181 128
13 554 72 320 659 15
112 749 104 318 260 328
185 509 71 293 90 235
440 443 102 437 62 361
233 746 16 189 525 171
450 41 484 684 16 134
50 5 634 168 186 371
182 291 488 180 246 396
146 418 173 506 206 204
837 61 70 297 327 231
372 205 140 209 324 68
14 149 495 188 135 223
152 418 285 646 164 17
244 337 29 353 16 342
31 332 500 32 91 619
2 110 184 233 350 81
43 81 182 511 194 74
154 100 91 119 716 8
733 87 168 83 607 203
52 51 546 379 38 541
339 209 168 399 88 114
346 498 74 427 49 296
55 289 526 558 14 361
82 593 229 6 272 438
212 107 158 257 76 229
9 605 245 373 24 579
427 510 33 4 160 532
91 130 177 52 252 135
567 3 200 237 41 602
449 100 270 143 522 22
232 6 720 105 673 28
178 220 1 512 281 100
522 223 225 119 160 196
332 68 556 2 726 98
154 108 187 3 586 378
709 146 6 30 110 160
354 15 473 146 464 274
505 80 403 413 305 212
274 21 662 199 159 283
407 258 270 560 61 128
468 15 285 151 759 1
586 228 173 23 183 202
284 398 96 539 346 105
452 382 139 323 38 525
733 50 57 493 180 139
515 140 159 105 118 456
56 673 69 931 45 20
434 445 98 429 90 404
189 106 289 406 368 195
266 45 97 381 141 16
257 516 33 21 28 594
384 186 392 167 29 531
81 474 437 198 63 711
33 432 117 202 26 213
26 302 635 101 599 184
101 482 13 80 499 124
219 52 426 294 585 108
73 515 120 348 173 136
64 140 124 310 23 393
426 57 211 66 813 111
180 34 758 221 96 615
559 21 345 116 267 236
143 431 275 234 169 303
229 591 67 175 172 107
104 291 140 30 776 81
345 186 226 216 255 85
330 415 22 18 522 344
290 182 215 193 259 510
351 32 563 196 359 300
6 731 195 834 74 80
368 322 72 76 786 122
208 114 71 446 197 183
371 36 95 33 225 123
747 59 132 226 250 202
537 41 328 502 122 202
156 246 51 398 280 181
88 41 654 332 128 205
179 106 673 416 72 502
317 253 369 436 1 539
123 371 204 707 57 162
231 4 685 30 13 293
307 294 31 692 86 94
33 138 230 13 501 77
108 329 239 72 34 196
389 127 400 164 482 12
288 258 157 88 410 312
673 12 303 204 34 564
295 470 210 632 285 12
149 73 191 408 250 174
183 202 339 62 330 152
206 2 380 295 343 30
8 181 95 156 331 203
555 388 12 24 741 7
411 166 290 765 80 120
525 65 249 110 44 117
35 38 868 103 317 239
224 184 211 492 400 4
70 644 87 51 105 472
379 39 372 120 46 417
83 489 266 275 42 546
264 107 135 351 338 93
54 378 181 745 0 50
32 607 97 31 306 252
335 38 128 276 474 156
157 570 106 702 6 264
825 67 62 435 59 384
627 209 127 330 508 86
600 326 56 386 44 379
159 204 578 386 172 330
447 125 227 238 198 116
43 44 404 433 276 204
7 785 45 14 343 197
108 516 15 297 3 392
128 488 157 74 361 44
106 511 67 253 187 269
159 353 162 190 606 24
667 198 31 678 121 126
217 124 510 240 85 352
111 408 185 15 143 821
96 534 143 742 63 113
364 305 229 28 573 176
4 837 149 744 78 150
648 38 232 194 250 436
381 166 26 152 720 6
107 1 566 38 370 147
472 86 197 164 456 296
172 230 185 120 669 42
119 517 130 31 193 216
289 16 229 79 36 746
300 88 400 110 548 115
460 258 82 473 131 200
14 526 0 112 709 153
195 718 60 294 239 80
360 235 124 511 67 209
556 39 353 429 116 291
211 41 434 209 727 19
102 386 176 108 499 118
522 20 25 188 26 2
448 70 87 531 39 59
85 129 134 505 19 368
571 157 251 313 261 334
471 178 218 245 47 510
156 239 347 331 83 493
496 264 167 481 127 101
717 203 70 59 713 110
173 440 37 694 240 0
9 632 313 204 318 257
111 411 212 10 128 441
189 567 2 204 61 350
275 523 185 546 250 139
28 90 217 297 230 13
418 307 128 80 92 152
534 0 452 100 364 299
386 194 315 328 452 12
9 252 570 483 99 180
722 36 93 36 348 1
86 196 409 378 317 40
12 590 293 42 569 69
318 197 84 433 347 129
34 577 148 237 375 323
24 96 533 511 40 228
237 211 148 92 637 119
107 732 24 254 3 210
9 400 426 125 157 320
197 97 135 568 257 103
33 436 313 636 169 24
52 843 73 407 393 162
87 407 428 109 11 580
6 338 124 151 674 48
239 156 68 571 139 50
616 1 183 60 366 28
242 252 298 81 283 477
278 201 186 169 445 288
182 31 223 107 462 122
36 143 250 85 394 271
112 212 616 308 112 192
38 346 557 117 141 700
208 173 60 121 198 44
80 187 69 49 664 158
209 308 288 61 637 223
152 508 189 532 52 382
366 161 472 44 543 224
379 185 211 345 232 215
307 369 212 364 394 186
141 538 12 65 237 496
135 15 432 393 270 123
45 40 185 99 278 112
37 82 149 172 403 340
450 28 203 320 24 633
217 55 178 229 27 402
41 529 208 238 418 37
306 64 136 16 54 147
472 384 77 176 315 167
576 33 389 535 91 284
75 195 599 168 40 788
123 348 403 737 86 81
584 113 289 656 48 97
55 555 77 100 425 462
188 51 318 89 553 277
143 351 187 166 414 208
265 351 290 45 143 369
534 73 315 320 73 605
220 56 284 140 69 460
252 372 104 539 136 149
277 269 93 87 124 71
272 210 253 58 342 489
692 41 222 144 260 370
548 82 67 43 408 107
381 210 141 199 523 275
488 60 330 224 233 167
580 251 0 828 76 71
310 190 289 73 672 90
565 4 109 100 248 360
528 84 352 195 281 48
541 102 330 133 83 431
216 320 414 129 57 552
718 51 216 505 11 381
390 10 92 47 48 270
481 142 252 279 218 235
87 204 607 456 250 243
147 151 363 45 768 171
113 390 182 214 126 449
760 63 126 73 401 500
154 271 471 471 191 189
50 324 160 147 204 375
806 0 94 345 114 120
601 226 23 396 111 415
429 77 450 403 329 35
95 654 250 406 117 351
91 294 34 403 132 306
110 506 292 197 405 385
174 477 54 567 321 9
51 282 67 506 214 164
535 125 261 186 297 516
127 120 285 126 74 442
267 407 160 527 330 30
98 217 109 117 358 111
128 251 289 25 193 231
62 126 519 565 310 34
35 499 366 3 208 122
50 160 263 371 558 26
337 443 45 126 453 159
507 29 431 179 307 231
188 449 275 606 119 246
670 74 60 724 14 166
275 298 421 77 13 659
185 17 223 18 413 97
131 507 257 656 228 33
348 430 178 130 93 558
82 734 44 170 155 306
66 496 110 315 108 237
236 592 53 219 243 447
501 32 309 575 338 55
139 193 238 26 298 116
461 303 85 11 764 194
63 299 381 374 416 118
23 377 124 584 81 280
464 13 278 38 334 526
406 377 2 135 521 24
596 78 296 198 57 318
293 318 122 100 78 550
203 72 443 271 529 171
26 100 446 71 252 652
40 367 407 558 84 165
364 188 376 318 222 148
25 13 618 89 165 427
429 90 172 246 376 64
430 72 452 464 238 113
471 114 164 66 856 46
567 26 44 182 509 126
181 590 194 131 153 399
34 70 154 515 153 193
318 271 318 312 104 411
278 468 110 334 435 57
254 146 187 488 274 234
308 487 68 188 39 727
393 400 114 394 428 88
76 414 17 260 215 285
492 420 73 67 351 17
18 9 607 36 275 537
316 11 624 4 364 540
243 473 202 295 255 363
127 68 659 173 712 62
83 74 275 36 822 20
41 44 331 492 250 90
98 170 583 466 117 254
134 319 417 9 684 160
544 90 296 220 141 251
89 34 865 366 15 358
352 110 502 182 60 171
375 91 488 73 736 51
16 716 60 302 47 234
282 134 61 84 194 253
804 0 39 75 267 39
190 418 59 451 424 9
3 572 388 68 331 311
71 684 185 37 280 670
21 214 730 33 311 623
215 312 423 322 325 133
10 483 275 146 120 659
386 206 341 99 491 309
717 17 40 265 107 162
371 280 283 576 101 250
9 213 643 4 195 185
602 104 141 102 444 243
135 165 208 37 124 750
128 396 304 12 200 498
265 60 360 456 34 208
451 33 330 56 221 172
46 278 314 204 68 494
300 295 340 22 770 111
220 79 316 34 8 945
409 471 99 479 149 343
432 38 264 294 231 45
149 698 110 163 119 453
124 488 107 126 741 55
131 149 197 188 290 121
472 169 322 399 259 208
354 299 274 456 71 198
124 258 130 269 144 528
76 206 388 31 611 130
156 243 70 202 221 237
460 140 53 55 263 266
330 320 35 212 547 162
299 369 233 220 655 30
444 36 403 11 156 800
372 184 95 48 147 88
399 217 23 367 24 194
443 339 101 1 66 156
12 210 152 26 117 216
683 82 234 144 67 155
249 397 339 86 285 624
668 53 210 40 207 474
72 366 289 13 367 482
561 78 361 404 215 161
334 308 192 37 23 219
164 193 265 100 521 4
326 73 229 45 180 572
526 105 139 168 90 555
312 66 213 544 53 359
312 319 175 183 6 605
100 297 139 478 66 72
72 51 804 216 134 411
314 112 50 198 198 157
99 310 81 322 320 180
245 412 185 477 3 382
271 399 109 241 40 680
33 147 346 445 285 111
73 519 132 68 397 345
216 717 7 454 274 72
81 621 217 252 176 192
28 173 585 155 47 188
101 628 238 370 204 187
102 709 63 64 132 390
529 47 211 557 26 21
237 114 578 549 244 78
180 320 122 83 185 525
528 146 182 172 149 333
178 625 180 444 0 139
319 470 99 259 104 490
174 656 170 127 98 201
249 85 110 495 376 95
330 442 37 218 36 479
136 101 100 247 43 192
241 535 7 316 109 485
226 299 450 338 8 383
342 48 129 402 36 61
204 419 330 375 229 103
370 166 175 87 225 6
189 112 437 146 635 70
339 29 338 37 29 324
515 65 281 743 42 41
573 42 79 396 172 172
32 316 338 311 175 392
369 382 152 238 588 172
133 267 430 262 298 333
334 189 355 132 741 42
25 637 130 40 206 383
379 605 4 474 221 132
397 44 464 311 602 76
51 580 147 418 353 187
91 18 735 308 86 399
288 352 50 510 359 42
179 109 236 462 215 277
121 184 496 17 477 344
42 132 412 396 422 7
651 160 4 406 33 30
501 67 189 433 234 18
271 12 493 490 271 115
203 425 99 199 670 31
8 486 471 57 78 847
10 101 165 4 726 17
172 161 356 406 111 183
74 63 307 309 378 286
221 46 709 271 82 442
296 311 191 146 646 109
434 67 113 65 431 148
284 136 231 40 754 98
515 316 126 516 112 29
61 13 550 186 281 100
248 101 298 410 318 44
261 487 126 564 159 269
497 155 297 29 473 238
61 330 16 329 319 79
181 421 102 466 139 295
176 67 612 182 112 425
387 281 58 205 45 242
388 260 219 91 363 376
521 15 43 3 29 142
379 171 203 337 88 555
42 286 360 153 426 209
466 197 169 97 165 664
308 175 126 57 507 118
257 66 347 411 350 177
328 247 130 344 1 628
356 164 418 55 309 396
29 470 488 41 680 150
453 78 380 35 281 186
58 111 393 710 64 52
56 54 464 496 348 115
607 25 358 83 153 328
155 287 381 102 317 466
28 468 385 45 248 201
272 522 57 83 69 769
1 609 304 395 26 395
16 326 191 333 258 48
238 201 304 530 233 24
357 123 425 10 428 296
58 298 327 353 393 214
133 389 237 238 236 19
175 103 34 480 265 60
313 211 121 79 69 211
246 603 55 502 398 79
81 394 398 122 33 434
229 395 109 4 680 42
255 301 155 759 150 74
188 235 194 170 173 23
211 216 42 40 118 205
293 380 269 442 90 237
315 73 449 40 360 568
13 293 100 184 274 258
118 403 128 488 306 141
196 105 306 60 618 107
20 312 309 61 404 431
118 84 174 68 275 194
477 124 312 418 315 122
263 6 729 450 333 194
458 145 107 645 216 110
318 44 404 620 234 73
38 437 438 340 505 55
178 177 417 46 490 434
489 390 56 160 4 731
5 377 127 75 220 477
429 124 214 245 110 306
45 450 58 211 309 477
9 673 119 163 505 236
341 256 391 109 581 62
512 89 33 564 201 68
502 136 212 208 26 745
11 580 91 467 14 411
548 105 39 789 10 63
406 7 249 47 145 767
187 36 458 379 414 148
217 52 84 546 333 95
23 607 356 46 457 436
537 337 6 19 0 381
107 360 86 150 555 30
34 278 308 41 362 364
110 762 21 219 744 8
279 316 160 256 93 114
271 186 115 166 428 305
98 280 476 274 364 158
169 50 384 284 213 277
120 347 35 400 469 51
653 47 298 405 294 174
257 280 62 66 634 96
742 101 42 268 42 129
669 210 64 210 152 312
634 233 78 175 632 94
172 176 64 136 65 171
395 31 479 57 212 411
323 293 330 233 72 146
621 17 105 267 42 92
393 433 110 406 88 350
291 417 285 143 29 351
338 140 143 340 70 115
236 167 573 278 90 595
233 633 44 26 58 755
189 135 357 290 379 170
207 171 67 118 248 253
263 181 131 271 270 278
186 23 481 70 458 180
23 210 634 28 107 798
73 289 297 326 433 129
205 209 40 335 180 265
279 229 89 207 193 147
38 560 390 308 42 592
112 50 524 190 36 307
54 103 71 283 296 90
71 367 360 64 721 118
306 413 265 134 45 592
116 574 144 125 436 282
77 383 123 148 101 394
73 254 25 4 388 37
211 3 274 119 491 137
466 50 179 323 279 105
640 293 43 64 275 200
154 4 179 96 526 123
304 17 531 456 278 45
142 230 383 102 579 280
39 142 146 23 237 155
29 650 167 97 478 371
492 243 137 115 411 4
236 451 187 177 171 236
241 317 421 297 93 375
395 355 8 459 82 7
23 97 194 409 222 33
132 250 201 498 366 25
235 170 312 557 274 26
118 354 288 2 253 493
820 90 3 533 8 148
393 209 22 535 23 222
715 20 261 471 107 145
143 299 326 270 306 421
735 103 10 364 57 265
285 44 671 373 54 238
726 175 98 534 22 268
328 78 423 77 575 233
239 171 183 551 89 294
346 325 189 414 157 215
3 64 108 598 227 166
275 281 354 392 124 378
398 281 97 4 377 476
829 5 13 46 764 39
302 281 323 41 102 340
320 271 204 167 492 308
466 232 34 162 275 319
335 102 60 570 194 132
12 642 310 218 35 297
361 145 125 62 440 403
554 12 245 45 45 212
128 355 157 357 508 118
380 80 245 84 787 111
99 331 187 97 104 243
84 733 83 179 600 182
453 188 355 382 40 376
407 453 12 227 414 24
581 114 204 125 253 615
103 424 60 51 274 340
36 60 743 252 94 651
350 155 177 112 425 88
164 211 300 15 545 340
323 167 406 238 152 409
41 32 677 119 42 714
152 574 266 164 567 39
3 83 910 98 17 495
351 113 346 261 249 86
209 316 248 108 423 39
274 220 191 230 331 193
380 190 114 135 640 177
270 314 178 416 93 174
52 481 14 277 160 116
122 446 360 4 120 410
306 380 32 520 38 36
98 316 352 163 321 86
558 55 335 117 17 640
571 100 319 95 292 80
157 649 60 12 490 337
193 390 393 143 736 23
26 406 63 299 439 37
71 161 362 607 126 254
445 337 1 459 329 180
39 250 596 52 530 331
347 150 127 601 252 125
72 397 241 274 91 280
290 337 213 267 53 326
296 86 43 411 186 185
675 54 58 383 468 50
466 230 1 558 323 69
416 376 89 319 242 286
19 181 393 511 329 109
706 247 40 94 590 282
107 697 50 110 394 284
440 41 298 443 49 182
93 384 346 216 513 115
138 311 161 38 381 458
365 229 282 31 95 311
199 183 373 196 235 458
270 668 31 495 157 221
20 586 84 114 526 257
82 281 270 341 451 13
620 34 36 13 101 313
74 693 126 425 88 379
453 200 103 417 560 0
328 116 281 771 58 90
442 334 152 74 339 64
57 321 131 26 928 39
469 332 133 73 13 286
95 635 34 144 326 60
27 163 371 67 0 918
269 465 168 436 269 130
247 232 328 245 72 611
501 348 68 646 25 62
297 585 96 21 245 715
165 110 378 38 646 117
339 120 374 300 291 86
50 139 84 280 488 167
262 422 38 304 318 62
287 119 443 723 148 85
53 10 681 228 48 659
4 672 149 208 446 135
125 660 59 53 291 361
59 504 277 846 17 105
307 535 36 13 461 193
372 299 146 110 689 140
45 120 275 660 115 66
207 192 213 183 157 431
122 228 387 213 235 81
251 100 415 123 4 731
556 224 216 278 3 628
193 110 467 156 334 136
108 201 625 313 665 4
492 99 84 664 107 85
280 147 293 177 252 81
319 369 49 271 372 69
766 33 74 18 127 152
466 13 460 172 441 204
418 242 9 200 310 291
133 814 0 200 16 737
140 11 364 145 169 284
670 43 268 1 324 514
15 62 590 207 69 551
64 376 546 79 813 104
528 207 112 482 301 35
769 3 182 355 0 215
48 132 595 163 343 157
109 36 241 543 56 350
698 85 62 264 646 28
55 235 199 405 29 519
605 134 67 78 704 106
3 13 484 87 373 172
60 213 719 235 186 502
485 39 74 301 494 100
13 770 143 268 30 268
193 319 199 520 232 152
353 160 207 47 161 642
175 741 68 298 412 198
525 111 243 241 428 128
131 0 330 185 236 278
35 519 163 17 423 489
117 75 722 47 812 28
211 60 216 112 304 133
389 47 195 42 346 491
192 85 188 293 446 72
68 574 219 338 105 531
44 86 89 353 35 237
272 238 403 122 226 247
535 218 199 44 132 760
158 217 392 122 583 24
188 188 257 439 80 57
759 144 45 370 128 156
204 96 330 267 195 90
158 130 428 214 248 478
530 220 42 346 388 93
103 386 229 300 580 7
355 247 182 210 282 7
632 79 102 344 403 73
457 161 236 385 162 19
15 175 656 234 155 169
123 432 121 590 3 169
386 207 171 198 274 492
340 466 166 53 307 31
2 450 252 324 155 114
198 389 251 374 220 123
301 391 191 114 504 187
149 631 81 53 280 83
380 97 217 158 329 21
295 215 133 484 422 5
34 271 241 10 544 398
54 30 400 241 480 278
326 227 180 243 203 197
230 304 131 106 333 7
534 1 156 390 157 336
294 379 34 79 542 332
312 265 358 672 278 3
146 27 421 541 313 78
189 15 570 38 601 332
88 428 45 39 263 507
43 141 175 5 696 102
216 207 225 105 217 344
265 433 200 232 151 542
23 621 215 674 18 253
460 0 413 675 25 95
219 554 200 138 248 224
183 494 315 111 383 111
136 286 573 470 21 232
562 121 30 527 301 61
100 548 50 358 186 389
588 199 118 79 37 677
276 168 163 134 206 511
193 640 37 133 175 405
13 8 745 84 298 504
300 300 147 248 427 182
321 569 77 524 73 187
606 77 127 418 180 11
16 436 252 139 567 71
853 32 82 192 288 387
585 52 267 636 244 35
246 408 292 75 28 456
375 388 53 14 93 621
209 324 242 151 290 136
37 193 418 187 71 200
444 174 242 76 206 487
359 22 540 84 466 219
315 212 411 203 531 217
362 268 234 31 202 472
102 590 148 227 664 102
536 383 50 266 234 465
285 422 130 251 470 94
298 20 405 264 559 100
74 564 2 343 116 157
469 261 264 23 270 511
105 494 267 463 346 39
207 32 543 217 181 316
78 595 143 286 187 352
661 69 180 365 110 434
103 220 655 21 487 380
353 267 54 95 265 193
71 396 529 24 151 469
274 40 348 194 123 303
115 267 348 383 479 128
138 461 312 163 171 125
647 8 63 501 152 293
769 4 221 142 567 66
586 44 303 809 41 83
473 138 104 240 254 453
205 328 72 483 180 163
254 279 76 92 384 100
438 346 4 39 571 245
40 142 319 142 471 23
103 373 68 80 521 310
105 530 8 337 234 397
191 152 109 356 359 212
137 275 22 143 171 194
361 198 353 81 447 24
530 178 165 597 228 132
560 128 291 161 88 159
22 132 478 264 133 586
144 9 241 272 100 306
380 14 504 126 141 511
374 419 32 384 259 317
742 64 193 286 360 237
23 516 189 49 477 181
36 30 179 315 355 146
273 159 547 280 114 158
664 224 70 349 304 88
457 196 158 275 77 422
404 31 86 386 93 55
191 6 779 215 340 201
140 52 380 176 70 310
292 71 446 598 64 111
45 189 423 141 543 59
496 91 249 444 280 29
79 21 586 265 469 38
902 24 46 245 611 115
95 820 47 246 619 79
574 12 338 38 258 209
45 266 626 12 249 633
186 450 279 79 403 23
176 261 161 644 148 35
715 43 235 522 259 171
156 585 17 365 398 125
55 100 266 280 591 41
278 24 352 377 344 185
476 141 143 251 33 350
64 315 460 338 390 130
514 261 149 32 244 233
313 413 248 193 446 359
432 66 257 44 487 415
30 232 254 61 130 152
320 320 265 423 383 141
218 307 14 281 101 144
1 284 413 120 677 27
43 335 242 174 0 432
18 170 199 37 151 430
84 357 92 382 90 498
196 146 145 8 198 339
664 30 100 264 151 385
204 14 164 232 308 146
9 164 773 349 541 50
748 176 49 183 644 122
65 254 280 378 473 99
178 247 56 24 69 185
265 522 52 346 500 77
117 330 81 214 310 25
188 206 449 10 387 453
238 57 223 147 188 461
755 7 107 420 160 74
255 23 208 195 43 553
20 837 11 651 47 184
141 288 355 403 56 167
84 112 368 465 462 27
184 66 404 118 311 213
36 527 407 51 386 138
284 186 294 4 369 321
228 21 185 59 341 80
68 644 49 126 440 376
204 1 396 93 432 210
32 509 256 9 17 414
427 171 28 627 4 213
84 138 678 122 584 119
372 323 203 286 198 280
495 1 65 517 382 52
255 373 258 278 249 302
271 76 222 125 5 401
99 591 262 596 18 95
162 145 154 312 394 173
111 424 269 300 51 316
24 239 428 360 5 313
111 699 136 13 550 269
110 80 63 518 282 63
368 84 100 121 174 15
635 90 178 549 137 208
411 247 34 435 126 113
113 240 632 609 226 105
100 309 371 344 289 318
153 32 650 370 97 193
83 731 111 263 335 172
296 0 468 118 210 630
292 49 394 9 50 602
300 235 148 182 159 503
153 609 43 71 619 161
106 484 158 387 254 150
176 374 124 830 36 35
74 759 54 563 179 46
72 766 16 672 203 118
63 218 233 266 213 64
658 3 194 311 82 554
677 78 80 64 382 62
285 204 382 42 147 641
239 169 157 13 508 41
122 414 250 484 319 36
237 165 583 232 425 59
260 395 290 431 234 181
477 98 384 78 344 528
342 430 103 60 691 242
34 225 409 94 485 175
224 348 368 170 207 88
46 3 488 10 90 606
4 668 317 449 75 414
238 53 83 85 6 194
352 286 308 69 111 555
611 9 152 196 243 323
570 131 109 453 295 19
74 794 17 928 4 20
92 83 284 61 604 132
623 289 31 221 80 233
363 311 255 484 27 181
541 148 107 390 327 104
480 10 202 460 93 435
196 254 84 217 389 310
264 200 285 24 225 298
522 191 275 429 96 300
84 51 520 192 454 79
224 450 102 295 411 3
326 432 138 379 160 82
58 738 50 207 137 586
294 352 255 608 3 253
266 176 423 98 358 420
46 293 0 478 295 142
453 10 297 179 64 715
123 342 193 80 14 836
32 90 353 288 18 279
95 477 311 187 185 235
223 188 77 570 327 37
73 510 185 494 52 56
3 91 902 333 417 240
229 42 439 129 125 684
264 22 524 151 55 220
64 315 621 435 6 273
310 47 145 519 303 58
270 185 446 284 23 433
392 89 327 510 248 18
147 420 90 200 162 300
120 114 744 135 216 342
719 72 130 203 321 415
276 192 298 77 160 156
249 204 81 547 101 59
244 454 181 70 557 261
597 172 203 210 739 38
130 286 109 558 315 72
251 24 314 390 346 155
191 278 509 337 149 271
206 17 530 64 309 288
257 341 305 632 74 104
12 524 404 526 32 413
179 32 303 248 233 466
54 76 450 640 116 241
31 2 424 257 141 502
206 340 29 462 408 56
308 143 431 101 151 194
563 142 32 231 649 73
151 96 244 699 115 163
192 23 189 268 398 245
30 86 367 31 706 96
461 306 126 243 453 192
272 92 148 427 132 215
244 13 204 45 69 649
342 94 293 556 75 152
2 266 338 190 121 219
108 223 119 138 34 433
11 121 362 453 277 178
322 16 620 162 124 166
306 491 24 411 397 106
33 622 2 33 823 116
54 568 348 254 270 443
177 76 151 74 324 459
155 322 192 39 783 82
708 210 44 15 405 81
16 469 20 44 939 7
272 327 130 437 298 209
207 257 65 490 54 210
10 85 413 253 515 16
348 138 217 346 49 371
82 439 167 138 688 29
214 372 135 155 176 550
367 326 110 364 182 247
531 312 125 35 41 553
72 551 42 300 107 483
140 188 82 294 414 114
212 296 233 247 217 151
292 498 124 52 142 291
195 33 174 504 166 13
2 147 614 162 664 32
308 536 147 94 35 472
124 241 527 42 188 719
25 174 353 345 295 311
96 179 496 58 487 365
315 513 105 17 335 0
117 655 120 19 49 420
12 244 283 388 32 230
38 467 57 513 34 104
594 40 74 392 524 45
234 167 561 207 334 134
477 512 8 592 21 316
62 193 134 195 308 329
14 620 1 134 707 40
398 110 471 432 510 11
46 113 208 712 180 95
136 230 449 52 300 239
396 26 78 215 135 256
30 718 205 196 685 60
107 128 750 32 748 43
61 44 674 218 86 421
39 704 23 626 111 93
139 255 418 277 250 454
123 399 260 398 328 255
252 107 389 213 612 1
63 656 238 132 717 81
7 24 821 320 11 461
293 379 198 264 17 653
352 149 437 459 414 51
187 49 208 421 181 148
565 23 225 235 122 291
696 209 63 57 427 177
241 80 142 72 278 240
424 4 553 435 258 186
419 222 25 189 31 36
139 173 218 6 640 133
797 131 9 416 98 72
135 511 103 390 161 200
78 407 281 176 411 56
251 172 252 395 358 107
430 133 253 201 94 82
400 208 80 198 61 91
252 150 45 766 43 35
472 228 148 203 53 551
163 357 320 170 19 636
720 8 65 390 105 298
7 400 92 354 0 593
187 161 488 123 696 126
255 457 74 48 304 270
75 190 692 90 838 52
221 193 154 221 207 241
48 208 69 206 141 20
501 77 405 524 132 75
458 223 228 170 483 145
555 82 352 81 158 712
206 179 363 328 348 274
89 317 182 302 211 237
439 35 422 426 62 91
37 244 102 216 621 21
345 129 229 94 267 250
222 169 365 238 195 547
183 279 164 166 190 89
213 10 649 123 224 275
238 155 533 507 28 216
466 63 265 27 243 69
373 247 9 507 271 34
106 621 232 11 400 317
262 196 203 178 213 462
9 15 473 214 72 669
298 173 292 18 304 317
23 616 60 9 28 535
111 254 280 465 309 187
542 209 148 131 210 503
333 135 381 135 135 330
410 477 61 231 325 103
155 634 197 293 355 350
208 25 460 170 108 125
391 265 220 311 178 337
315 197 140 457 248 291
150 335 281 0 612 216
558 9 183 391 174 268
342 32 232 373 59 249
137 4 651 203 153 388
331 348 138 355 249 349
236 700 60 116 416 29
47 635 119 93 9 118
473 386 4 27 59 363
509 100 391 17 798 152
172 335 43 726 47 186
648 93 84 232 251 286
294 102 507 182 113 549
360 106 25 6 37 201
57 626 122 37 253 437
400 445 65 339 62 72
131 133 286 525 130 84
247 51 276 73 487 91
234 456 226 487 210 198
232 117 444 37 326 220
228 150 386 176 115 538
745 67 160 116 766 96
348 108 164 80 45 173
99 616 102 249 420 62
463 364 170 237 152 555
366 299 284 213 274 252
484 153 204 815 13 27
380 223 317 464 84 170
111 86 575 344 268 280
3 63 188 26 577 335
322 405 151 218 391 79
436 21 92 67 250 276
288 269 425 381 230 92
346 290 333 360 73 534
134 145 375 203 385 67
50 641 34 195 329 462
91 189 542 283 109 194
0 103 688 234 42 560
549 160 214 248 294 435
363 11 339 255 378 268
344 231 369 270 214 236
297 101 257 131 230 185
358 11 624 581 118 290
167 50 674 261 120 453
566 77 29 98 225 142
525 112 277 419 245 136
12 638 7 488 107 45
52 875 9 209 546 225
640 26 279 218 210 530
38 406 481 438 104 402
96 186 297 365 170 344
126 351 14 143 92 242
176 134 424 275 364 85
58 322 456 433 341 35
187 464 292 86 486 38
159 318 4 96 419 222
308 534 49 90 89 389
50 233 614 612 16 173
854 16 88 138 103 344
41 462 410 37 127 419
152 630 107 727 186 10
229 254 153 707 44 141
213 35 119 206 137 350
279 118 504 269 248 147
453 177 296 464 225 97
431 253 116 63 748 55
457 255 113 50 368 452
461 292 56 333 531 100
414 399 47 324 31 378
97 179 185 503 166 103
49 684 159 490 103 252
494 404 78 69 365 131
137 490 201 71 553 161
310 290 319 195 29 649
106 654 223 53 262 470
101 81 771 12 20 399
123 670 193 430 424 130
11 161 566 13 244 219
104 41 124 127 307 165
17 92 490 74 561 40
609 80 114 441 57 464
160 66 659 71 522 241
280 500 168 246 193 415
282 35 556 267 381 328
49 9 879 253 339 313
344 136 49 28 61 196
218 271 153 250 112 106
246 1 485 179 329 67
284 170 288 640 62 152
294 208 404 32 125 720
392 150 178 448 109 172
61 171 762 92 403 486
525 121 138 230 623 115
277 573 78 163 519 210
115 601 239 476 221 238
234 70 62 703 111 124
244 189 191 170 791 22
176 435 224 2 603 129
133 698 46 27 383 94
533 110 307 368 138 466
234 329 374 514 451 2
117 359 114 294 5 103
299 79 367 278 42 162
190 220 243 468 60 414
484 260 142 411 88 92
255 467 178 476 175 267
269 144 15 616 107 40
243 120 447 209 209 466
484 63 158 104 218 319
586 265 63 308 487 78
44 569 200 227 7 435
411 348 184 584 185 221
641 77 74 347 37 263
328 123 251 200 208 151
294 338 21 53 179 4
314 417 15 279 241 473
343 67 537 125 110 423
543 137 178 162 446 38
329 137 63 282 110 375
215 37 604 32 78 207
384 489 57 372 144 130
529 383 34 147 280 81
563 244 64 491 147 284
26 33 596 416 274 107
542 184 249 6 715 77
210 532 19 436 60 323
154 370 445 146 49 670
664 23 183 164 392 276
57 160 770 168 191 505
176 314 483 296 132 238
52 62 235 193 200 226
11 66 614 189 342 299
34 165 608 42 407 276
73 298 415 135 155 703
185 497 100 27 37 750
42 331 423 115 384 54
95 41 320 417 114 152
104 527 106 279 58 408
34 70 799 321 209 286
161 237 179 13 385 346
201 83 159 383 291 299
438 84 429 269 6 590
644 64 287 342 394 167
466 61 311 673 86 56
374 246 186 372 412 68
332 59 83 226 188 291
184 60 285 136 554 276
224 439 194 429 94 252
68 842 18 153 456 191
305 405 271 340 427 55
133 292 342 56 16 205
2 176 590 241 415 342
731 53 160 352 45 98
249 118 238 270 146 541
164 408 298 430 75 203
313 114 491 136 513 143
22 422 139 100 752 136
455 486 45 463 127 131
59 174 149 151 30 316
86 444 88 93 406 170
278 48 416 260 447 11
386 28 535 74 475 392
198 375 19 89 86 440
305 132 217 115 683 50
122 521 213 387 152 385
400 80 339 46 222 93
217 270 145 128 263 297
