150 999
B 197 253 124 283 185 498
J 6 313 626 241 220 41
B 17 210 182 10 530 147
B 29 463 470 270 569 102
J 511 119 326 528 43 396
J 69 286 268 95 296 52
J 23 317 271 96 331 90
J 570 68 72 107 145 213
J 222 529 52 711 106 49
J 433 309 207 91 291 256
J 54 541 143 125 28 581
B 542 81 74 429 241 296
J 83 428 152 659 220 31
B 155 505 160 113 605 28
B 198 358 364 436 405 159
J 6 904 68 556 67 163
J 42 579 156 280 375 183
B 177 94 674 120 532 157
J 121 317 193 91 240 328
J 108 344 336 506 225 83
J 480 146 225 107 341 41
B 162 342 411 27 630 214
B 594 46 264 225 275 466
B 57 63 829 419 146 380
B 112 199 17 438 257 125
B 449 112 168 610 285 72
J 250 211 499 159 104 414
J 520 130 310 253 242 38
B 139 208 276 244 279 403
B 4 352 118 302 134 563
B 605 167 121 196 525 274
B 150 76 615 14 455 390
J 8 365 473 55 400 35
J 88 201 577 314 237 121
J 131 348 384 111 379 277
J 499 476 21 40 166 337
B 2 328 394 174 361 321
J 410 426 25 80 271 204
J 501 281 194 188 212 57
J 466 422 89 243 17 597
J 133 62 398 319 56 175
J 113 296 297 115 78 76
B 189 42 449 741 128 84
J 29 270 362 331 50 94
B 726 54 112 24 592 119
J 76 275 478 521 230 53
J 233 536 29 629 108 138
J 330 338 281 646 42 256
J 237 241 433 83 362 123
J 366 363 195 574 260 73
J 89 393 132 52 301 5
J 358 226 395 5 171 450
B 5 217 379 329 411 99
B 180 374 212 386 299 215
J 550 217 106 83 149 24
J 517 100 352 175 314 26
J 53 880 17 206 496 64
B 45 143 476 200 337 406
J 69 649 49 484 369 13
B 116 163 87 169 185 556
J 82 582 250 171 250 522
J 8 394 530 862 108 27
B 270 151 96 379 291 107
J 169 312 359 609 100 50
B 188 421 18 333 502 73
B 205 106 425 201 425 281
J 73 349 553 545 276 66
B 331 184 62 311 470 149
B 453 109 17 182 330 405
J 616 135 98 373 191 17
B 268 156 534 75 661 213
B 110 32 336 292 235 227
B 517 166 183 334 425 53
J 12 287 436 365 94 31
B 570 213 197 184 405 400
B 457 164 330 220 454 28
J 114 234 239 69 60 713
J 70 296 469 199 290 173
B 112 336 4 157 399 218
B 236 121 72 321 348 34
B 121 88 262 270 298 337
B 43 55 392 420 99 33
B 256 334 149 58 454 431
B 200 47 418 38 526 377
B 710 25 187 191 134 541
B 179 93 43 183 149 184
J 166 207 516 113 61 420
B 282 289 94 424 268 107
B 279 184 155 160 283 495
J 404 173 223 431 13 21
J 174 153 388 504 52 56
B 357 288 31 298 229 319
J 323 236 61 600 73 188
J 76 468 389 450 27 57
J 130 427 309 84 3 606
B 400 28 570 587 84 302
B 270 5 405 108 389 468
B 229 80 341 267 380 327
J 496 341 50 228 113 294
B 678 31 66 643 36 108
B 325 573 23 273 658 21
J 644 347 8 626 63 40
B 211 350 164 7 534 329
B 359 125 380 103 228 634
B 142 64 177 112 104 583
J 0 547 231 217 297 45
J 205 17 556 68 29 416
J 136 156 92 180 56 210
J 638 27 293 125 25 769
J 50 475 131 385 310 59
B 218 96 97 258 23 442
J 202 637 42 191 112 667
J 120 550 250 274 411 100
J 64 387 162 413 136 115
J 53 574 362 145 86 334
J 114 385 333 702 61 15
J 3 18 718 9 49 576
J 368 581 24 334 156 326
B 410 16 379 105 676 146
J 554 74 233 682 35 180
B 619 166 146 6 673 66
B 306 119 229 709 80 28
B 14 273 207 300 333 311
J 106 600 22 374 70 285
B 368 224 113 192 554 29
B 228 59 295 464 253 147
B 245 459 154 13 743 126
B 278 220 247 165 485 177
B 85 182 717 100 705 50
J 779 12 120 97 281 12
J 562 53 82 196 69 253
B 264 437 48 638 310 20
J 329 11 520 349 78 7
J 139 419 67 496 28 273
B 151 13 688 435 49 488
J 39 631 1 242 132 133
J 628 306 52 26 80 600
J 173 433 247 215 277 357
J 2 694 10 330 83 138
B 194 251 162 667 258 31
B 153 47 50 36 226 24
B 82 250 83 577 163 108
J 657 198 7 69 165 329
B 424 61 158 71 179 471
B 60 261 175 122 205 613
B 259 188 129 146 151 368
B 208 59 178 374 89 170
J 261 227 270 102 180 100
J 167 242 506 369 122 61
J 20 329 125 76 26 424
194 348 452 65 567 349
236 60 484 195 361 276
137 356 338 413 249 238
103 154 316 317 136 20
314 71 166 202 75 494
598 239 153 213 260 280
456 80 130 9 63 358
277 163 438 138 102 741
201 472 89 4 232 541
116 98 786 799 88 79
307 637 52 58 698 66
382 284 252 170 349 321
202 344 114 182 335 46
260 189 244 91 95 332
18 599 23 409 293 245
309 243 158 843 34 94
3 779 139 199 146 233
6 336 205 719 50 165
23 151 270 73 81 275
351 322 316 325 8 438
144 360 362 296 107 3
30 429 377 50 295 178
273 298 422 200 116 243
211 162 155 316 8 652
249 333 390 340 199 172
290 370 21 99 297 36
245 129 238 498 17 201
241 76 123 167 201 298
50 232 518 513 30 230
89 425 271 105 477 274
428 182 62 271 88 294
403 42 250 188 374 259
292 36 261 24 293 497
57 22 629 161 183 335
660 83 220 150 606 100
125 99 770 414 213 56
92 158 73 124 328 363
107 256 296 515 169 63
596 241 59 252 29 488
411 251 68 190 32 199
228 707 21 195 453 316
100 277 367 16 511 414
548 57 359 397 362 126
361 66 143 65 311 78
302 149 101 35 345 434
140 183 363 58 117 450
6 160 354 272 125 107
27 412 405 243 528 176
442 83 180 120 307 320
748 8 11 365 203 288
2 363 538 747 184 62
377 286 179 236 52 425
650 125 120 250 252 147
52 645 8 482 330 34
441 300 84 68 481 62
226 336 126 241 630 69
448 154 225 594 241 142
135 423 25 367 67 416
752 155 28 158 691 9
353 246 41 554 172 169
49 186 651 362 117 503
2 211 695 257 242 443
943 5 22 504 244 152
89 223 100 193 166 289
474 394 51 19 287 86
688 32 197 413 81 146
423 197 292 249 242 417
546 188 154 552 142 232
300 524 138 448 50 378
14 510 222 120 208 135
126 485 380 723 101 33
479 143 316 355 14 419
215 307 17 33 32 377
342 243 301 330 375 97
164 243 575 13 201 81
603 39 139 432 282 171
248 353 360 546 178 157
286 176 411 491 322 96
56 218 449 459 60 167
788 8 192 106 108 275
20 38 591 355 38 229
64 755 166 360 197 337
213 12 754 376 438 52
98 549 211 192 46 707
293 184 482 346 86 19
566 126 99 469 73 299
241 641 40 192 576 150
215 60 712 160 426 401
368 267 242 154 15 739
204 235 273 198 341 163
191 369 384 127 625 118
253 149 557 26 364 525
614 301 82 54 254 590
11 217 486 159 627 30
28 185 52 372 311 124
558 240 63 211 408 112
757 130 82 168 302 229
583 117 180 301 526 118
474 252 170 569 91 87
256 193 419 214 91 146
94 807 37 379 96 178
43 936 14 157 384 206
152 554 136 228 520 4
264 557 24 120 497 376
600 260 101 139 127 147
196 163 297 150 178 412
567 321 27 24 108 621
106 133 310 91 27 683
166 538 98 531 211 214
18 256 103 480 336 26
367 32 276 707 153 97
171 198 410 513 155 32
294 513 151 178 480 61
354 29 502 353 30 277
98 347 105 320 55 236
500 137 150 22 338 131
693 53 64 321 380 55
167 263 7 140 95 264
23 443 449 517 209 209
17 248 540 122 1 765
270 414 148 396 218 295
109 123 694 31 412 29
20 207 745 506 330 82
205 667 116 200 612 109
156 229 434 135 61 249
168 126 507 376 82 0
121 21 468 625 27 151
275 476 145 409 155 152
397 70 524 547 197 137
146 160 374 238 530 8
707 184 89 177 43 233
59 224 613 243 32 106
765 22 62 204 648 1
39 431 523 315 83 85
59 109 794 420 362 164
213 238 546 247 467 231
568 157 10 575 249 110
78 390 163 289 277 211
91 159 42 27 106 789
114 597 65 372 293 77
464 142 51 193 205 547
440 7 51 436 310 45
467 445 46 391 249 161
202 109 659 102 295 96
516 84 154 232 387 261
69 267 327 23 111 124
57 429 234 273 294 197
166 186 85 592 391 1
471 70 436 192 154 6
8 397 201 31 61 608
216 65 512 465 225 145
44 603 55 70 559 212
484 2 133 16 52 756
502 370 95 133 350 426
194 391 222 308 290 57
219 230 452 428 179 153
34 741 64 85 129 359
192 20 172 194 94 360
96 230 336 386 19 47
545 3 445 361 259 141
514 203 279 204 356 418
93 34 411 109 147 27
100 230 55 614 101 211
685 107 91 262 369 208
156 550 171 350 12 404
143 158 166 380 239 100
335 133 80 83 263 46
352 135 511 152 38 476
419 301 30 368 165 169
171 325 82 514 362 34
278 154 557 603 184 10
396 210 271 76 307 389
226 525 238 274 15 555
202 50 490 213 476 112
817 62 40 76 26 676
608 28 181 251 548 35
554 28 207 242 15 89
338 229 30 514 0 413
302 402 191 120 270 372
421 160 288 150 222 515
258 5 598 688 210 13
461 41 104 497 326 159
399 246 123 506 178 251
248 270 97 141 96 755
163 319 135 212 647 42
123 39 595 785 14 26
138 243 16 209 128 647
426 140 164 9 81 636
107 391 36 74 394 305
725 60 123 165 219 88
150 403 289 30 414 144
1 138 818 205 113 570
347 223 259 198 322 194
137 169 266 342 531 70
3 248 560 364 381 244
472 113 405 21 134 729
42 130 189 233 468 134
358 153 267 49 428 275
127 81 688 83 334 78
12 344 421 421 83 231
133 109 493 307 197 183
107 317 179 123 640 129
176 479 200 5 473 491
164 539 227 192 50 361
371 71 45 302 156 489
156 20 505 38 518 241
0 708 225 323 242 379
113 222 244 10 25 345
668 149 130 95 66 170
616 205 10 545 137 175
320 265 149 27 376 356
353 244 396 42 609 142
309 235 164 322 510 5
321 166 404 387 335 140
9 282 365 36 450 119
282 488 194 64 756 131
227 360 253 58 198 330
477 10 168 423 314 72
187 244 153 556 233 147
201 333 137 26 623 199
254 184 387 346 46 272
620 83 259 49 213 660
81 383 47 114 686 180
35 460 83 146 56 377
439 314 108 320 202 12
115 86 691 86 147 213
156 43 565 370 13 476
94 280 388 337 96 274
171 51 602 815 63 0
64 289 287 372 236 1
204 58 259 239 149 60
433 129 272 262 295 350
124 578 4 639 40 21
223 366 250 169 477 47
174 138 409 423 341 202
139 402 430 566 203 74
292 134 247 51 315 333
463 77 358 342 230 320
515 451 26 172 208 64
80 119 200 125 193 265
299 27 622 540 240 199
63 79 695 111 410 63
193 356 112 98 539 34
33 446 172 223 601 43
603 252 14 57 417 516
440 71 385 161 832 5
16 145 233 310 118 42
159 243 541 530 149 77
246 174 45 81 647 178
0 10 545 193 143 370
657 3 169 379 178 220
82 690 226 762 83 144
82 591 99 679 13 277
24 350 469 366 178 81
73 432 83 272 60 283
121 162 381 883 37 7
493 230 88 558 0 342
431 311 101 428 136 239
146 200 474 384 94 111
459 17 27 51 432 367
243 168 427 112 260 127
440 90 277 596 208 194
70 284 141 144 199 375
513 16 183 768 91 18
565 167 206 148 509 326
543 12 391 8 304 581
327 288 97 446 35 103
577 230 47 529 47 397
387 211 244 384 58 53
140 229 330 373 250 162
11 760 186 458 224 187
63 360 426 619 3 337
165 62 625 324 362 13
186 437 121 30 117 512
179 140 573 75 425 11
16 514 62 164 629 69
555 137 120 215 442 108
386 209 248 443 98 390
31 137 246 229 475 206
142 140 284 169 283 58
75 220 382 231 190 220
214 16 643 466 269 237
401 10 587 516 311 17
179 449 119 500 408 46
31 355 125 388 187 319
7 246 104 246 435 196
180 419 7 729 129 82
493 58 425 180 504 235
112 442 385 150 138 599
386 101 168 384 26 523
125 85 419 239 28 430
351 206 250 582 48 206
16 348 621 296 65 330
399 21 64 14 295 382
171 501 119 177 543 221
4 71 250 57 225 487
271 178 29 348 215 338
19 110 518 12 23 209
145 27 628 25 174 666
518 11 144 232 396 366
118 40 299 774 48 12
355 55 193 618 29 284
285 555 140 306 95 437
13 833 17 113 579 109
398 453 143 604 22 210
500 68 304 159 198 444
628 233 2 57 138 235
58 53 285 198 190 512
62 25 599 290 601 44
379 6 207 262 433 293
219 572 152 105 518 199
297 242 217 5 209 158
521 61 27 255 133 351
526 143 303 715 156 114
13 565 121 693 183 75
581 181 234 511 255 17
69 182 467 593 37 282
425 253 99 213 85 601
419 17 361 252 147 310
254 300 193 115 237 566
251 91 187 132 256 286
177 209 8 43 215 326
224 43 20 315 32 107
98 153 272 26 587 246
483 285 117 82 58 294
30 441 22 318 92 347
849 7 5 369 120 296
15 832 18 524 69 307
407 67 435 722 139 30
161 56 189 705 97 164
134 494 50 413 397 41
240 208 501 119 559 124
675 130 102 633 28 91
21 175 426 490 141 118
37 436 248 102 464 244
2 189 638 488 320 116
523 67 158 561 130 112
115 105 683 222 252 440
240 13 115 119 102 467
197 274 448 187 411 168
180 449 151 510 112 192
216 28 343 274 193 446
99 452 266 79 217 125
319 388 203 318 306 22
219 407 43 435 109 69
18 167 14 80 176 513
533 226 200 619 139 136
314 324 230 93 30 743
296 264 106 162 600 160
174 160 538 264 471 161
142 40 664 37 294 49
136 66 183 491 188 169
163 495 0 766 96 38
26 850 112 94 332 536
42 222 483 50 167 333
708 26 208 682 35 184
586 113 8 281 114 323
391 346 234 167 32 456
517 218 14 179 632 153
97 205 156 26 151 165
211 325 65 54 351 517
154 331 242 244 577 67
157 355 393 537 140 112
271 105 322 523 78 221
315 25 480 584 108 138
163 215 306 27 418 142
397 280 66 273 182 395
81 8 436 114 10 312
55 387 430 245 195 251
477 64 151 12 498 280
219 14 329 735 3 228
138 508 277 273 344 259
56 305 80 17 624 240
468 29 318 116 148 570
541 260 24 349 35 21
259 346 120 44 215 595
461 197 327 152 738 79
340 275 286 61 413 148
170 538 59 205 287 287
336 16 455 747 180 52
661 231 108 392 439 126
382 251 127 164 141 226
266 573 42 100 288 405
217 584 63 204 423 1
87 454 422 688 103 94
40 139 579 480 61 94
54 389 468 130 185 463
23 329 54 429 276 152
132 481 260 120 60 488
260 280 57 43 603 202
106 597 212 320 503 37
10 425 29 231 375 326
51 320 581 73 412 491
128 415 91 816 19 44
117 575 10 249 564 4
36 275 535 68 547 252
18 215 476 21 211 176
193 342 122 211 114 1
126 126 451 387 167 274
282 170 538 88 574 314
278 177 93 159 182 642
672 29 191 335 582 75
224 100 360 733 53 177
249 199 8 150 3 826
169 88 552 455 72 175
203 397 300 140 85 466
69 277 256 300 26 673
430 257 95 26 177 444
47 18 623 607 213 82
354 242 395 66 220 271
631 277 49 301 2 474
657 191 83 417 213 324
568 84 260 186 463 64
354 21 422 484 368 47
138 130 565 293 255 110
524 36 398 149 652 148
45 641 35 20 744 221
75 396 278 57 462 341
138 433 411 87 365 65
162 103 376 17 61 145
345 371 228 418 48 217
136 397 276 377 84 176
475 69 298 678 64 26
246 228 389 306 411 127
108 213 481 165 124 293
78 522 344 325 259 110
234 237 369 353 277 256
10 348 35 69 429 299
487 86 63 110 239 191
34 437 437 61 418 487
419 246 23 235 142 156
85 505 137 575 20 20
334 554 54 215 117 288
118 147 73 132 188 560
166 542 193 182 251 475
96 174 259 549 68 21
197 299 46 104 80 637
542 15 246 474 449 46
202 26 282 332 252 256
18 402 35 113 452 24
375 161 249 4 88 244
205 446 45 2 476 398
293 122 457 334 19 9
42 545 152 502 301 29
67 351 230 698 116 13
422 200 198 62 23 809
86 110 604 284 195 384
724 6 116 588 134 62
163 94 214 685 40 66
92 10 611 738 165 11
419 123 432 540 290 47
373 9 530 407 102 487
220 101 397 23 572 150
8 891 100 863 23 45
212 63 602 48 175 37
5 6 300 59 264 17
132 232 319 161 108 623
304 7 167 141 269 156
472 6 448 537 204 85
359 466 168 433 275 286
322 77 150 514 2 148
112 521 152 140 124 240
366 291 3 200 59 177
135 207 32 28 171 753
16 510 129 214 53 328
181 271 508 849 2 140
339 105 142 290 210 44
456 280 36 388 114 120
53 117 784 582 316 87
119 153 425 634 3 97
393 103 32 464 29 240
398 220 220 213 408 140
158 2 802 233 26 150
35 506 330 288 598 10
374 195 421 481 135 186
140 222 293 59 653 29
49 810 80 46 319 98
93 526 181 141 563 155
61 358 90 13 685 183
437 299 27 88 694 177
94 235 133 27 438 334
305 578 78 129 55 715
44 343 180 140 316 334
385 325 7 274 461 130
394 77 33 200 109 224
189 161 429 614 164 86
133 318 97 293 166 509
27 392 205 187 185 617
281 138 26 280 228 162
453 38 79 44 83 35
208 442 209 149 114 554
34 229 452 38 219 101
294 34 208 189 237 432
625 195 160 58 280 304
189 582 212 263 553 65
206 195 235 171 137 190
291 33 214 381 179 373
624 267 79 171 734 85
106 132 729 192 404 403
97 681 195 85 374 87
265 225 311 67 18 786
45 589 2 243 106 34
147 370 249 225 427 260
106 121 244 68 173 147
89 236 51 236 505 97
176 592 166 677 1 238
561 132 28 33 631 154
85 619 201 568 233 113
386 196 202 243 108 439
123 177 594 49 101 376
222 12 691 230 523 150
257 151 301 208 123 565
405 127 86 218 61 164
588 83 233 77 175 716
278 328 56 125 781 41
318 132 148 188 40 241
45 59 77 284 84 98
378 205 120 139 210 637
241 7 751 627 9 224
106 651 151 89 531 123
17 534 262 607 255 100
73 60 656 22 343 301
113 371 289 315 69 4
358 65 34 160 88 193
46 518 95 202 181 106
87 235 562 8 670 258
6 162 220 221 126 422
203 167 33 35 117 514
567 126 270 314 95 84
208 436 250 245 188 74
646 61 172 141 273 430
107 534 351 258 276 76
324 568 54 121 134 708
136 323 401 50 143 30
663 22 306 433 95 44
137 294 527 254 24 313
86 447 10 131 116 59
597 119 192 282 287 22
40 825 13 156 368 314
161 668 96 345 518 133
241 83 541 28 453 500
329 270 176 347 108 107
479 74 8 569 3 220
162 363 158 356 96 274
202 491 199 584 264 134
211 154 499 282 40 196
144 505 65 249 547 124
110 385 363 413 396 141
174 587 11 13 122 650
169 292 478 279 217 264
5 236 274 144 403 132
214 329 77 156 575 77
769 120 89 93 105 380
277 442 232 115 189 533
58 416 270 71 377 400
261 176 422 134 627 216
90 256 423 610 265 42
671 46 202 316 504 142
509 361 49 43 532 319
207 419 372 442 62 426
761 0 63 54 529 362
74 117 36 399 110 95
43 551 258 10 418 168
241 432 165 41 122 737
350 147 94 47 463 133
206 353 94 111 175 504
234 475 71 476 172 284
71 35 874 176 56 114
489 157 73 7 323 113
94 70 28 144 53 654
285 209 202 92 35 360
159 598 34 67 263 491
254 156 166 166 170 497
268 436 1 54 782 2
118 316 194 497 226 81
20 42 167 274 144 84
444 74 405 482 65 243
127 360 4 141 56 592
432 1 151 33 17 481
379 296 102 62 129 709
490 116 364 121 91 228
749 18 169 135 258 211
225 295 195 146 112 269
316 496 43 113 403 81
531 261 178 613 196 138
660 258 46 84 573 105
16 824 149 145 258 556
116 199 311 94 72 201
59 56 423 245 237 273
294 368 172 117 382 91
606 93 39 208 117 550
544 204 251 769 98 108
859 17 1 112 189 486
20 110 209 6 228 77
470 146 332 226 368 5
117 352 70 193 698 107
45 112 297 56 240 335
117 283 175 153 495 96
174 113 568 267 343 209
100 100 715 80 553 286
258 485 0 510 230 156
107 320 270 357 270 206
61 405 427 481 92 293
433 282 245 245 68 153
119 320 59 449 157 189
99 212 687 134 454 243
396 45 402 511 154 148
141 157 484 15 167 644
56 52 855 427 52 310
508 228 253 446 15 64
189 96 114 34 477 162
153 155 324 100 11 304
63 387 17 361 142 173
10 268 442 487 60 79
14 352 154 182 410 289
131 340 150 187 300 45
289 165 352 286 443 85
120 376 10 249 181 462
388 151 61 22 122 669
77 457 328 147 380 219
384 40 194 140 245 321
502 266 192 203 10 565
83 469 407 288 322 38
595 142 154 34 265 233
222 396 272 411 344 225
346 123 157 232 155 262
75 368 240 267 420 141
297 133 261 459 8 497
253 436 139 119 689 81
568 7 328 7 971 1
367 225 162 134 207 472
352 288 158 84 44 377
227 563 56 578 75 239
243 222 111 167 678 38
119 444 71 5 450 54
585 138 6 230 303 293
36 413 430 312 36 172
486 169 264 218 30 537
490 95 123 498 67 348
276 320 62 110 235 235
235 63 496 189 127 321
54 162 590 105 277 165
380 84 133 10 340 171
216 85 155 28 168 443
350 81 191 817 22 107
79 439 396 304 133 307
120 170 642 67 170 363
60 309 550 90 53 636
143 305 470 106 553 30
340 152 415 65 275 79
232 356 196 183 159 407
317 196 279 173 133 142
481 181 180 63 158 660
214 248 473 338 222 8
76 18 630 202 31 304
120 85 198 52 184 396
384 39 576 81 212 699
368 122 248 80 148 357
713 113 147 616 93 175
390 143 374 240 204 316
182 108 412 129 154 146
368 234 127 309 122 359
419 109 46 255 441 194
134 824 18 111 604 81
444 123 332 75 488 277
274 336 330 76 754 136
172 245 60 200 208 292
235 579 11 240 256 101
139 651 195 225 58 388
216 244 258 200 153 552
539 306 103 185 193 190
86 254 635 432 154 322
167 133 75 125 398 293
279 306 361 2 715 249
17 350 250 64 540 109
239 62 18 202 154 212
398 422 14 62 384 462
442 38 447 709 252 24
41 418 252 143 136 718
393 416 31 565 3 242
341 129 304 62 188 201
140 509 209 251 334 286
266 99 395 192 328 404
530 384 6 1 225 469
377 288 38 31 228 569
205 246 52 364 160 335
190 428 67 217 202 38
32 298 295 17 95 673
310 332 112 251 521 186
520 215 20 95 259 580
338 75 239 221 151 226
188 636 109 45 228 86
69 584 260 15 694 174
188 88 401 560 49 361
65 26 394 262 56 611
181 93 206 295 356 138
29 182 505 818 90 82
28 15 427 53 454 29
46 253 454 448 241 81
172 197 229 634 248 78
52 223 628 49 249 301
359 138 423 555 167 81
44 292 38 153 280 100
98 134 200 437 24 16
234 17 564 201 318 38
462 184 73 126 653 40
277 76 511 444 114 245
445 418 79 451 110 393
330 136 259 337 321 217
38 471 124 100 700 139
557 204 234 150 399 226
174 262 220 370 286 150
127 371 387 310 73 574
271 124 181 172 68 244
425 279 103 525 213 12
278 335 285 497 239 71
152 64 779 50 273 236
180 582 191 411 123 410
210 62 242 220 6 42
108 637 250 337 505 65
183 124 690 273 33 375
13 700 13 40 685 229
331 268 356 467 433 77
146 529 314 83 69 684
524 5 200 70 56 300
164 471 66 94 250 143
40 459 107 268 222 509
431 245 274 345 23 295
47 824 14 564 64 288
555 301 129 39 72 456
29 722 128 293 171 448
590 11 373 35 383 337
40 354 164 444 284 58
434 143 105 481 64 362
9 488 371 477 1 316
230 149 602 58 208 657
548 31 104 301 419 147
56 86 629 424 82 231
347 125 260 577 293 42
355 113 165 581 28 78
68 845 33 118 781 80
107 92 718 356 326 76
618 37 68 431 211 308
93 132 426 179 124 90
11 385 22 324 104 354
286 396 237 213 347 198
48 228 684 135 384 415
285 460 12 140 135 602
170 38 20 186 69 242
236 522 165 543 17 269
287 153 413 9 879 92
182 147 157 295 120 216
508 401 11 122 157 55
209 290 236 133 75 473
498 223 126 130 178 376
452 277 44 216 212 321
281 200 353 359 7 418
230 480 130 242 274 369
562 283 66 31 72 482
50 236 607 546 339 107
48 0 564 8 178 46
267 424 29 382 371 55
1 133 733 54 202 432
317 48 145 209 331 207
112 625 261 283 134 418
76 282 325 577 70 69
113 136 677 105 460 138
405 283 170 224 3 325
250 454 256 65 305 273
16 286 188 18 486 379
245 212 163 45 430 465
358 32 281 420 386 180
136 104 242 233 436 190
369 190 26 122 351 307
422 280 292 163 296 28
85 292 95 554 168 126
8 376 69 191 308 124
84 14 106 270 70 105
386 7 295 32 221 30
773 50 132 402 237 361
112 280 542 222 114 49
154 233 220 599 71 173
126 166 534 100 83 127
98 128 198 303 364 85
359 100 193 362 430 85
128 615 239 821 3 109
271 381 18 324 334 286
254 207 529 183 69 352
27 588 161 312 136 295
236 287 222 74 346 7
124 74 731 104 64 667
23 315 54 155 77 267
177 129 632 220 334 261
380 85 427 521 227 102
183 408 122 195 127 544
267 162 507 664 91 38
82 262 544 405 148 377
256 381 113 102 499 228
63 547 187 167 35 665
351 143 323 125 187 336
327 134 462 347 293 214
507 37 113 5 608 54
525 4 337 109 459 145
537 62 269 99 80 751
212 48 171 64 208 446
73 552 72 387 76 184
883 53 32 159 491 227
244 38 300 78 115 545
365 186 231 62 411 260
177 327 411 671 72 70
201 250 101 688 212 62
246 655 64 263 297 182
81 13 828 505 227 213
228 45 124 442 71 273
219 113 551 117 706 167
134 237 482 73 156 94
464 358 66 101 125 207
5 425 180 338 133 458
401 366 76 303 445 211
11 341 338 190 345 460
525 383 28 315 277 206
501 226 158 163 774 15
455 102 147 640 178 130
107 157 501 58 485 453
333 95 47 519 150 192
318 160 518 136 397 65
79 234 638 538 88 333
416 45 262 15 19 302
377 145 111 112 463 42
710 57 94 25 596 168
151 476 100 20 345 201
367 212 187 365 258 78
278 85 2 75 212 390
417 60 436 105 194 512
451 431 94 352 528 17
164 196 599 137 239 576
47 209 493 287 401 53
180 458 6 396 0 175
432 240 36 27 148 368
430 476 40 272 553 138
332 325 77 59 200 142
137 100 295 262 105 570
215 264 441 707 121 141
231 94 306 330 9 12
350 135 321 369 243 26
108 258 232 322 249 241
635 120 66 270 142 350
616 120 260 211 237 329
25 117 188 659 82 21
282 107 439 4 382 430
190 29 510 594 169 26
87 222 74 80 330 203
226 147 247 360 163 100
205 415 172 88 133 694
312 50 541 70 355 96
80 692 43 392 186 42
93 40 848 346 403 196
27 372 435 396 220 136
89 218 420 172 95 469
237 117 493 175 167 539
253 117 103 0 58 251
107 384 170 282 257 399
388 63 398 524 106 143
179 13 246 155 214 307
120 78 543 491 39 305
150 455 375 19 468 434
45 86 840 323 484 132
201 116 392 117 293 255
57 347 544 645 24 90
238 383 272 5 130 571
547 25 279 24 94 487
169 107 366 121 140 411
7 286 516 3 91 454
64 641 51 26 862 82
675 22 4 140 694 50
430 17 137 104 267 613
117 104 665 115 14 520
285 74 291 360 346 41
531 118 207 405 390 30
163 104 504 38 187 461
505 134 1 37 629 248
137 103 352 153 97 256
308 99 412 469 325 40
167 210 475 321 535 0
323 81 382 169 205 410
439 70 313 635 40 130
243 70 249 555 412 32
411 210 11 10 231 535
18 176 201 210 300 130
289 596 49 210 129 130
443 0 134 171 63 515
244 398 254 305 89 198
77 35 757 162 41 498
674 33 102 483 90 142
164 71 581 526 70 65
440 186 128 365 154 30
251 117 50 30 248 466
140 34 361 11 153 5
190 374 414 551 218 105
743 143 105 466 115 95
680 93 6 71 196 118
36 775 85 426 44 424
385 8 497 330 95 61
129 9 593 27 307 586
29 211 720 356 68 180
21 423 327 463 295 225
156 455 273 212 361 137
121 134 600 81 73 331
91 263 132 105 23 167
539 207 153 277 154 266
271 53 286 304 365 327
25 334 570 31 83 435
203 521 262 18 377 270
181 78 28 111 12 153
58 233 73 166 197 2
107 686 177 155 627 12
298 56 14 963 22 14
482 209 219 409 59 90
322 417 240 0 760 203
771 113 57 214 108 424
63 875 25 157 116 582
137 825 14 110 581 246
567 8 107 144 199 111
377 280 281 590 30 305
262 124 148 530 206 202
228 333 364 293 162 521
4 550 3 303 209 22
55 434 201 2 183 442
913 20 21 158 236 578
90 584 58 476 1 486
347 114 165 165 101 227
420 132 322 259 215 173
138 405 203 203 259 528
104 453 191 406 17 139
164 278 53 55 65 301
513 196 222 54 631 166
45 10 834 629 75 77
166 32 521 198 26 527
671 196 69 277 72 205
110 701 154 195 388 97
292 239 380 25 25 485
197 128 247 118 320 80
223 208 3 292 549 79
31 49 615 35 252 324
318 356 276 143 280 186
49 440 452 417 551 14
557 202 214 259 115 119
583 220 157 495 407 91
130 506 235 466 62 111
225 200 218 141 223 425
32 328 550 698 117 104
121 126 202 490 153 339
116 278 380 254 512 47
249 255 355 18 192 484
44 462 335 167 371 20
59 276 598 171 193 363
257 419 183 131 474 6
258 219 462 817 149 23
189 207 229 433 99 303
162 68 339 278 134 377
232 161 332 88 472 77
185 663 108 439 110 81
59 54 165 63 97 461
505 254 203 60 231 373
297 412 261 594 10 179
98 313 400 212 221 562
340 9 531 110 127 430
484 270 155 669 50 227
185 262 127 54 105 559
169 483 228 618 294 40
255 277 152 7 520 15
190 654 21 109 196 595
0 299 221 143 721 85
238 5 512 226 617 135
339 77 541 46 802 49
477 276 27 92 14 638
512 132 53 4 372 603
211 488 40 182 644 163
427 191 72 174 133 337
46 247 625 44 481 368
276 222 16 123 310 42
150 413 4 108 647 185
114 123 375 46 552 67
787 1 98 4 615 280
146 181 126 57 191 325
375 292 235 56 104 253
280 93 428 49 561 280
415 150 213 224 322 279
185 129 163 56 488 210
51 515 192 347 144 296
225 149 216 33 258 604
162 634 77 130 310 39
343 507 89 173 185 78
13 282 85 28 538 67
316 140 215 107 41 451
539 34 11 70 33 679
18 35 426 452 269 39
7 615 61 69 276 293
249 554 44 658 39 281
