20 103
J 522 60 157 241 97 297
B 653 45 186 36 546 119
J 55 501 90 577 15 334
J 170 214 421 47 226 422
J 25 243 195 271 83 275
B 431 261 258 334 424 96
B 430 15 93 433 260 88
J 61 580 285 92 235 54
B 261 62 230 242 110 534
J 368 217 379 223 286 217
J 176 695 126 47 685 90
J 391 194 272 547 59 264
B 488 56 356 317 425 86
J 260 299 388 63 162 160
B 30 516 381 59 648 235
B 323 374 192 33 633 249
B 288 149 542 367 392 95
B 3 412 443 200 334 25
J 128 352 51 166 272 365
B 186 263 153 288 379 140
42 378 420 14 623 282
221 295 139 116 411 87
213 471 162 151 201 486
256 111 115 199 305 32
107 252 333 65 472 377
282 554 150 190 670 138
82 384 533 46 326 171
4 160 54 57 115 652
68 458 64 227 179 266
382 450 64 392 8 216
263 565 86 29 646 79
140 216 248 55 326 68
84 679 189 406 496 74
696 196 5 185 317 323
346 88 363 142 200 250
525 153 22 324 653 17
39 349 592 77 618 34
39 294 651 233 36 95
180 83 553 252 354 115
359 445 127 649 18 262
618 146 44 254 316 99
64 406 289 160 344 200
350 8 491 582 109 165
69 633 168 9 340 553
49 333 353 124 68 496
250 268 389 162 443 195
42 634 33 673 73 231
860 3 78 169 191 164
408 138 210 67 194 341
381 474 106 405 26 501
87 182 467 60 650 128
294 305 400 220 417 201
207 342 125 125 384 99
202 285 130 401 229 237
28 233 307 629 188 60
533 154 293 156 152 411
599 207 79 22 184 293
334 342 154 53 171 463
250 472 78 229 102 295
273 417 231 438 218 122
7 674 220 3 355 182
135 624 9 787 12 116
329 113 388 93 57 373
291 12 494 111 319 397
629 196 172 169 504 308
777 15 199 148 379 46
56 663 57 363 272 12
74 371 518 240 130 80
200 236 147 28 525 379
443 16 405 130 551 225
627 75 191 265 56 459
49 517 253 426 99 176
68 215 489 665 106 66
117 574 285 269 504 101
31 173 737 15 379 276
199 305 463 409 454 133
95 100 235 219 15 539
571 73 105 171 548 30
198 3 760 238 198 402
336 101 518 326 51 359
49 246 111 137 417 127
211 580 19 339 313 328
165 177 208 83 153 171
326 518 66 13 784 142
278 404 126 51 256 690
62 195 263 326 38 458
336 275 369 449 333 197
259 55 140 450 329 136
305 77 323 492 299 177
368 268 148 591 254 150
308 96 339 81 90 238
469 41 99 120 274 93
262 479 69 96 531 310
242 301 397 577 80 16
374 43 515 193 279 504
90 224 635 247 425 314
3 242 421 333 110 380
307 490 182 126 302 168
362 219 128 51 274 16
243 253 29 373 583 40
186 513 176 400 190 125
43 2 892 191 47 379
72 287 4 388 411 11
246 104 96 717 14 97
71 591 271 409 406 133
144 480 310 102 343 392
626 96 108 39 677 182
283 9 652 31 172 427
300 76 315 55 199 488
362 213 401 497 5 481
148 286 528 368 92 209
406 233 213 645 98 52
230 133 394 132 172 22
712 82 179 171 237 273
425 184 123 120 310 25
253 491 68 366 191 100
169 202 146 300 418 170
3 196 605 285 102 489
257 0 702 466 107 182
8 740 228 441 151 31
553 249 54 384 330 221
35 434 512 206 198 370
171 134 111 321 83 352
