15 30
J 364 388 221 134 6 544
J 238 502 246 215 42 350
J 298 466 157 44 572 30
B 282 25 475 168 315 446
J 448 175 331 144 222 15
B 426 331 158 51 709 83
B 228 273 281 116 369 415
J 249 578 33 335 335 60
B 3 156 97 185 132 475
J 200 189 381 43 407 60
B 94 369 77 131 649 100
J 144 307 113 109 115 207
J 220 539 205 528 72 363
J 10 296 417 354 155 305
J 206 272 225 24 114 56
174 337 196 206 631 97
27 710 63 301 64 468
250 91 479 359 186 436
37 347 271 6 195 382
208 221 119 149 335 68
267 18 697 131 356 182
159 28 793 90 404 451
767 44 126 267 72 25
70 133 116 27 19 398
177 375 407 180 30 438
474 245 225 324 272 25
47 245 324 668 166 102
4 441 336 173 124 466
104 137 203 531 15 20
162 93 640 410 136 55
226 290 238 92 179 346
495 125 364 256 182 385
112 664 23 57 357 50
318 240 31 39 697 84
20 296 267 84 388 168
594 115 112 549 160 103
299 306 18 38 262 466
457 193 313 377 275 234
102 220 378 163 85 84
112 192 609 86 226 557
449 97 437 64 272 185
0 162 588 169 527 261
315 264 406 606 83 238
179 39 139 229 68 523
370 222 104 334 495 25
