0 2000
241 73 654 479 37 382
363 336 31 9 590 146
155 396 311 466 84 425
327 153 232 37 271 544
412 102 67 543 198 19
372 134 67 493 121 357
698 134 42 549 222 112
437 331 79 637 109 240
125 444 405 110 297 528
67 250 460 424 144 35
300 212 249 425 425 134
18 248 261 310 121 531
19 289 111 174 438 215
45 187 277 128 420 19
397 213 198 191 422 305
29 226 185 390 145 20
320 248 289 45 655 170
243 132 403 767 36 152
307 337 5 438 10 279
137 219 312 187 40 82
5 42 912 239 290 272
459 137 323 84 42 840
246 2 140 27 749 180
5 490 174 774 22 93
541 164 277 19 438 169
238 222 251 18 76 339
216 287 460 54 334 483
98 60 713 28 513 209
273 177 388 711 94 37
332 106 272 74 491 338
83 335 203 432 401 73
461 319 6 564 127 206
63 216 259 119 396 148
46 292 260 476 48 466
273 428 288 109 73 126
360 78 416 272 85 636
91 551 273 45 126 460
16 135 604 506 75 385
242 352 312 189 23 65
12 55 205 62 415 107
22 90 398 231 579 14
463 315 7 171 503 97
669 20 192 252 415 114
49 513 344 78 247 86
608 244 88 43 394 360
309 207 214 163 442 47
168 130 62 509 258 150
123 463 174 44 509 223
232 383 73 18 423 423
77 350 48 366 146 127
192 416 168 98 503 358
202 548 231 592 17 320
152 303 17 81 384 296
221 524 121 276 399 174
39 661 248 146 217 383
477 28 139 441 264 214
394 42 355 460 41 199
105 228 653 305 121 268
405 28 556 30 59 273
117 93 324 191 72 89
552 28 112 355 244 15
514 321 68 330 27 606
94 6 564 441 495 46
10 112 612 657 92 30
51 709 122 77 187 245
182 17 199 8 628 194
710 6 85 19 298 395
547 218 30 227 169 466
403 314 252 196 342 371
327 236 309 197 597 62
245 175 398 60 405 94
464 24 13 129 390 378
605 141 11 50 579 43
241 287 342 106 463 400
154 355 169 86 184 158
95 648 229 94 317 263
386 116 339 164 57 394
445 121 90 129 541 163
127 224 111 152 353 175
41 709 162 290 463 244
179 159 489 750 40 173
146 88 471 104 415 1
158 211 238 181 1 210
9 160 619 324 7 340
347 205 250 512 316 114
147 59 569 405 19 118
487 10 217 559 15 224
103 826 55 194 623 25
9 511 470 1 117 515
458 259 124 66 583 344
249 499 21 196 646 47
215 427 234 34 139 491
125 372 191 111 693 193
240 252 357 280 153 170
256 273 83 345 67 521
5 405 496 198 82 26
235 495 120 436 32 287
76 426 15 193 433 29
33 67 704 45 200 689
44 56 843 476 69 178
123 135 467 27 592 123
60 64 676 135 212 531
421 432 3 224 232 192
505 172 47 162 381 396
60 306 342 225 336 409
52 169 130 201 746 19
78 20 292 11 74 315
396 262 2 326 140 57
181 547 242 123 123 624
211 145 519 41 28 662
117 617 198 2 129 248
3 199 428 227 334 369
229 212 328 527 264 172
188 630 103 220 459 37
381 555 30 293 17 212
262 33 142 284 297 273
592 105 192 872 30 92
252 423 62 191 764 38
183 273 303 43 470 300
28 187 359 116 275 25
398 141 84 112 116 494
25 187 365 182 667 116
253 89 354 196 527 200
137 724 52 185 548 111
66 256 215 757 64 130
27 229 545 288 149 286
159 55 88 101 251 553
76 9 767 510 474 8
732 31 163 352 238 57
214 219 483 140 113 169
157 317 159 198 57 611
156 432 86 137 564 13
108 458 4 84 369 427
174 77 497 240 394 125
411 547 11 296 275 11
289 591 10 193 2 585
811 76 84 245 395 191
64 91 129 306 179 277
243 559 149 177 432 123
7 269 639 494 190 259
7 230 335 152 224 466
112 168 625 482 8 13
367 26 83 2 300 336
513 7 438 427 114 33
63 172 396 495 189 135
26 297 216 285 434 5
456 348 169 21 107 294
62 395 205 167 167 225
197 297 107 228 164 429
56 121 657 43 419 466
25 80 569 449 47 137
115 767 96 278 176 510
78 307 45 214 1 278
256 632 75 25 613 156
671 15 26 158 337 276
11 795 117 238 204 393
68 50 355 111 377 102
583 154 146 31 885 35
175 42 159 65 374 140
776 94 76 72 621 276
272 5 541 529 189 115
211 666 101 91 218 644
463 56 197 132 341 365
374 527 16 456 453 3
503 21 246 169 463 32
52 163 549 91 368 149
846 127 2 39 90 350
456 410 24 81 760 147
219 177 475 55 232 592
168 6 748 265 251 297
330 294 0 101 171 257
243 194 152 377 484 96
111 174 299 331 106 287
731 31 217 456 46 101
456 90 324 363 27 302
150 785 4 393 513 80
286 677 28 287 143 503
308 291 145 369 357 36
292 234 27 38 523 139
494 5 298 4 217 471
96 132 298 245 255 294
23 565 193 145 118 124
204 29 618 70 402 137
546 93 186 52 136 509
633 214 147 171 236 369
256 582 76 330 87 388
440 113 326 76 252 182
608 171 114 117 198 561
483 57 377 52 235 297
262 53 104 68 268 641
189 128 492 244 258 84
220 562 16 6 71 152
54 320 470 161 330 417
271 172 14 390 498 67
235 456 25 206 86 250
119 122 131 742 81 73
323 385 27 594 97 74
329 197 128 432 417 117
736 83 42 149 32 370
472 28 141 609 278 75
384 317 151 671 158 123
316 587 42 79 349 472
381 38 448 95 14 865
231 350 215 69 192 643
196 79 583 306 124 51
74 19 803 514 189 210
17 810 109 358 151 463
189 381 423 121 313 494
258 135 139 59 374 28
326 339 142 149 393 258
494 240 265 665 56 223
649 49 209 215 719 2
17 167 187 297 77 4
24 637 65 381 78 419
173 45 393 200 433 61
221 32 696 660 16 170
175 332 113 584 218 93
368 335 34 205 86 660
252 269 67 37 285 56
182 454 285 159 739 20
215 335 29 226 99 232
34 49 835 327 509 57
160 279 219 3 126 165
5 492 368 244 64 10
620 255 63 231 579 5
7 718 89 128 559 266
421 8 55 50 563 176
199 30 241 34 148 584
427 252 262 342 480 63
567 108 90 461 325 127
423 96 18 158 27 451
120 541 174 91 555 344
174 121 8 98 192 415
406 35 141 217 396 296
212 4 92 341 75 186
121 254 608 34 290 548
407 152 106 162 13 787
602 41 272 362 419 213
80 282 109 166 217 430
79 255 606 48 140 780
367 17 405 210 385 91
443 180 61 482 79 376
250 350 67 141 161 229
159 435 85 608 174 177
48 174 353 177 423 95
549 236 4 381 333 90
319 373 287 177 110 602
544 381 41 1 46 256
247 112 125 41 388 45
173 247 355 434 524 24
211 450 278 92 503 210
61 206 463 575 288 53
39 169 232 461 125 70
154 193 266 153 198 342
156 288 443 506 201 192
109 235 196 215 300 316
104 157 106 333 268 54
140 376 291 577 100 32
55 118 308 128 821 28
67 127 540 428 317 238
210 447 107 34 478 413
34 404 456 333 267 149
352 435 147 443 214 101
11 89 886 146 98 316
179 490 295 571 161 91
113 132 621 104 298 99
318 394 70 270 90 70
76 407 30 314 44 229
20 359 603 203 388 322
35 129 672 436 256 220
13 412 226 687 145 60
88 196 457 534 228 236
548 29 63 524 124 165
389 158 436 48 81 545
325 199 356 382 7 414
528 187 98 278 227 169
136 38 504 308 164 355
33 205 613 765 169 43
302 65 210 90 630 263
285 413 283 257 122 597
284 635 0 504 324 172
156 87 158 19 527 454
140 710 92 119 833 46
182 234 253 457 483 34
457 142 331 347 62 493
165 203 229 126 10 330
415 61 354 28 778 98
302 160 448 162 151 179
584 246 98 69 306 381
59 555 101 275 376 4
125 116 410 363 100 28
195 642 109 130 274 383
233 524 54 59 315 230
804 71 54 175 452 7
785 77 44 13 80 693
24 748 69 528 57 148
79 129 112 36 425 455
99 280 599 289 380 249
84 395 147 381 447 27
37 226 729 54 240 165
232 582 186 29 713 180
103 101 236 177 78 398
616 15 107 177 782 40
360 529 103 73 232 312
403 149 210 437 220 209
165 763 49 450 224 115
176 265 90 465 94 405
76 30 785 365 366 45
79 490 321 201 125 434
108 405 326 253 600 122
435 44 209 468 124 256
347 195 210 221 19 280
362 296 85 7 212 138
380 70 317 293 582 93
98 485 112 274 75 213
117 340 365 6 564 151
186 52 331 218 141 377
85 119 130 84 161 363
190 175 240 94 305 364
106 522 7 502 17 38
565 265 120 86 508 224
68 471 368 245 364 173
138 389 5 59 398 487
22 179 563 332 460 70
198 487 28 164 305 219
352 160 170 35 242 168
482 50 151 357 31 232
189 215 112 402 103 126
188 395 383 680 144 99
336 98 135 243 25 375
3 245 410 59 352 189
309 227 281 821 16 76
295 218 274 174 290 157
231 240 350 308 38 401
224 182 167 164 542 133
222 436 172 445 373 171
379 413 80 184 158 627
183 334 77 153 714 15
12 359 202 570 127 53
353 332 152 209 454 205
45 109 791 54 11 867
173 70 430 225 336 358
233 144 48 295 241 368
1 533 264 79 301 92
51 473 80 812 66 37
68 588 315 523 251 217
10 222 287 691 68 134
16 106 788 172 319 437
79 535 258 147 320 385
227 131 441 20 183 452
463 167 128 116 52 430
547 81 146 281 250 362
161 109 101 238 726 11
161 245 534 81 19 767
159 257 312 216 1 694
61 359 240 508 148 268
93 391 406 199 246 444
316 467 104 68 853 40
500 173 268 546 247 202
195 679 24 598 2 86
232 206 324 321 253 38
244 455 262 478 223 198
242 378 380 130 308 531
369 45 289 173 133 563
386 103 219 46 311 365
336 151 181 302 163 511
40 761 109 518 291 41
160 92 476 36 327 568
380 323 214 220 99 215
608 122 103 327 71 170
149 460 309 335 227 86
191 574 213 451 2 203
432 294 206 571 239 140
139 157 225 58 226 240
43 637 42 334 15 363
473 170 62 28 687 189
74 37 803 279 371 209
172 98 492 454 67 223
429 424 81 7 532 136
236 471 44 276 203 15
110 91 654 344 361 106
423 36 393 105 181 310
413 312 139 140 121 720
316 188 175 290 57 593
80 197 551 179 279 426
134 8 415 236 202 173
322 44 524 171 414 253
493 308 23 224 544 16
556 143 149 111 657 171
97 259 351 507 13 20
146 84 265 529 43 208
156 110 664 223 551 176
67 216 686 195 74 199
234 32 622 20 714 206
102 307 5 122 443 121
58 50 600 201 210 50
509 23 63 231 550 23
440 353 14 22 178 486
167 188 519 732 239 15
153 263 190 34 115 104
80 383 304 10 705 76
138 97 487 275 13 673
185 299 75 431 164 22
517 171 109 88 665 72
378 22 132 84 156 92
120 253 472 370 270 23
15 785 89 116 529 170
146 586 256 137 399 288
546 30 17 216 25 520
474 488 32 640 199 117
311 48 87 21 108 435
155 303 23 29 233 475
43 290 351 264 106 430
104 108 199 449 133 14
319 2 247 172 12 369
63 490 106 479 172 133
54 225 345 84 172 140
472 146 371 311 23 438
138 380 220 81 196 159
298 373 47 140 341 384
214 338 240 235 466 277
27 489 77 490 60 152
76 259 445 299 137 88
411 88 138 63 269 469
305 3 198 14 599 168
47 259 122 268 177 186
283 135 549 95 861 2
245 115 5 323 620 24
359 325 174 178 385 326
222 145 314 55 456 223
182 178 378 319 362 45
183 89 633 406 268 260
410 152 367 383 118 226
97 548 318 443 166 64
215 216 441 28 732 28
484 111 227 180 298 363
655 151 54 376 271 268
221 8 767 111 739 39
651 49 26 205 207 140
345 217 258 218 15 110
214 710 41 12 596 283
257 83 38 111 320 433
250 31 704 249 190 353
160 279 40 91 337 449
681 126 34 239 121 268
133 269 308 75 258 666
138 552 174 434 49 395
146 37 334 202 622 100
706 200 82 597 76 181
4 118 542 36 789 113
160 246 209 324 112 298
68 495 295 397 84 273
12 121 759 150 602 239
136 397 459 378 13 299
154 520 259 468 137 98
19 475 5 170 394 227
605 19 252 73 164 526
453 280 261 32 6 280
258 235 313 227 339 116
131 142 477 367 398 86
6 270 195 128 82 186
20 345 284 424 202 42
284 173 218 44 412 10
210 238 329 204 299 188
464 485 27 303 478 28
309 309 68 49 206 433
297 283 369 191 535 7
0 27 349 159 589 143
279 14 232 453 144 223
353 1 408 42 13 267
148 258 500 137 443 216
242 305 95 584 283 39
381 239 335 63 95 399
402 14 109 5 855 24
115 543 274 306 507 30
732 55 88 187 114 446
183 318 368 67 43 647
342 260 343 262 2 93
480 296 92 165 574 33
150 301 89 153 119 109
497 116 59 222 293 300
421 53 187 26 172 501
15 304 656 581 202 145
308 175 188 49 425 245
242 617 140 705 70 222
39 26 646 36 242 196
47 859 30 613 156 227
92 546 324 243 193 401
367 283 195 114 46 549
112 205 627 198 403 355
18 238 165 109 131 501
101 108 231 605 30 209
348 158 310 410 26 526
199 338 234 170 239 101
188 243 562 115 40 845
235 194 107 293 422 278
10 43 560 204 117 650
48 715 80 279 237 130
247 4 76 56 659 275
859 10 72 217 588 26
166 183 84 535 97 356
396 320 101 270 383 31
470 189 47 265 129 267
480 136 38 182 325 264
136 312 133 60 447 333
23 155 675 248 63 30
315 633 10 88 183 722
282 28 683 207 284 184
114 49 154 15 358 523
570 311 74 235 387 232
248 80 49 590 77 196
96 509 224 419 21 326
7 80 273 114 86 621
28 218 528 92 203 263
110 368 125 1 65 702
557 20 367 340 131 126
737 95 158 302 298 193
216 473 119 394 45 268
30 572 299 570 13 407
156 136 427 391 188 290
64 387 286 48 744 57
312 12 665 174 766 50
41 267 469 632 192 36
348 370 183 376 288 73
457 313 22 196 440 0
359 305 258 374 290 143
328 12 223 177 86 132
314 318 80 42 108 436
304 541 43 408 110 10
179 451 132 233 72 433
178 269 198 11 172 501
111 40 339 808 47 125
102 149 432 261 113 22
581 144 211 402 56 342
439 50 510 236 389 309
52 421 516 515 167 88
233 454 252 10 63 540
403 297 46 289 119 530
479 226 238 516 309 117
456 49 15 568 11 161
478 60 293 77 107 270
225 243 72 413 487 82
371 448 3 56 142 730
157 259 565 478 89 360
275 130 308 195 201 114
51 564 121 147 220 521
295 507 183 239 105 463
428 33 121 52 143 640
239 286 174 286 26 307
6 432 223 16 279 79
293 458 185 261 34 500
516 9 170 277 28 378
325 54 515 141 704 51
139 285 84 139 667 148
256 247 112 219 240 459
83 130 402 349 22 314
303 85 323 234 636 115
245 437 145 516 313 91
530 138 170 359 203 274
200 294 503 176 354 26
624 247 48 117 520 241
56 99 562 483 203 202
96 337 82 345 371 5
363 213 191 285 170 397
359 263 66 471 169 217
280 383 319 494 49 151
151 187 409 212 39 624
142 392 17 176 497 64
37 169 392 62 463 99
677 49 48 237 150 119
44 19 463 113 49 161
7 839 45 45 419 471
181 506 237 245 2 212
169 191 407 523 2 149
147 159 343 289 37 236
270 205 509 556 420 21
162 695 48 45 194 449
70 807 33 170 49 760
475 19 482 251 342 200
267 11 344 378 346 191
20 41 788 70 376 539
388 205 202 501 71 236
132 147 674 722 44 47
721 68 130 254 551 176
31 16 342 52 380 321
577 136 121 538 57 82
243 181 0 400 327 65
200 374 361 349 266 89
307 596 20 158 270 533
427 286 111 20 438 150
140 524 116 450 209 69
86 691 192 24 299 171
316 229 440 36 50 426
361 251 50 50 58 480
448 31 411 521 235 239
56 84 120 25 496 0
224 441 74 804 64 126
407 289 253 104 531 274
161 608 184 230 198 552
746 94 6 239 404 153
159 619 79 63 370 224
68 747 173 281 412 211
296 115 397 124 193 382
533 214 110 159 67 745
373 115 276 741 0 119
690 0 7 216 28 210
73 156 144 345 204 194
258 249 5 118 539 42
315 297 59 229 244 511
21 526 300 253 549 175
551 298 105 122 611 217
321 481 40 74 328 469
331 18 345 289 10 52
45 49 827 120 550 316
597 57 157 318 499 52
164 165 257 91 658 136
129 399 442 452 320 89
37 532 279 243 139 581
87 258 379 397 376 121
77 557 25 326 41 454
47 322 392 375 165 308
90 599 94 359 546 88
588 30 13 295 168 507
432 103 78 129 488 202
196 552 9 210 329 224
142 516 123 288 412 37
254 62 593 371 267 122
393 26 23 153 519 46
43 473 239 141 98 343
131 26 501 642 55 183
189 378 164 271 511 144
50 92 729 128 23 667
31 44 423 179 31 155
620 129 241 160 342 439
504 175 257 216 37 424
98 128 493 45 345 332
26 437 102 301 275 107
98 843 57 275 301 51
329 117 110 120 373 251
201 14 244 293 21 460
46 325 146 125 3 54
330 1 178 424 131 334
114 429 215 87 399 504
395 179 186 142 365 391
44 9 789 127 693 175
307 35 356 570 113 64
135 84 64 299 447 47
331 123 109 271 16 211
399 159 337 163 601 176
352 339 168 263 59 267
160 86 305 494 111 208
125 339 214 423 366 77
148 247 213 671 148 113
95 670 173 142 315 208
199 27 38 6 48 405
589 113 106 397 322 56
100 289 212 89 64 292
12 345 481 48 390 160
195 258 293 574 315 86
104 34 401 153 237 513
269 476 105 287 88 337
208 579 207 80 533 253
264 121 186 333 343 296
25 657 111 332 36 242
103 392 266 22 67 331
510 7 119 51 558 138
259 238 371 28 195 557
249 43 434 665 66 63
268 481 198 358 275 243
194 345 131 66 72 439
657 50 132 202 26 578
48 485 68 9 238 668
126 535 221 34 200 693
723 201 29 494 311 192
224 147 531 588 152 126
185 458 98 667 39 136
47 36 299 523 146 27
63 103 608 430 25 283
42 71 338 259 162 254
36 391 231 214 9 257
204 445 243 248 225 13
239 181 53 679 94 12
102 319 147 445 34 50
536 57 387 698 78 138
334 125 235 53 369 346
241 134 529 346 209 441
386 55 455 220 264 428
432 54 340 453 17 180
21 754 213 701 181 117
652 127 170 396 217 150
827 46 23 34 474 224
139 16 820 220 241 99
379 177 142 9 37 354
47 378 5 91 194 72
610 166 75 54 16 558
328 508 49 74 394 508
599 146 224 463 36 20
210 366 260 37 530 148
476 307 85 290 84 563
310 176 32 165 269 321
4 365 433 24 559 46
109 507 229 402 201 170
367 93 16 44 872 22
32 3 582 125 54 346
76 102 94 322 241 39
566 11 217 577 413 9
167 215 497 4 301 159
831 0 116 46 130 393
19 111 768 551 347 72
108 249 344 202 163 492
511 75 6 206 17 301
524 418 45 176 219 21
139 128 349 518 140 65
232 131 49 101 323 189
174 37 194 266 124 417
445 275 11 168 185 368
185 186 174 473 5 354
482 185 289 6 45 626
7 178 799 95 71 409
38 420 308 106 541 145
65 91 771 269 297 158
138 252 582 45 316 508
518 36 129 304 45 639
633 220 52 151 514 23
340 77 140 137 449 124
464 350 72 17 517 413
477 52 1 140 43 430
465 267 224 285 314 106
161 157 501 624 24 104
149 329 116 79 245 152
30 119 193 489 268 239
152 38 378 543 215 235
82 349 447 85 72 432
35 348 114 263 268 327
356 319 9 510 246 57
215 591 29 202 217 432
163 85 47 11 283 359
208 257 90 211 195 72
26 173 388 26 864 43
120 17 286 190 600 24
843 14 134 141 98 642
215 407 86 86 302 233
45 59 847 52 484 129
290 74 516 498 207 227
154 334 444 34 51 714
49 483 240 71 182 648
603 225 127 36 704 143
278 247 464 258 258 436
376 126 194 381 9 252
375 104 480 150 203 427
35 246 709 167 708 61
87 710 155 5 82 762
349 200 218 122 286 582
15 88 105 296 67 93
256 289 61 47 200 281
455 434 22 381 330 62
61 162 70 75 395 103
292 262 72 102 601 102
252 204 74 60 529 372
24 300 68 197 355 34
59 225 320 4 533 396
66 19 582 239 239 136
34 338 255 312 577 71
65 193 702 20 10 397
579 130 216 203 289 104
103 89 242 72 308 334
94 533 58 55 247 618
118 689 144 462 259 264
107 113 79 373 45 118
142 539 80 41 374 564
275 306 75 267 126 548
172 432 201 9 379 271
488 121 202 387 320 236
279 488 5 568 84 213
275 17 651 183 535 124
162 294 352 193 799 4
48 391 433 15 669 199
376 345 158 484 211 64
100 324 216 356 231 20
85 524 374 172 311 324
248 231 322 125 313 524
20 730 97 82 208 563
118 227 32 24 521 356
57 93 516 4 43 703
587 50 347 156 150 212
236 284 270 257 222 95
93 62 489 620 18 266
429 179 43 91 123 177
81 498 343 49 96 766
190 391 153 76 225 416
63 48 479 29 458 101
479 24 406 51 3 681
532 13 152 437 255 194
186 587 112 187 738 23
299 580 28 116 595 271
357 6 78 518 0 305
279 494 26 305 378 204
216 502 164 130 369 36
199 743 52 97 145 365
56 66 523 16 149 471
449 46 80 79 178 75
208 543 144 161 147 408
201 357 118 341 240 211
28 15 548 0 207 429
223 39 328 448 33 441
730 11 23 103 376 299
477 300 157 1 376 288
52 271 664 557 370 22
71 761 56 216 276 262
425 375 164 157 485 98
19 275 601 42 846 35
124 567 196 258 320 185
93 125 143 192 212 462
369 116 386 311 74 335
153 11 59 50 240 419
260 479 55 69 36 577
514 307 2 280 314 48
67 75 673 52 341 514
170 464 285 164 572 19
239 80 33 321 449 165
573 234 173 681 221 12
613 239 113 586 31 10
238 367 24 312 44 436
68 574 104 183 391 302
98 72 435 286 346 154
320 661 13 13 38 316
67 6 85 102 225 48
169 40 407 56 370 69
270 89 78 302 27 288
132 515 270 118 272 421
181 695 17 127 54 727
301 386 0 324 506 112
100 340 548 107 680 116
298 165 149 99 291 583
87 122 403 554 98 28
279 133 137 378 25 586
136 110 18 354 234 132
714 43 222 428 135 264
668 119 2 458 282 22
159 593 231 303 312 82
569 256 138 27 799 102
81 40 591 393 401 101
221 211 540 154 234 132
341 392 210 455 472 11
475 11 451 344 29 156
165 525 95 165 238 133
79 233 467 20 240 266
639 204 134 2 48 426
285 373 19 194 301 429
450 22 227 221 492 240
465 269 26 216 1 528
78 88 72 295 21 33
320 112 342 133 313 9
495 269 227 661 195 67
249 223 142 120 57 412
31 71 311 201 512 64
171 360 429 190 126 450
94 276 123 339 365 255
386 475 42 190 92 480
189 48 235 511 271 120
3 126 336 311 239 266
662 39 90 38 70 499
60 570 326 457 6 487
183 187 540 28 511 85
51 47 674 236 386 30
140 260 225 479 411 32
233 62 588 190 447 244
3 487 230 403 565 6
369 139 266 131 45 599
121 336 489 11 248 276
69 131 582 491 400 55
141 472 246 265 371 364
55 261 524 305 86 153
312 97 199 327 84 220
539 218 90 248 273 376
404 244 22 235 136 370
586 60 322 233 113 272
73 20 895 351 75 227
160 324 502 699 45 136
184 112 54 83 64 166
73 116 118 314 547 47
135 201 580 154 136 421
199 121 50 101 267 72
53 322 213 521 270 76
121 213 666 153 556 117
170 156 208 535 12 334
449 142 91 472 20 240
254 20 573 709 69 166
401 456 20 36 281 629
4 0 523 356 48 96
3 26 386 27 14 403
158 83 605 349 290 218
271 430 270 155 503 180
81 268 564 85 372 194
67 156 421 603 116 201
218 179 50 216 18 175
358 494 77 306 394 19
341 442 42 472 286 31
148 831 18 45 719 31
184 296 9 72 137 154
68 9 653 515 431 0
363 5 100 450 117 20
73 39 204 405 74 50
593 109 141 167 141 615
131 379 250 2 591 133
125 138 681 144 435 380
382 330 87 146 126 561
189 220 265 68 11 184
74 532 189 394 355 152
29 348 452 90 235 594
126 277 450 120 353 263
126 424 216 705 114 35
0 26 286 295 35 493
156 11 644 305 63 189
556 204 51 184 4 510
172 810 7 341 215 123
138 208 114 229 254 491
199 615 133 277 238 303
178 249 436 258 458 253
208 59 159 66 65 385
666 74 256 458 171 170
467 133 135 543 235 112
48 103 845 172 27 280
139 217 412 266 545 154
165 164 430 516 42 50
246 190 329 105 277 572
514 46 416 288 414 81
530 270 118 53 433 72
201 488 96 503 4 400
157 118 515 191 464 5
294 37 42 56 522 266
125 237 633 253 546 119
40 46 560 472 244 3
334 122 43 728 152 27
203 298 473 274 422 172
141 23 454 2 583 315
183 41 179 25 189 108
226 110 292 348 167 332
153 641 24 987 2 3
418 29 535 422 2 288
325 404 137 394 291 5
333 218 383 10 394 379
307 611 33 146 567 209
95 333 177 482 460 29
502 220 273 49 440 126
157 202 508 10 107 703
246 252 345 277 319 390
127 182 614 88 288 455
34 266 492 275 517 203
82 341 273 11 35 233
112 216 174 114 176 321
448 27 380 181 487 123
314 73 181 143 55 352
147 746 21 419 348 99
82 63 536 123 403 105
261 499 204 24 2 469
123 138 723 261 300 158
162 355 481 262 537 54
322 287 349 268 72 228
99 237 504 586 239 154
239 263 197 111 503 352
519 406 29 182 227 98
445 56 354 264 251 430
25 76 816 245 426 206
270 264 12 84 142 619
425 218 202 67 106 770
31 112 578 55 431 73
414 122 23 150 147 236
432 357 161 629 11 287
160 360 206 61 106 249
331 201 36 147 191 66
173 407 204 426 255 246
368 183 270 74 127 401
471 256 223 40 179 679
157 754 45 9 128 185
517 430 21 308 168 515
118 388 284 322 59 377
370 188 44 46 277 271
155 354 469 184 81 310
220 96 672 497 109 115
395 167 272 26 397 398
449 305 17 59 309 82
88 123 671 402 278 94
78 797 22 455 264 102
253 140 23 23 249 424
270 26 374 74 212 575
109 497 47 39 191 676
531 250 157 393 78 391
147 224 605 51 104 608
235 307 164 1 7 272
106 202 384 88 508 376
695 28 31 296 450 246
37 580 79 18 66 520
8 158 351 18 10 271
189 565 129 353 316 221
470 315 129 506 98 24
38 716 2 304 136 236
256 111 330 30 11 377
244 215 533 401 218 163
181 362 160 127 328 288
80 453 146 862 72 15
108 563 123 566 26 387
146 10 309 292 403 59
113 30 12 5 882 68
679 119 40 221 333 427
209 33 501 237 120 570
712 120 110 411 146 326
608 188 100 13 24 600
360 374 119 29 841 111
20 200 107 154 42 279
53 821 10 609 66 321
187 1 676 92 508 186
350 247 122 675 68 51
141 473 309 13 455 525
567 225 31 18 73 233
59 162 302 238 276 39
25 37 734 340 302 156
128 367 356 353 241 345
130 163 197 222 50 483
452 313 92 509 5 475
523 129 189 566 128 62
119 435 306 488 149 75
265 83 567 124 133 587
306 266 294 40 510 67
332 231 59 606 64 67
408 172 356 30 115 257
721 135 142 134 442 344
386 85 373 300 133 536
150 501 24 14 252 593
95 42 472 125 549 308
389 75 122 51 484 69
37 10 897 20 86 649
218 140 271 583 147 209
239 129 304 121 86 368
38 249 331 449 70 116
28 225 664 213 629 75
93 556 178 46 616 188
172 62 302 369 139 137
129 523 273 151 67 436
193 394 187 234 196 497
343 1 215 122 240 137
490 96 137 282 107 90
208 389 146 290 10 30
415 298 120 111 5 232
12 277 522 198 173 346
561 59 52 223 43 138
57 190 175 444 140 256
197 79 356 205 679 23
109 446 28 134 560 126
336 438 99 121 188 679
451 250 227 232 286 286
345 65 420 579 144 59
518 198 76 248 408 318
58 51 650 482 409 47
405 213 294 67 44 330
172 415 333 52 34 202
2 223 486 48 325 225
608 167 55 59 272 292
171 213 586 59 340 348
182 166 137 294 534 99
471 293 89 255 419 114
576 326 75 139 137 313
249 252 323 62 313 76
188 600 4 39 561 108
163 529 180 308 320 11
287 500 197 149 157 299
438 255 94 235 524 124
140 413 383 492 165 61
329 6 457 247 101 15
56 23 679 299 249 319
76 72 300 364 102 378
79 2 600 414 229 84
86 222 322 210 187 391
6 86 282 35 48 591
626 85 45 69 699 97
338 45 91 0 330 393
27 326 396 7 351 392
226 201 256 33 222 269
119 179 143 79 484 223
35 266 482 676 81 114
78 126 770 258 590 140
196 444 60 100 201 668
251 247 439 789 2 162
48 45 193 10 3 440
10 268 348 305 297 287
16 512 24 135 290 369
4 75 668 90 225 228
220 416 282 553 414 30
416 224 357 504 316 138
403 186 225 213 250 15
17 361 214 317 39 278
166 131 304 115 185 19
57 842 24 69 315 176
13 182 568 72 553 175
167 165 426 620 33 95
92 340 267 328 38 624
768 1 229 244 206 58
149 21 748 126 234 378
517 110 193 479 249 186
31 791 174 279 268 44
286 205 466 59 292 375
274 442 188 351 487 131
131 580 28 54 280 564
473 296 198 584 4 125
154 81 198 525 227 93
427 437 30 222 509 45
509 156 301 279 291 81
117 311 176 26 23 484
800 90 62 72 255 454
286 364 97 132 720 133
370 512 64 25 97 565
317 441 139 422 60 381
541 33 247 336 260 228
206 511 94 491 26 110
124 186 413 417 45 185
405 94 342 423 123 399
200 251 509 263 122 167
117 346 255 437 301 37
597 310 60 143 28 474
316 163 127 18 380 379
120 747 5 97 235 159
26 107 685 168 653 43
127 212 249 250 103 166
257 142 252 188 88 324
47 280 310 148 399 352
188 34 327 36 81 139
415 65 239 437 91 426
5 492 450 185 287 121
65 780 26 205 241 543
169 102 299 112 310 45
170 368 457 179 56 762
57 146 180 179 30 34
139 161 539 177 20 638
686 156 115 7 30 353
168 152 400 116 711 169
190 154 553 45 478 243
71 302 557 139 713 49
150 142 623 299 583 35
273 110 247 72 339 109
170 1 367 269 307 154
349 135 73 416 146 74
349 8 437 797 194 6
345 91 471 483 423 46
169 288 209 298 60 364
99 133 251 272 197 326
659 190 88 30 32 424
576 208 202 5 19 609
253 292 443 370 260 86
41 204 395 384 93 86
270 319 301 354 55 106
237 218 279 155 472 76
192 126 543 135 480 151
128 129 426 445 22 112
133 182 27 22 552 226
199 412 115 304 225 143
588 178 187 162 401 196
227 193 421 337 311 287
269 305 221 15 663 20
601 39 215 256 432 64
151 428 142 233 250 514
9 75 287 254 202 268
102 527 53 199 94 118
465 19 191 284 667 12
62 62 171 7 339 555
404 58 66 256 9 168
2 141 367 139 509 267
659 81 163 156 179 457
28 127 473 225 538 81
95 432 387 5 116 349
37 355 584 348 71 175
383 232 380 257 70 523
218 9 318 280 125 317
15 697 119 85 541 34
116 263 398 37 104 534
187 268 522 497 156 111
212 418 275 71 608 84
36 252 615 342 188 355
4 318 366 243 275 263
255 439 105 685 98 175
413 75 278 604 16 148
77 41 811 350 85 190
280 16 469 340 64 389
436 105 113 226 219 542
191 456 122 471 157 152
83 467 245 451 183 363
385 310 80 153 31 572
137 78 336 245 509 149
149 633 96 510 220 144
372 361 87 274 285 60
45 557 167 256 287 357
289 275 407 803 33 84
52 829 33 164 162 14
209 630 131 124 25 351
91 233 363 448 251 199
295 55 180 191 171 595
205 9 165 51 102 492
94 38 142 0 171 406
192 10 703 102 602 231
419 10 95 81 561 236
217 60 360 225 55 184
429 104 325 516 33 178
158 277 350 134 686 23
58 113 582 664 234 59
425 359 71 37 702 5
289 390 91 259 204 439
239 471 169 168 51 416
396 255 56 369 204 253
625 168 131 110 391 138
255 533 207 48 128 331
82 371 88 189 319 143
450 341 1 533 81 77
19 809 96 145 273 59
43 891 26 133 548 39
174 208 509 669 21 88
78 326 253 100 24 547
217 585 136 445 206 286
567 30 214 564 2 429
99 261 407 531 55 352
104 236 193 189 162 67
133 200 335 207 112 138
192 320 414 298 34 537
259 63 416 130 51 457
164 633 84 118 159 664
179 27 19 182 181 76
307 610 74 63 444 264
82 115 539 289 292 179
293 228 156 184 6 805
580 278 126 102 246 289
296 294 337 323 210 295
124 17 101 95 540 318
262 252 27 387 16 25
160 383 91 751 7 199
609 50 15 42 333 358
237 392 16 67 846 12
247 273 232 65 849 16
135 501 290 191 233 126
78 432 163 297 51 214
391 173 375 156 1 637
424 314 98 39 281 266
301 81 76 310 122 144
197 270 274 42 819 78
578 35 39 428 5 27
131 340 383 121 43 153
335 320 271 149 512 205
132 162 287 376 432 141
463 359 139 407 374 55
403 315 49 243 92 337
33 719 166 59 859 32
280 284 264 807 4 15
217 642 92 469 292 205
319 34 482 311 447 92
305 120 32 139 55 337
247 578 59 171 42 577
64 14 806 217 14 164
149 401 90 211 13 24
490 122 13 541 364 4
45 246 244 345 585 49
192 303 242 828 96 33
410 280 41 86 316 235
430 309 174 738 60 199
231 488 267 12 478 245
146 761 74 307 109 411
250 184 231 147 242 100
236 104 151 609 99 8
3 29 682 1 406 252
348 144 361 237 56 24
71 243 233 76 71 433
26 310 173 190 38 13
4 440 478 487 49 259
756 56 66 180 544 222
0 147 194 316 219 321
484 345 135 422 233 318
228 70 104 236 168 135
59 802 71 393 313 261
122 100 431 188 52 346
106 578 231 134 226 254
16 589 251 255 90 618
575 159 216 376 452 108
260 562 167 443 118 4
27 0 190 329 191 151
157 137 664 234 327 384
9 604 64 90 411 38
207 422 267 104 283 40
583 163 147 217 30 495
662 9 14 101 162 105
524 276 130 521 262 158
309 186 283 20 63 892
399 165 406 323 461 174
504 249 12 81 544 92
44 142 442 297 174 407
416 535 28 123 387 396
136 454 60 64 674 235
139 541 242 328 124 465
575 186 153 34 428 241
123 192 573 158 363 456
97 207 454 113 187 194
456 157 362 305 310 140
202 409 385 31 587 345
294 175 349 21 183 650
291 84 219 134 43 329
83 29 728 229 376 193
380 26 33 66 211 453
144 142 509 338 73 33
111 89 412 266 446 176
40 172 595 53 128 382
79 375 512 459 273 44
533 178 141 42 354 545
196 347 228 350 3 103
340 305 288 226 7 499
505 232 44 613 363 14
558 36 174 307 112 420
163 130 11 401 307 59
86 258 170 453 205 85
128 352 329 295 511 69
317 112 218 46 304 419
113 433 0 244 30 110
81 580 95 77 307 179
174 331 294 104 796 58
628 238 52 616 172 26
336 245 138 180 571 55
1 120 579 574 95 172
317 279 386 586 28 140
228 538 184 214 246 411
84 286 457 130 195 77
109 136 218 205 337 58
220 444 244 12 616 122
153 367 363 36 357 212
228 354 297 195 311 437
157 418 371 485 204 91
162 26 614 424 15 507
120 37 99 485 75 123
100 355 143 548 15 139
198 171 369 221 188 498
48 347 405 185 667 93
266 450 227 169 297 420
331 188 222 254 339 12
668 88 125 169 457 231
51 80 138 455 137 38
691 260 19 129 6 275
331 171 479 77 162 420
72 53 628 132 178 566
124 98 509 20 312 499
126 587 226 310 431 36
112 328 325 124 114 727
153 375 79 239 382 78
241 443 173 372 154 419
623 88 206 176 223 427
828 63 8 192 176 189
85 582 228 292 320 366
437 75 347 206 763 10
6 242 593 80 477 156
280 40 279 29 272 242
279 548 123 367 575 46
735 117 107 39 64 716
644 219 68 58 134 431
530 169 180 108 416 317
131 388 50 425 100 423
264 584 50 171 349 256
68 345 584 8 20 642
683 8 160 189 237 571
240 612 19 355 497 59
122 261 615 245 278 48
127 831 24 403 110 329
61 309 223 462 124 133
145 56 650 205 46 192
685 9 97 134 301 564
111 90 260 276 164 221
621 41 310 591 268 8
379 155 142 709 1 287
203 413 366 313 45 345
321 326 231 79 348 399
228 35 500 199 132 567
578 149 59 234 549 111
180 634 54 158 38 391
343 282 240 278 231 390
44 418 297 18 520 452
418 261 312 92 376 213
517 443 25 38 265 112
102 161 432 469 394 127
256 624 110 155 685 129
135 454 24 177 221 364
53 626 84 355 288 105
593 224 147 599 113 197
707 177 104 186 109 154
116 557 71 80 559 109
88 538 198 238 338 301
130 96 160 316 153 518
64 381 365 54 704 80
436 311 15 301 263 66
719 107 145 946 26 23
158 360 132 275 280 3
155 444 90 104 177 631
533 138 137 195 93 537
301 490 174 77 192 301
728 72 63 783 53 156
51 202 424 417 466 8
95 200 555 359 276 203
116 577 98 257 9 576
738 31 227 302 365 285
204 305 370 247 381 300
157 424 122 602 130 66
583 269 44 153 416 310
109 156 674 426 200 346
157 208 286 175 214 396
38 532 59 324 12 289
386 29 256 180 448 339
111 537 36 433 542 9
20 391 568 231 258 438
83 606 110 627 48 278
40 477 420 240 592 86
499 301 10 498 26 68
586 52 192 120 31 383
81 0 535 76 36 172
470 247 7 545 359 74
345 216 155 30 470 148
99 3 254 405 55 69
62 382 90 238 344 284
157 1 509 335 76 196
233 316 245 861 116 20
440 438 99 34 377 581
325 273 345 146 175 309
139 418 334 385 244 72
507 121 248 246 68 164
42 464 75 173 376 397
92 117 234 285 525 45
296 228 187 161 369 204
93 586 80 55 139 409
182 336 425 578 124 207
111 672 161 352 320 260
275 99 233 273 21 51
126 324 210 318 5 410
59 719 115 61 378 221
89 150 548 475 354 171
265 356 68 75 310 468
311 218 48 28 115 773
98 513 182 322 96 566
79 187 702 122 458 171
109 83 401 762 78 129
390 130 29 406 117 372
630 139 137 525 230 105
283 274 16 95 111 578
152 77 556 460 43 335
30 267 633 300 372 129
327 11 43 296 149 335
296 109 412 39 51 711
318 151 132 111 103 238
60 100 568 344 427 85
164 311 361 438 304 2
33 360 126 800 29 57
538 152 173 115 186 329
336 71 47 123 374 311
312 80 28 628 21 192
348 200 299 94 339 560
185 359 257 305 195 53
9 244 273 24 504 334
14 857 74 714 58 25
143 622 71 476 42 119
181 43 719 83 346 212
242 107 292 255 191 31
358 133 243 334 20 46
168 620 58 34 302 376
192 300 100 522 184 98
68 80 619 36 147 199
306 535 102 538 48 262
230 158 264 325 485 62
283 182 261 222 99 334
163 257 560 199 34 168
71 192 694 5 165 467
558 364 5 429 26 303
377 6 72 323 574 1
668 2 150 159 231 272
267 115 15 44 183 300
80 301 284 149 344 342
284 47 596 123 340 182
158 13 253 31 95 558
450 60 381 1 226 298
176 726 78 197 135 236
29 468 56 50 432 266
88 322 42 497 82 99
86 186 720 297 263 216
277 224 142 235 574 83
236 67 238 236 191 536
468 223 309 67 63 202
2 627 33 186 342 316
45 293 361 62 853 61
435 5 401 446 60 149
326 195 221 266 297 295
123 212 229 429 251 225
104 13 247 97 219 459
220 491 73 47 106 660
679 10 214 409 405 86
236 240 212 311 14 254
90 81 192 432 87 475
64 538 198 145 229 395
262 275 140 21 243 682
367 236 365 264 408 13
214 6 257 139 177 219
354 527 97 57 157 605
619 72 224 264 152 6
209 78 562 702 31 188
171 201 449 266 268 358
346 153 93 569 391 31
652 298 1 578 160 51
96 84 265 501 29 438
82 462 320 376 214 356
177 472 131 22 79 365
462 349 60 231 479 207
431 300 246 374 304 265
117 15 851 115 497 87
87 162 685 110 571 233
201 215 426 557 72 266
135 40 463 360 290 127
197 168 136 568 126 172
429 50 298 217 159 536
78 201 621 78 195 299
145 338 319 224 227 542
352 101 363 20 531 243
482 124 240 784 48 93
531 98 56 403 388 144
358 25 317 98 487 389
450 36 314 152 562 88
504 140 190 409 343 160
25 718 200 330 453 212
110 791 46 459 29 375
13 555 166 440 78 92
286 318 206 112 453 102
104 390 143 424 282 10
120 231 321 808 113 29
326 71 18 688 33 83
795 24 66 226 95 654
79 432 345 212 136 612
528 40 261 106 514 90
450 221 38 317 472 113
230 164 286 289 277 73
196 463 40 552 287 69
124 493 261 400 205 389
68 434 299 84 104 741
180 95 300 147 53 198
537 16 321 113 194 388
352 350 79 37 523 136
101 49 309 780 55 29
129 524 45 320 504 54
470 394 135 447 160 2
193 116 24 66 380 46
9 301 81 127 211 304
256 229 370 480 72 424
164 152 469 437 510 31
128 45 753 307 110 568
119 270 459 428 490 59
79 16 464 39 260 153
139 251 282 117 349 503
35 710 234 1 622 256
143 163 451 114 266 240
90 25 317 102 123 462
275 356 368 237 184 4
158 208 474 429 318 68
560 131 193 280 85 439
725 147 26 61 78 749
405 229 155 76 11 611
142 151 476 380 156 195
661 20 291 693 141 117
287 213 72 12 19 615
210 650 53 104 641 174
131 438 29 457 49 141
83 253 264 395 231 100
689 181 26 142 675 79
97 339 233 181 773 19
44 342 443 135 97 549
140 691 123 441 239 307
87 52 214 170 696 51
428 181 311 270 241 365
755 137 83 159 55 567
175 465 105 491 207 196
52 68 868 340 86 130
490 149 5 477 335 160
3 494 474 327 198 362
222 329 445 144 148 511
15 321 633 491 448 44
13 85 896 684 100 193
458 185 329 314 32 26
666 4 169 773 71 140
206 19 699 299 140 545
195 173 565 362 553 37
96 249 438 97 139 261
548 161 56 554 197 202
175 145 555 125 166 109
322 143 153 25 14 309
327 340 76 508 370 96
422 218 308 112 125 420
345 79 563 38 850 29
164 137 633 36 570 103
146 89 119 62 196 103
268 220 376 373 265 220
50 335 220 409 181 306
117 76 657 379 168 48
244 570 171 744 116 123
569 47 287 123 176 701
197 184 20 451 112 188
387 169 150 272 317 211
71 108 694 641 9 89
130 421 217 135 88 398
458 314 115 397 374 92
147 327 177 280 4 289
550 43 300 137 390 36
173 427 192 606 178 77
195 238 434 37 528 208
318 317 73 799 105 75
308 346 102 184 153 584
602 57 304 143 417 253
310 421 93 113 211 210
174 40 64 191 394 280
454 74 167 395 223 114
476 272 93 44 7 411
218 91 272 145 374 472
142 61 366 58 361 159
337 161 278 13 7 853
8 808 127 191 208 338
125 105 743 21 207 422
276 181 537 505 11 397
445 452 63 246 625 1
367 137 98 643 92 40
342 419 6 100 331 218
363 30 350 332 179 26
96 481 154 55 338 344
58 444 455 481 169 50
562 129 134 442 2 194
47 183 743 324 185 213
286 23 196 254 169 46
50 162 780 115 518 139
26 688 98 531 51 214
1 119 437 537 165 266
208 291 228 47 45 227
151 189 263 146 657 123
175 269 334 3 341 399
208 94 405 73 168 103
133 314 283 235 177 308
378 234 284 820 9 114
52 565 301 668 157 86
194 139 566 226 175 184
38 663 189 27 199 351
346 215 374 83 18 454
92 156 556 490 23 458
235 324 156 76 454 183
468 438 82 123 187 217
74 235 235 11 499 404
102 790 87 245 27 315
50 396 262 339 278 117
10 158 322 88 132 714
515 427 5 462 290 203
61 142 392 38 527 244
183 312 217 496 136 319
283 379 107 344 11 332
276 615 4 550 405 15
126 292 516 187 304 225
197 337 424 341 47 155
97 194 240 143 169 37
619 183 191 619 199 27
560 103 191 52 200 308
594 22 75 482 124 248
122 116 437 201 52 100
247 526 147 271 380 343
533 198 82 639 80 38
457 165 291 705 54 16
200 495 170 165 397 299
746 6 171 132 482 375
522 119 189 200 204 509
320 176 290 96 441 33
106 123 400 192 210 127
80 391 237 219 5 732
223 514 223 168 368 306
17 241 663 58 371 152
313 358 63 46 172 557
136 23 290 111 11 865
317 546 7 797 83 4
178 117 289 581 362 0
626 94 73 780 91 125
232 30 628 265 542 60
66 422 171 383 323 229
136 119 286 870 72 36
35 488 283 52 486 226
31 156 289 754 63 147
116 603 256 126 265 324
311 186 295 142 441 230
388 376 144 142 266 20
458 33 31 157 211 146
75 583 73 92 82 395
459 483 38 420 411 146
526 120 141 356 185 239
720 96 121 503 31 157
0 476 91 161 24 157
640 35 274 25 744 115
343 91 525 191 51 553
205 199 125 85 702 16
37 368 330 94 606 186
22 338 566 57 289 549
165 431 269 81 316 160
392 444 125 1 399 398
260 265 250 182 336 412
424 62 51 136 135 193
91 72 168 260 118 517
70 257 602 168 178 633
168 2 760 355 54 316
393 187 43 281 305 332
150 620 217 6 410 430
85 650 14 156 61 79
80 275 518 469 182 257
362 14 189 559 52 208
111 765 19 130 99 140
475 433 43 590 208 86
2 226 450 5 747 162
161 118 471 8 174 383
306 76 271 171 201 544
551 72 74 70 549 193
307 164 0 51 706 135
141 431 291 263 317 331
889 72 10 23 826 72
167 184 123 101 655 181
88 341 212 511 78 400
75 59 346 192 52 215
8 654 130 8 554 131
378 206 360 121 439 371
239 41 115 268 114 389
96 58 402 84 191 411
571 96 203 383 59 377
416 198 200 676 144 85
359 191 379 712 73 200
304 244 206 5 597 263
414 87 3 166 171 373
83 131 489 260 155 161
7 223 423 104 245 85
240 276 482 306 440 111
36 153 611 517 412 62
17 338 265 257 114 370
226 19 221 75 94 635
293 560 63 21 243 622
411 211 329 479 287 89
543 100 160 368 291 330
202 3 204 396 57 368
486 344 52 169 311 515
429 32 310 511 58 355
216 38 714 184 330 179
548 111 289 456 21 411
6 428 2 206 8 194
173 15 355 27 4 400
319 28 119 520 11 205
107 683 150 882 4 85
348 473 32 19 118 274
239 184 199 302 324 85
367 157 168 12 426 98
244 51 241 26 59 336
33 459 194 568 107 242
729 51 81 146 725 102
273 39 255 33 572 190
870 27 33 382 361 24
277 360 103 256 264 439
76 71 380 240 86 550
151 119 510 91 195 316
67 485 286 180 336 292
122 318 224 72 730 41
300 423 253 83 659 90
137 368 494 551 9 185
220 150 371 382 138 266
661 66 76 115 157 239
282 28 513 170 94 385
405 455 102 218 159 447
294 41 458 236 198 215
54 455 377 423 143 407
14 62 269 145 361 352
232 210 164 675 34 195
278 10 361 291 538 50
507 274 92 274 256 248
186 136 41 387 212 337
647 48 55 18 613 311
307 82 537 360 142 4
263 84 470 24 706 143
102 231 93 196 239 306
148 56 108 143 456 147
145 230 439 672 45 225
187 293 467 155 423 257
40 102 162 352 305 129
245 16 698 183 219 443
51 147 351 143 202 187
48 154 755 83 45 449
186 167 205 14 235 436
186 565 136 514 155 76
431 102 106 79 253 630
37 240 554 339 157 203
347 7 4 36 5 343
475 146 343 434 98 188
593 32 174 296 257 109
3 123 691 348 18 105
355 96 201 163 4 394
168 333 95 246 606 35
709 40 27 95 307 504
385 170 352 124 266 491
74 788 124 59 793 93
84 761 95 217 441 333
367 284 324 114 237 79
513 6 86 51 172 133
57 584 31 69 314 189
94 677 219 139 180 539
223 61 78 298 140 327
50 562 25 275 153 254
63 42 207 363 171 329
5 480 94 456 270 11
133 46 211 144 463 145
149 475 175 14 337 338
282 21 455 9 598 351
486 38 339 475 0 296
218 50 713 95 593 135
264 587 20 84 272 251
50 15 479 121 157 444
89 469 199 267 362 57
370 41 299 607 24 305
87 151 342 195 465 203
257 267 262 251 414 179
340 133 250 155 127 340
145 332 298 370 463 62
745 83 150 392 11 328
291 143 271 48 284 291
461 182 69 3 632 198
400 41 219 128 3 745
20 204 591 182 539 64
57 363 34 221 407 183
77 61 547 89 561 187
60 204 334 43 235 541
275 44 43 493 33 283
629 108 119 294 3 422
286 191 22 102 486 51
140 295 487 194 69 497
52 249 321 169 108 711
263 229 307 562 68 130
177 318 185 28 226 336
62 798 132 587 48 239
11 88 529 124 147 378
498 47 70 18 161 610
298 65 222 187 706 13
284 52 199 42 436 144
481 214 69 354 7 327
359 430 25 673 156 15
239 332 305 188 168 503
428 173 95 27 31 381
80 274 80 334 514 21
317 161 171 585 90 191
5 101 465 234 232 5
371 399 45 369 10 130
770 132 14 784 112 68
198 474 301 251 416 89
387 112 457 622 43 106
210 522 78 209 153 437
489 132 293 27 286 539
575 311 79 436 297 144
4 503 50 125 479 134
127 127 260 538 112 321
269 22 354 273 248 49
389 117 398 279 175 385
220 393 156 86 49 147
64 202 363 110 712 120
118 7 792 325 220 374
104 480 380 67 341 238
239 79 101 162 376 320
309 209 418 163 65 539
75 587 16 159 168 327
474 134 26 194 121 74
337 1 624 146 536 224
78 280 188 18 550 385
678 240 10 417 354 11
269 74 519 158 110 323
234 423 65 109 498 66
287 43 268 17 598 261
273 421 273 10 489 145
247 9 381 298 419 153
526 169 114 283 220 88
594 222 60 283 641 76
262 102 576 514 269 158
175 100 410 270 475 139
116 86 218 129 699 150
523 59 374 15 21 887
365 26 598 431 217 184
142 153 530 84 196 215
101 722 124 42 257 249
7 213 480 184 351 16
21 440 153 81 166 32
156 119 279 459 435 67
34 313 265 337 144 250
166 630 55 49 291 539
355 530 111 327 6 619
110 307 79 259 452 288
102 20 794 651 290 33
106 43 738 91 565 111
314 319 361 440 217 157
264 102 499 92 192 664
457 264 31 186 425 43
96 310 216 177 196 411
654 281 27 35 58 740
305 328 345 78 296 474
429 38 381 67 128 170
100 517 370 344 320 306
561 225 53 774 138 74
67 395 393 58 298 316
39 635 110 273 141 403
154 92 660 256 463 269
423 83 381 165 244 393
511 294 189 656 160 24
13 327 507 19 234 218
84 108 502 39 265 661
104 497 64 480 71 325
7 384 432 35 141 175
500 175 85 84 732 178
262 224 88 138 310 100
423 365 88 407 288 78
42 91 151 247 369 31
126 323 360 21 563 109
143 274 437 230 196 512
2 284 667 330 188 236
201 308 187 85 73 395
224 480 90 36 7 752
317 219 380 73 268 262
422 94 434 462 19 262
566 294 98 108 190 510
268 573 101 303 137 230
9 228 273 374 391 170
468 232 239 177 46 409
51 15 228 48 648 57
498 20 122 235 82 463
510 194 159 80 583 225
66 812 79 658 31 91
377 279 74 176 491 49
335 271 30 117 43 467
342 53 310 65 164 727
359 6 122 29 797 86
20 242 486 172 259 303
196 264 513 441 190 328
67 256 420 436 196 325
201 353 163 395 211 255
361 54 436 298 100 11
88 302 209 552 170 49
17 496 152 103 712 153
730 149 98 245 434 113
116 438 188 409 299 249
177 80 549 251 231 186
575 191 223 454 349 32
198 284 39 178 96 199
143 551 233 246 376 207
343 190 41 664 55 178
76 412 312 242 251 382
17 173 262 143 99 403
74 128 628 541 365 23
231 468 35 216 81 219
424 281 217 629 61 264
143 94 404 208 50 84
123 215 381 74 379 146
241 195 6 449 286 24
332 31 529 16 140 529
53 551 260 5 503 437
187 296 118 257 43 172
160 150 105 435 378 57
189 62 36 560 208 62
566 58 54 596 26 366
185 501 142 317 29 311
233 591 169 332 8 276
81 105 392 641 59 67
457 463 53 102 234 77
155 295 524 10 563 183
219 241 201 303 283 14
252 148 73 44 470 302
352 584 43 175 116 605
397 113 222 272 68 201
136 54 189 154 650 106
197 292 359 41 334 593
217 35 225 217 430 100
34 677 171 447 223 112
57 102 240 622 132 187
131 226 620 87 533 48
144 631 71 727 26 244
219 242 122 228 47 636
302 238 227 128 127 419
56 537 298 227 99 557
185 320 268 109 768 94
171 770 56 383 37 143
2 389 331 205 73 504
239 287 300 517 124 123
119 228 232 298 236 418
289 284 135 385 76 35
665 166 93 131 135 585
97 259 314 191 302 411
329 30 627 43 20 856
140 244 99 131 323 506
385 17 177 514 25 95
82 427 413 74 486 388
156 247 150 104 137 541
318 434 148 188 128 157
46 462 438 94 184 598
225 10 488 167 4 179
97 295 583 204 330 245
85 382 242 69 19 263
43 288 2 67 180 239
37 145 289 209 37 455
79 182 267 972 21 0
137 560 71 34 121 125
