202 1030
B 65 161 155 141 558 225
B 456 69 395 109 627 98
B 244 362 69 191 409 46
J 248 195 430 508 99 202
J 8 504 53 329 370 34
J 525 312 147 153 207 87
J 101 319 322 14 356 94
J 410 476 110 129 145 96
B 496 257 147 224 342 409
J 44 722 131 66 116 491
B 417 11 359 16 217 462
B 379 172 410 5 552 436
B 53 261 479 368 372 190
J 111 279 312 472 147 260
B 664 22 35 334 357 249
J 81 308 172 54 215 254
J 297 407 35 739 49 54
B 17 40 442 48 205 560
J 366 462 41 286 112 91
J 328 165 200 334 16 558
J 332 147 302 674 8 253
B 514 285 29 318 536 24
J 8 153 648 22 121 424
B 206 200 259 412 432 87
B 27 62 429 220 359 166
B 301 214 416 118 262 543
B 192 349 415 38 774 34
B 269 12 371 249 57 342
B 268 102 536 69 276 433
B 575 40 104 421 200 232
B 4 319 230 271 369 109
J 219 400 105 435 57 161
J 154 281 418 27 21 507
B 474 193 211 105 334 242
J 13 655 197 274 183 338
B 134 186 138 815 117 32
J 44 146 648 386 109 24
B 98 51 408 350 214 424
B 560 24 16 232 181 353
B 515 110 296 239 382 344
B 31 49 170 27 46 910
J 341 272 348 731 51 68
B 493 258 180 119 828 24
B 139 311 210 288 304 145
B 107 88 295 33 406 543
B 209 96 391 215 698 58
J 332 53 106 177 16 76
B 380 16 438 16 243 182
B 618 312 54 51 635 77
J 487 167 85 137 216 144
B 444 21 378 47 399 114
J 61 759 26 92 540 262
J 222 339 131 437 7 262
J 490 358 150 385 85 428
J 15 400 75 792 91 29
J 176 310 54 277 122 395
J 119 194 465 36 109 336
B 172 18 637 44 465 459
B 309 89 67 103 266 340
B 70 77 495 161 180 182
B 688 179 17 45 577 119
J 319 399 214 898 14 60
J 177 374 422 154 163 138
B 372 262 280 224 603 31
J 32 265 318 167 130 142
B 211 259 430 30 458 456
B 91 316 117 280 308 185
J 445 44 78 279 33 210
B 101 0 536 149 19 434
J 337 302 8 184 218 388
B 103 135 508 178 388 235
J 241 215 142 333 147 112
B 85 162 359 581 149 81
J 144 688 81 36 359 530
J 26 139 552 49 13 610
B 590 62 119 35 445 472
J 221 453 99 187 244 213
B 519 206 179 138 564 207
J 65 333 226 153 76 333
B 67 183 172 492 383 30
J 54 495 336 79 232 194
J 72 313 590 19 320 294
J 42 172 216 175 20 470
J 304 66 411 226 8 41
J 139 567 102 258 90 567
B 300 44 111 113 366 48
J 355 376 47 255 238 209
J 601 39 184 405 62 72
B 503 85 332 269 327 31
B 263 372 225 80 441 396
J 223 245 138 649 43 286
B 357 171 261 10 759 216
B 26 141 206 60 0 787
B 259 129 553 167 514 33
B 49 383 354 142 460 388
B 192 233 291 251 488 137
B 253 298 137 360 203 340
J 446 231 133 237 121 167
B 525 70 252 12 609 329
B 183 57 544 557 333 95
J 108 454 92 48 230 313
B 693 101 147 149 199 501
B 248 188 266 309 217 159
B 43 394 59 204 353 167
B 273 62 612 383 162 420
J 364 252 243 344 156 62
B 189 40 344 669 242 2
J 313 322 357 516 97 302
B 51 121 531 23 302 655
J 381 211 282 3 126 628
J 278 410 134 377 96 54
B 539 78 122 304 320 113
J 309 535 151 300 549 16
B 280 7 567 469 183 239
B 35 103 729 59 541 3
J 358 5 294 96 39 175
J 343 346 173 183 48 722
B 266 27 521 529 55 195
B 732 22 44 582 106 54
J 621 195 182 301 199 317
J 174 479 303 500 212 176
B 642 14 218 616 327 19
J 212 667 10 426 154 399
B 69 52 672 604 18 282
B 296 293 20 217 542 182
B 329 193 470 358 533 35
B 497 160 25 367 235 172
J 128 667 59 289 395 277
B 39 487 67 33 390 415
B 31 19 925 244 30 670
J 391 224 271 510 29 53
B 224 150 4 37 378 332
J 188 499 32 72 401 5
B 9 126 49 107 36 744
J 7 594 182 79 262 220
B 45 178 12 30 241 457
B 187 55 97 662 85 146
B 350 335 21 85 668 128
J 13 270 714 442 153 313
J 210 695 0 723 77 23
J 54 645 217 84 462 453
B 679 203 33 145 443 151
B 264 80 230 274 252 422
J 246 512 81 162 229 119
J 127 657 83 33 37 788
B 191 170 76 69 95 573
B 144 391 79 141 584 60
J 279 213 266 917 19 48
B 350 18 352 126 563 78
B 779 131 45 305 570 89
J 136 599 102 247 363 171
B 165 374 29 73 413 491
B 331 26 415 9 526 423
J 283 566 114 397 229 257
J 199 513 132 205 65 654
J 375 96 325 76 109 164
J 374 422 202 13 301 111
J 204 267 359 186 90 633
B 68 105 369 111 359 406
J 506 195 42 37 173 519
J 112 604 156 385 144 234
B 174 474 155 154 516 241
J 26 647 9 96 325 270
J 284 274 282 255 17 472
J 253 434 284 786 13 176
J 53 445 426 69 366 343
B 135 301 186 75 459 308
B 698 261 8 85 450 331
B 390 253 198 164 521 271
J 23 176 289 442 85 23
J 161 361 328 101 3 589
B 844 12 23 212 115 601
J 209 414 366 198 39 563
B 415 473 19 34 636 53
B 400 369 95 61 638 92
B 42 54 700 468 228 153
J 780 185 31 229 202 247
J 166 520 165 409 74 20
J 206 348 185 244 50 533
J 144 245 226 236 145 284
B 155 141 280 354 255 122
J 84 301 325 296 176 253
J 401 247 288 312 214 233
B 244 215 320 533 242 125
B 235 367 171 154 794 42
J 677 66 204 687 21 280
J 363 502 62 129 124 416
J 237 358 264 547 226 198
J 61 483 239 196 359 330
J 242 38 554 440 89 100
J 207 368 256 467 172 299
J 523 77 341 236 71 214
J 491 263 90 425 271 47
J 718 76 191 407 205 87
J 14 212 442 33 112 650
B 319 128 527 161 506 92
B 206 18 224 528 47 268
B 158 231 544 117 511 246
B 89 215 35 386 213 244
J 315 483 163 9 391 81
J 87 588 246 290 485 225
J 282 558 38 95 324 546
74 422 149 527 2 333
14 467 300 708 127 86
459 9 301 359 101 399
177 379 424 176 178 74
363 62 355 451 252 62
169 540 43 386 34 170
531 124 91 46 544 223
67 393 409 245 44 526
129 661 38 736 51 143
275 209 404 169 320 210
287 1 441 161 195 420
19 139 568 314 295 239
165 165 490 602 152 215
34 696 114 418 415 49
223 151 34 343 500 139
383 19 325 283 556 153
92 349 318 41 431 386
448 157 383 533 96 52
288 3 307 114 207 41
382 114 371 250 278 218
273 473 179 164 563 98
32 559 38 100 179 427
38 613 10 38 411 418
17 68 750 379 47 510
519 110 221 149 23 722
278 135 421 710 7 170
475 193 267 32 572 328
745 94 69 394 506 40
44 89 235 191 103 334
39 625 39 47 274 219
471 255 156 163 233 147
8 95 571 231 146 479
0 94 274 151 127 435
111 232 308 92 347 40
326 92 387 159 269 485
17 688 187 17 684 204
719 90 29 430 330 62
354 204 241 89 636 224
236 205 530 377 154 316
193 457 111 172 82 746
303 91 436 134 476 323
278 111 197 32 137 280
234 244 176 39 9 375
516 134 328 454 61 127
95 1 607 42 449 17
185 411 247 266 261 259
490 77 144 233 173 92
309 356 183 401 328 16
14 361 507 55 780 101
398 346 227 58 177 393
633 45 4 399 229 252
192 299 504 275 305 282
350 126 346 447 147 222
321 63 226 394 281 18
129 263 488 472 62 106
97 302 222 258 523 25
63 409 90 405 165 382
260 547 105 256 105 460
469 288 237 118 119 192
155 182 526 217 414 33
186 192 363 604 255 90
184 198 400 268 44 372
68 546 366 409 243 175
438 163 169 468 97 258
62 653 234 583 186 177
28 119 818 247 183 54
57 303 347 300 44 549
437 131 385 485 73 209
382 144 289 177 27 304
143 701 105 385 256 90
2 342 490 97 153 546
514 334 86 98 433 345
582 226 127 246 170 276
245 223 99 226 512 27
182 50 397 225 234 337
71 3 767 162 35 239
573 55 252 133 135 239
334 118 24 76 160 414
35 441 237 319 75 39
330 99 517 474 108 188
31 225 197 109 180 516
8 192 648 539 87 265
190 74 94 571 83 255
268 69 41 153 375 190
83 552 322 316 203 54
267 92 610 269 240 77
104 430 260 263 455 22
20 381 377 241 123 513
243 497 8 439 442 34
53 284 547 247 73 241
120 144 290 48 530 214
489 67 92 315 492 65
554 144 195 148 62 313
15 15 823 781 37 64
394 75 227 254 59 60
282 161 480 409 430 43
116 273 366 133 416 12
94 361 141 355 244 111
52 472 146 263 352 276
447 123 397 115 35 630
97 258 366 615 97 26
114 141 355 16 66 377
225 53 665 17 451 424
134 3 654 55 265 554
265 166 152 317 268 107
291 199 421 124 480 259
381 104 489 119 543 127
423 168 375 4 666 52
468 96 84 591 110 59
137 307 172 611 42 40
2 514 143 632 22 127
481 429 87 218 301 251
109 438 98 123 126 167
403 229 337 302 500 86
158 175 62 23 135 419
3 32 906 495 63 151
542 268 1 401 98 229
580 139 132 178 25 212
262 336 136 287 460 107
347 60 19 40 282 420
67 514 185 333 138 319
601 282 107 320 109 550
582 26 21 323 117 304
22 548 94 172 179 546
188 218 188 226 182 465
32 155 67 442 259 126
511 337 56 48 301 205
443 90 151 275 177 156
461 182 77 155 133 633
238 3 140 179 116 294
293 81 619 96 321 428
242 76 109 504 178 75
167 198 64 247 415 262
2 506 46 326 65 114
209 52 678 48 617 279
322 22 349 7 450 77
46 575 9 24 112 568
84 611 189 323 152 483
130 231 487 28 765 26
126 727 6 42 346 518
519 201 249 461 444 18
110 141 612 223 54 497
8 35 575 94 171 557
407 41 341 146 14 324
261 651 32 436 75 284
377 336 130 334 64 256
79 64 185 686 168 100
583 395 21 12 169 509
325 43 215 405 340 161
406 228 206 692 75 36
391 168 217 142 249 149
262 300 19 29 216 246
636 50 6 397 168 280
347 196 25 449 329 56
237 353 10 84 701 8
205 145 148 310 282 288
393 166 338 14 170 308
53 192 46 461 83 106
168 3 624 66 278 18
284 532 141 343 65 528
65 455 207 365 328 212
240 199 164 149 448 129
235 9 110 306 49 200
429 207 219 78 527 282
282 94 201 330 45 189
289 121 378 549 320 38
180 506 218 185 429 256
169 248 329 50 644 244
17 666 132 339 255 245
383 203 113 69 727 113
320 345 234 20 473 224
614 120 30 179 83 484
148 353 240 288 125 548
370 42 26 672 119 32
533 104 19 409 318 24
326 59 4 233 116 578
100 411 73 492 14 233
47 19 65 10 9 513
35 232 456 284 172 517
155 204 131 292 41 143
106 596 248 394 119 40
397 440 23 613 131 6
512 285 185 411 35 91
311 276 104 206 683 49
86 97 557 266 476 237
185 17 750 143 795 13
482 333 150 411 174 108
167 156 81 268 213 398
565 294 132 90 354 326
133 709 24 129 434 42
212 486 193 465 459 37
31 43 808 310 398 250
226 451 79 337 462 115
184 299 261 141 105 673
106 318 504 329 347 137
598 53 134 505 103 322
44 175 431 206 122 483
238 634 124 342 232 262
78 133 528 90 401 474
107 183 486 66 346 167
326 488 182 270 680 25
174 269 250 59 663 265
23 587 281 286 14 600
336 357 65 758 83 146
603 43 308 215 362 207
189 276 292 312 45 250
404 31 144 13 87 5
160 554 272 434 360 147
476 31 487 3 864 98
350 237 341 318 302 130
192 304 445 43 125 366
305 177 493 316 291 113
406 56 205 257 135 517
409 221 301 183 485 249
204 101 96 689 170 138
195 184 6 274 95 525
351 135 132 15 187 563
295 278 401 604 116 8
241 39 143 30 108 12
312 138 427 145 532 6
33 72 811 112 33 602
0 328 100 139 4 689
332 28 24 86 165 620
201 135 133 576 121 213
388 170 52 359 10 544
364 172 132 98 347 215
67 358 370 80 214 0
558 240 120 1 389 604
369 86 406 338 125 348
260 264 156 286 29 588
425 104 298 436 462 30
283 81 151 192 477 120
520 235 62 315 193 10
96 495 19 554 149 132
291 43 623 245 73 212
179 500 114 181 177 309
2 88 387 21 273 75
853 22 33 231 115 522
463 40 81 96 375 356
209 294 401 259 313 160
470 210 274 226 117 310
27 244 602 455 294 124
523 11 307 100 706 52
390 32 141 45 461 64
520 273 125 578 106 2
45 316 211 153 120 465
384 509 21 33 795 80
101 662 87 311 251 395
52 108 263 44 139 488
240 106 346 314 483 134
57 54 787 502 61 304
283 135 546 266 96 145
474 223 279 312 291 77
487 101 347 41 125 312
435 234 119 50 174 7
529 230 164 221 566 1
117 147 545 75 148 409
122 654 120 68 9 820
311 73 436 65 291 320
306 348 341 100 618 73
52 347 79 279 151 505
427 25 529 118 164 462
461 14 179 121 175 546
194 5 174 25 0 708
264 205 252 146 160 272
75 121 698 185 56 746
413 97 9 101 254 203
27 549 85 326 70 335
108 123 709 86 123 596
178 643 20 172 52 688
177 509 264 446 211 276
67 491 409 695 42 131
21 286 121 59 623 185
62 504 412 347 31 315
335 462 38 17 163 462
424 69 275 784 94 42
222 87 432 108 441 427
193 325 293 307 127 81
317 99 584 140 535 110
282 308 318 2 556 182
245 20 292 447 97 146
198 22 647 138 205 522
192 87 372 371 575 19
177 41 241 299 154 346
511 310 160 217 33 654
405 324 66 4 339 418
618 45 286 133 261 591
117 548 127 68 320 118
250 302 411 102 137 47
217 191 543 335 174 142
127 260 84 175 108 39
89 260 348 124 134 359
241 465 115 195 129 618
499 416 46 857 7 71
151 407 183 166 565 28
204 130 424 3 160 33
423 213 253 115 510 346
283 182 28 228 347 368
110 58 518 201 12 157
292 110 413 280 192 66
276 80 343 29 555 7
52 197 544 732 36 220
681 142 46 200 178 1
186 68 202 63 226 430
93 439 297 188 438 202
50 645 149 33 423 529
44 218 78 150 528 97
100 252 67 63 633 248
101 240 426 60 48 812
168 183 447 914 62 7
471 294 126 225 21 428
439 380 152 57 589 122
70 235 177 26 118 609
670 279 6 247 87 44
226 62 128 354 47 313
175 120 103 119 482 159
297 328 17 357 286 149
356 132 159 258 18 129
70 567 323 256 330 402
76 318 500 136 140 322
81 228 429 365 45 458
521 91 294 284 251 416
575 248 28 253 295 401
334 492 42 548 65 164
58 84 271 47 124 99
15 394 240 275 125 264
97 134 155 106 2 664
554 74 81 316 566 54
78 23 226 447 57 43
97 703 120 136 184 305
121 295 371 780 79 141
531 30 40 482 340 42
118 675 45 410 288 153
397 188 222 318 406 178
32 201 360 299 478 133
252 376 36 193 41 627
344 262 84 11 326 215
130 293 25 630 194 63
420 107 267 182 188 252
107 190 528 334 132 65
268 59 538 212 140 575
487 78 179 11 591 242
160 336 306 17 436 481
81 585 158 324 363 13
580 229 24 327 252 321
296 48 459 660 60 84
294 597 41 157 704 51
197 72 296 111 153 364
8 140 198 52 95 711
663 35 192 28 320 65
560 85 267 108 58 418
532 115 277 16 519 306
531 96 338 385 164 278
86 722 178 576 216 6
68 539 292 406 63 87
618 93 86 162 218 469
368 159 8 303 312 196
81 155 172 180 384 79
175 350 134 384 274 116
451 24 431 76 33 209
172 397 128 16 98 717
81 8 482 567 135 248
393 374 167 53 363 311
637 81 217 644 47 148
524 57 108 38 343 11
6 490 191 167 114 177
85 288 147 57 701 120
421 34 314 69 556 224
265 377 281 152 131 516
38 465 348 101 90 368
155 13 450 221 61 428
356 170 172 60 697 184
664 13 312 368 575 40
385 395 156 77 800 74
467 274 209 786 38 62
345 200 351 138 108 636
36 299 572 575 253 160
166 125 444 198 452 329
71 67 482 43 45 138
337 140 31 418 390 82
257 104 271 386 66 5
27 262 498 135 462 281
327 361 40 166 127 367
19 126 683 468 252 86
103 138 499 303 22 353
353 334 91 75 53 368
165 89 484 440 92 440
44 842 32 174 595 176
530 256 212 275 190 495
109 472 122 140 358 331
595 217 175 68 144 415
113 176 121 241 197 405
539 178 234 54 195 490
100 392 266 632 60 12
362 610 26 119 225 210
144 327 1 154 94 408
211 206 353 1 179 572
221 187 27 271 365 137
48 348 119 284 333 108
263 68 626 112 53 314
400 107 274 549 129 322
213 250 307 30 21 380
370 18 498 85 396 202
295 314 147 208 637 32
101 254 70 453 388 36
77 257 45 163 113 119
31 315 279 176 179 326
38 266 378 220 395 0
13 605 274 88 144 473
294 241 278 626 51 233
173 500 124 452 208 265
118 474 300 6 752 108
225 22 727 523 38 184
627 280 51 41 52 387
214 598 26 570 297 8
319 363 43 588 180 62
48 403 395 309 395 263
161 299 171 205 106 236
38 383 280 516 91 315
139 44 671 414 115 259
45 620 160 48 371 385
100 651 33 27 82 596
148 437 66 29 118 399
52 323 340 332 492 124
536 61 67 37 171 616
339 39 62 213 27 103
188 236 212 21 41 783
57 274 283 97 337 7
127 487 146 245 433 195
126 150 616 255 130 36
220 280 315 790 39 10
26 54 878 97 283 136
225 2 684 344 252 218
231 288 457 572 66 165
217 568 29 224 293 453
105 68 135 404 17 530
265 98 438 103 225 330
268 433 112 109 565 259
301 90 487 88 364 283
552 50 154 542 15 44
46 386 73 27 104 385
455 37 398 24 6 368
38 222 593 596 10 178
251 352 346 393 156 165
604 170 75 9 598 147
127 707 140 59 140 650
568 252 177 407 282 244
44 26 916 350 169 353
65 18 277 254 63 342
105 210 570 260 28 307
179 28 170 96 161 468
39 221 60 437 57 388
269 330 224 392 26 96
457 142 65 422 59 141
282 57 653 53 493 174
477 161 243 18 175 158
165 7 451 318 209 232
281 585 38 83 352 437
302 19 213 19 159 632
153 253 95 282 645 51
116 547 94 28 539 309
206 138 647 140 10 265
281 167 23 284 68 48
73 293 246 181 439 371
119 120 618 434 50 256
119 515 254 71 444 410
205 31 100 138 14 574
231 308 386 214 532 177
467 378 23 108 520 283
533 67 38 31 82 53
2 339 251 257 401 324
231 91 495 502 9 263
27 226 364 94 425 448
14 337 467 147 546 53
262 40 171 434 229 287
483 62 272 16 87 129
48 203 257 163 344 326
365 101 409 485 169 237
423 30 13 235 370 40
67 331 231 157 120 545
477 28 112 474 136 10
64 272 230 231 103 169
378 530 19 386 335 63
546 235 219 449 434 92
325 83 462 32 9 461
184 517 293 43 558 235
152 644 26 197 381 130
34 338 257 528 22 209
36 409 168 302 113 504
440 212 313 472 149 197
74 260 258 202 396 208
484 248 206 135 384 466
295 98 72 391 253 165
262 174 158 614 232 15
556 408 20 167 294 78
217 288 439 323 404 57
5 67 273 184 90 472
488 399 24 831 63 89
51 189 625 308 48 117
326 514 136 25 426 280
151 423 5 198 5 544
209 429 193 72 171 603
66 107 110 447 24 512
104 143 300 150 475 164
629 117 245 722 7 75
454 411 61 14 372 72
272 158 490 340 279 259
37 345 554 313 87 416
17 262 422 70 473 177
6 191 183 37 98 751
148 346 62 38 463 176
15 139 367 154 204 527
261 102 150 221 69 1
73 306 521 350 375 215
277 5 700 62 527 2
116 166 17 136 385 62
191 168 519 199 520 277
378 245 123 424 89 459
437 2 93 324 78 139
38 224 281 138 157 549
190 48 313 37 88 869
193 152 363 68 265 484
231 214 537 49 233 178
26 38 906 290 119 490
466 131 206 694 206 26
256 231 348 315 110 83
100 8 431 576 44 138
236 44 672 4 518 429
483 1 94 30 213 196
86 502 341 679 27 90
139 454 96 114 192 617
19 475 451 213 173 105
210 307 433 313 82 67
478 156 91 2 37 766
86 247 136 452 484 46
76 395 324 256 133 565
325 333 1 182 539 22
4 694 192 50 416 47
83 398 450 219 0 553
309 12 189 138 64 576
109 316 355 645 28 62
293 539 147 443 68 345
874 56 34 274 24 534
274 53 95 720 71 32
278 203 490 697 135 157
102 461 37 118 390 243
157 140 193 152 124 406
53 647 196 401 28 455
523 80 173 739 210 27
510 333 127 142 114 661
357 248 305 119 357 238
203 108 163 78 256 395
244 112 197 74 656 74
208 446 15 136 554 208
148 150 395 39 481 186
66 312 584 94 89 429
296 171 141 190 338 83
30 114 767 127 234 404
217 53 318 77 57 78
291 131 227 29 170 269
434 71 76 257 552 41
279 197 60 687 72 184
37 205 291 190 14 163
40 247 546 10 261 424
1 65 262 248 113 302
526 386 57 68 396 362
37 85 636 226 180 9
116 193 677 57 653 231
37 169 474 223 29 636
281 157 91 194 430 128
4 8 843 14 410 398
160 112 670 161 181 222
518 119 64 179 114 174
350 261 116 103 102 266
57 623 143 487 157 53
485 178 69 254 40 505
1 41 310 338 21 278
176 61 678 72 566 206
21 465 450 387 161 354
486 126 110 454 55 182
525 276 124 127 704 58
313 619 43 200 459 71
560 70 27 333 227 75
14 72 821 13 663 279
626 110 116 365 20 500
27 114 563 165 24 270
28 435 311 117 232 644
485 445 27 576 47 286
131 268 573 520 89 235
206 11 511 229 46 632
69 47 592 193 202 95
337 357 242 42 598 221
200 26 437 640 41 295
232 384 292 5 635 193
260 53 63 13 242 702
401 410 73 237 129 393
490 79 257 84 45 748
258 118 470 498 124 371
268 106 250 70 342 369
506 223 52 518 4 384
535 55 349 52 200 591
171 219 521 132 321 147
400 41 301 58 614 44
197 13 342 362 160 178
558 71 201 210 207 162
149 638 50 220 561 174
99 261 504 23 535 89
354 220 178 418 276 47
216 539 100 306 293 121
144 204 126 341 264 119
626 66 123 189 566 28
370 144 220 405 401 79
141 111 4 183 182 403
415 300 43 52 365 198
117 65 175 128 89 613
114 111 408 125 34 593
157 491 306 7 270 510
83 278 253 390 321 118
353 259 62 125 248 250
164 675 124 11 300 216
163 203 488 46 264 249
27 839 2 43 352 22
214 96 425 323 392 167
375 115 239 316 166 439
95 356 225 98 269 611
94 286 412 160 194 32
79 710 16 397 123 406
47 62 408 327 68 227
357 142 368 147 17 511
497 96 243 0 154 236
136 27 688 183 596 53
183 198 402 494 63 11
102 376 501 28 98 688
19 382 21 436 73 260
250 101 119 344 234 361
277 193 351 295 255 391
144 86 482 304 173 156
22 655 171 7 87 839
576 245 125 283 182 362
47 308 354 117 171 546
162 216 538 290 116 70
88 133 533 220 281 314
160 428 238 44 327 128
218 217 214 118 538 123
102 569 13 108 287 308
149 489 351 263 176 444
249 135 448 104 135 561
527 134 180 674 205 110
294 49 146 551 151 263
111 335 262 563 406 25
465 48 26 213 175 550
580 191 184 58 160 737
438 26 171 535 145 76
387 81 67 348 55 89
678 50 232 111 325 207
289 19 661 241 228 356
36 9 624 411 15 395
285 135 110 533 105 14
693 196 31 209 528 22
129 262 209 390 451 128
183 33 197 183 169 210
139 551 214 663 163 143
567 185 138 162 430 14
33 486 472 12 504 211
167 252 523 70 123 654
255 257 133 33 88 489
419 34 384 92 259 458
518 207 162 30 369 75
167 421 307 186 515 18
59 545 332 22 477 410
191 370 12 8 93 612
135 391 145 475 284 215
815 32 1 21 274 325
491 425 47 119 224 622
526 48 165 531 315 61
580 343 8 154 210 503
300 54 13 599 1 227
88 346 548 92 150 642
68 434 442 355 304 201
308 205 187 195 113 448
2 693 258 104 355 283
93 89 131 777 60 67
367 77 492 430 126 343
36 136 106 77 67 51
139 232 139 47 451 466
255 12 510 114 439 386
173 603 190 368 209 308
412 296 264 846 138 11
413 101 171 214 473 43
103 492 233 591 312 94
73 55 506 148 398 281
252 196 212 140 64 269
214 429 18 85 432 390
429 153 228 673 153 136
327 200 15 79 560 165
23 214 245 742 56 163
154 451 150 83 339 304
339 29 63 21 84 133
184 207 248 113 3 721
254 329 243 35 550 227
56 492 139 360 92 474
205 78 283 199 507 243
449 369 155 466 78 439
265 136 195 166 532 201
622 168 130 687 36 124
508 339 66 400 242 304
205 191 333 178 110 344
18 177 749 51 304 441
94 411 89 92 226 442
169 774 33 168 175 497
98 490 128 234 249 498
506 198 108 126 97 660
72 630 88 220 716 35
272 140 100 15 195 226
164 93 630 16 119 122
317 308 298 23 272 692
370 309 247 256 258 361
443 92 426 56 352 493
20 338 1 441 411 109
16 483 325 2 149 196
345 106 36 229 550 189
233 397 276 321 32 435
432 309 60 26 125 414
444 8 334 73 542 59
95 377 251 260 282 141
177 179 235 76 491 132
353 18 253 445 55 277
506 14 394 92 359 354
275 232 130 318 203 411
209 135 121 411 39 106
214 211 82 263 406 301
137 431 417 100 352 111
510 163 118 646 189 53
540 195 14 305 26 207
25 277 308 230 402 173
131 612 180 68 478 228
171 8 639 7 326 338
723 106 13 48 273 331
36 818 118 359 472 47
677 151 142 882 92 19
15 37 846 451 204 190
344 97 496 246 176 29
84 104 77 271 224 270
86 250 363 395 291 249
130 39 453 602 24 116
76 578 148 236 169 336
228 121 402 47 834 80
447 347 98 265 9 490
358 366 256 92 725 8
586 75 312 169 149 32
127 87 551 459 86 232
343 185 41 264 300 187
15 540 90 101 248 226
211 7 634 162 543 62
564 37 85 433 105 115
215 56 472 572 35 97
315 437 169 143 330 239
419 65 2 312 1 651
513 226 164 74 334 291
323 372 48 822 104 51
87 531 327 195 183 210
97 720 98 81 106 480
135 86 228 350 179 294
78 143 382 221 314 204
411 36 126 99 484 68
42 878 40 30 283 236
352 400 50 41 29 880
228 76 87 31 147 74
13 590 168 456 180 25
580 315 80 381 181 252
190 483 64 374 81 244
506 250 109 368 104 526
227 173 155 179 511 113
67 14 311 131 147 589
88 126 708 298 327 189
233 143 44 169 501 152
574 280 69 16 264 119
1 519 411 163 426 90
459 71 201 58 247 218
105 137 306 830 86 6
300 499 77 72 137 691
8 167 100 212 42 376
476 141 70 609 144 236
272 60 292 209 24 631
233 434 275 97 481 150
120 226 94 511 74 251
252 526 25 624 236 46
338 194 210 328 14 520
46 597 141 307 270 210
587 380 6 87 142 493
341 286 88 952 10 22
70 311 580 398 142 358
20 237 623 195 86 646
313 353 269 217 299 71
298 294 302 310 577 92
116 84 521 156 13 472
270 65 605 834 49 68
172 155 229 35 86 753
121 32 303 277 250 437
108 53 395 660 34 288
4 280 317 542 131 142
80 268 533 122 39 331
49 585 83 38 139 247
538 230 147 10 270 150
502 310 72 307 583 55
353 133 376 298 471 69
268 533 145 243 45 357
486 84 314 207 253 346
28 219 582 517 314 112
408 116 285 16 153 123
104 43 545 732 76 159
289 302 86 111 180 628
571 65 16 143 184 642
254 291 75 391 73 273
289 13 112 490 115 372
316 274 343 61 585 211
156 360 276 438 38 308
118 721 4 250 113 371
651 64 90 665 106 28
42 86 384 274 119 300
323 277 255 35 196 737
201 170 612 514 74 349
489 223 232 166 531 241
245 172 73 497 86 206
311 289 320 25 240 24
242 384 194 595 324 54
505 220 163 494 159 276
600 57 44 533 240 21
130 382 367 114 436 60
218 693 39 65 324 541
261 104 477 267 101 111
258 88 636 434 230 78
345 107 275 26 254 134
260 149 88 218 378 388
572 84 35 216 451 8
44 192 303 271 487 34
251 7 305 42 42 330
49 467 54 118 323 490
163 303 22 244 156 383
416 426 107 0 161 423
611 132 0 107 384 79
170 416 189 496 358 79
261 131 297 261 44 540
688 93 207 4 848 34
325 171 226 833 28 77
22 199 240 83 56 420
63 93 406 150 273 528
150 315 237 203 278 202
109 208 437 61 483 288
82 74 291 607 4 223
404 56 217 491 283 160
98 327 352 694 10 258
530 240 43 392 42 290
184 381 250 11 127 766
276 232 173 93 110 96
67 522 182 228 60 536
173 494 224 143 563 23
499 66 35 360 91 271
70 391 367 107 129 752
103 477 265 89 454 242
102 53 572 372 254 353
400 68 34 135 420 360
223 120 563 80 456 149
64 22 570 11 207 676
128 806 0 91 399 227
56 581 134 428 67 344
122 459 159 244 189 20
20 384 136 35 760 172
184 126 68 159 15 549
492 159 137 655 36 264
464 115 50 171 50 410
225 60 592 686 209 14
136 758 47 306 185 455
167 628 40 415 101 47
239 229 386 205 371 255
346 470 111 91 39 744
114 170 713 437 146 56
546 3 413 157 709 67
104 380 171 199 290 299
111 583 5 686 94 103
5 136 534 19 99 602
314 373 41 442 37 403
89 152 605 380 65 163
72 427 142 332 344 234
226 62 420 811 22 17
305 262 373 461 228 129
11 471 191 12 439 467
174 270 63 185 51 627
429 252 95 226 153 289
274 324 333 158 727 74
717 127 22 226 17 478
186 241 443 103 578 159
35 446 187 162 752 30
597 95 307 30 18 563
515 72 389 420 430 59
631 23 169 185 134 106
428 143 215 100 121 618
116 138 499 210 32 196
213 215 457 165 242 250
526 122 301 27 406 411
254 118 584 193 371 212
197 74 42 438 166 56
462 237 217 27 171 98
286 182 6 13 341 110
145 598 176 157 228 82
668 204 106 134 302 388
171 421 32 149 118 165
277 283 286 15 327 180
321 495 98 152 56 521
321 491 130 201 145 651
187 128 446 40 754 95
201 179 330 205 480 179
73 332 30 258 34 207
204 676 39 361 294 264
534 72 121 278 178 485
21 20 913 142 296 221
402 383 194 321 397 238
369 326 202 6 280 421
674 233 7 52 526 247
76 488 248 198 219 500
284 185 73 361 324 172
61 183 326 313 505 22
283 508 169 659 195 105
431 61 429 24 123 194
215 19 430 758 84 129
13 281 52 414 5 444
322 250 164 477 46 363
88 65 442 12 10 254
44 74 351 267 259 395
47 651 224 353 278 354
59 757 175 289 88 569
259 132 266 217 92 21
30 405 234 112 121 378
33 600 17 385 180 21
83 550 55 405 381 45
71 174 109 297 429 34
144 162 343 340 82 151
98 573 260 30 340 275
376 325 52 110 51 510
61 580 14 354 332 170
58 285 87 500 408 24
554 44 276 36 643 252
10 226 483 583 229 134
433 68 358 60 140 82
252 715 3 437 117 73
256 204 421 95 159 642
152 340 172 164 7 650
439 233 267 525 451 2
208 96 196 118 546 62
135 67 750 143 251 338
675 98 148 427 140 136
519 317 63 1 504 330
584 93 81 13 710 275
29 56 840 31 482 10
132 451 394 80 303 340
832 79 64 117 315 243
378 361 219 28 113 231
133 311 78 46 427 371
33 422 359 101 126 288
41 43 748 20 139 811
253 471 171 148 759 8
65 509 241 262 280 219
374 221 158 248 5 375
223 309 108 98 33 344
336 91 396 402 0 385
175 230 61 246 449 266
228 0 700 114 328 275
187 561 20 123 69 508
206 498 72 332 93 573
189 386 309 359 435 179
126 247 191 430 36 511
260 302 14 215 24 338
144 166 225 93 369 95
12 486 207 201 302 422
507 117 102 10 424 388
655 191 78 609 190 180
617 254 119 64 397 455
385 108 412 78 518 32
317 74 503 260 227 148
188 310 415 392 219 334
537 388 34 24 252 598
154 375 329 58 522 196
57 398 195 219 4 584
597 303 20 693 17 164
155 335 344 458 267 94
491 339 116 175 60 440
114 759 59 40 700 180
185 350 149 185 266 271
528 270 151 87 721 191
439 380 129 815 149 5
106 129 186 670 193 67
320 300 94 53 500 55
95 316 524 214 326 26
0 175 671 338 531 5
58 314 168 287 692 18
428 245 111 180 153 157
311 129 342 238 276 127
285 355 344 97 44 773
629 174 95 416 37 483
382 81 289 444 79 263
337 131 144 63 666 208
536 9 25 287 460 44
257 38 511 303 212 265
41 751 66 1 197 232
18 856 104 257 522 191
8 190 353 761 55 47
268 542 38 637 6 286
299 686 5 105 274 149
30 85 755 184 590 221
73 523 324 175 0 792
150 350 147 138 59 704
246 88 334 324 501 19
253 36 504 202 88 426
85 151 253 197 15 386
155 146 201 20 162 124
162 231 363 3 74 444
67 423 85 636 83 131
205 35 445 269 276 10
48 209 9 149 181 546
312 235 414 357 200 371
452 96 134 913 0 30
19 792 63 159 62 626
103 321 261 9 151 578
38 130 464 152 503 64
189 363 196 729 14 229
831 2 150 17 223 710
693 55 188 378 44 403
21 89 157 543 159 12
103 11 507 109 315 335
257 287 285 321 228 112
