300 1725
J 507 53 81 180 386 248
B 28 388 252 132 625 146
B 73 591 156 210 128 441
B 118 97 638 278 241 79
J 316 288 301 268 451 271
J 96 575 256 175 107 105
B 71 452 78 73 157 746
J 547 207 216 208 550 97
B 291 495 34 412 64 272
B 238 80 66 442 221 67
B 514 248 151 615 142 98
B 265 48 600 549 172 80
J 497 162 218 148 52 626
J 248 582 156 80 652 179
B 127 139 699 482 382 113
J 240 223 278 184 582 219
B 118 499 353 507 244 73
J 382 116 155 148 219 94
B 124 213 205 168 311 336
J 472 104 90 241 181 96
B 136 514 106 363 114 259
J 269 140 549 101 707 104
J 469 9 448 232 287 290
B 141 652 60 473 296 218
B 349 290 50 407 41 351
B 6 622 138 233 515 102
J 417 144 235 249 119 306
B 258 183 25 199 256 493
J 599 187 208 570 396 19
J 234 15 410 61 285 466
B 27 484 14 92 150 543
B 42 373 411 220 515 223
B 39 385 68 44 350 70
J 157 373 63 88 33 235
B 436 23 193 587 151 106
B 309 62 321 493 365 91
B 445 121 157 542 58 316
J 410 402 147 177 605 30
B 210 222 209 457 268 21
J 255 299 196 52 574 251
J 372 3 241 78 478 313
J 103 247 156 38 43 305
J 252 82 602 85 137 399
J 754 36 136 411 228 29
B 60 282 543 118 596 235
B 19 148 411 207 561 200
J 237 5 57 138 364 243
B 70 42 90 12 122 540
J 533 187 147 216 74 356
J 321 453 138 119 712 7
B 158 182 240 343 209 65
J 488 126 334 168 185 595
B 109 419 460 454 91 156
J 97 197 591 87 145 360
J 190 364 318 99 617 221
J 313 70 598 77 682 228
B 172 4 640 285 548 78
J 838 22 84 450 53 96
B 218 208 150 216 171 379
B 189 302 501 460 169 3
J 153 240 356 25 9 821
J 157 239 449 3 625 74
J 132 308 337 65 761 65
J 598 207 130 122 724 79
J 673 52 243 204 47 394
B 58 142 636 259 544 24
J 293 367 191 136 186 594
J 176 84 414 171 10 191
J 438 137 193 254 380 289
J 484 253 112 118 240 410
B 154 570 222 378 431 20
B 52 254 608 380 395 17
J 70 251 638 28 43 420
B 134 203 9 141 41 134
J 227 284 436 12 150 779
J 587 12 373 200 159 347
J 546 24 34 300 607 86
B 86 207 620 514 73 27
J 385 105 353 191 69 311
B 117 600 115 490 58 16
J 43 664 169 25 302 313
J 230 83 324 176 367 269
J 221 316 443 148 152 56
B 59 184 656 210 305 366
J 234 175 54 135 85 286
J 243 95 595 249 104 314
B 340 265 152 471 111 403
B 87 477 11 176 171 530
J 73 96 831 39 50 340
B 181 399 287 346 196 264
B 113 118 291 191 516 289
B 221 108 258 194 491 210
B 537 89 189 663 0 274
J 258 177 475 42 488 162
J 132 625 199 20 873 63
B 272 228 254 370 113 264
B 181 147 37 342 155 454
B 360 67 249 337 14 629
B 13 216 563 258 352 366
J 334 89 246 246 356 262
J 195 501 265 19 392 279
J 163 42 129 19 199 223
J 461 48 74 157 67 44
B 133 211 605 302 105 384
J 104 691 54 59 259 259
B 135 755 21 385 497 54
J 422 476 55 337 65 557
B 194 336 428 393 36 135
B 112 842 18 569 101 28
B 152 102 683 341 617 13
B 176 33 598 296 215 433
B 215 318 66 234 293 427
B 188 24 198 558 125 212
J 198 96 319 49 387 167
J 340 238 281 81 19 458
J 205 2 505 146 286 475
B 156 529 277 704 94 15
J 283 270 152 126 339 448
B 109 260 213 305 263 150
J 368 178 395 212 318 457
B 199 281 183 373 49 116
B 81 497 27 126 683 9
B 2 217 660 135 143 309
J 421 162 416 45 270 599
B 134 478 62 188 171 447
J 558 233 147 144 348 283
J 734 178 22 195 221 460
J 735 112 51 414 9 37
B 107 534 1 285 503 157
B 53 384 425 75 355 479
J 277 273 93 55 639 55
J 535 94 313 330 23 595
B 190 38 619 457 183 120
J 606 116 121 218 460 125
B 66 414 395 337 268 366
B 207 173 149 270 617 92
J 368 168 415 97 7 855
J 304 98 315 28 125 830
B 178 374 301 361 233 318
J 619 165 117 325 66 112
J 247 445 134 170 788 17
B 158 735 94 315 92 278
B 95 541 169 269 188 94
B 123 238 232 68 433 458
J 257 326 338 181 404 145
J 383 313 258 405 19 286
J 373 79 487 171 514 235
J 235 23 409 36 183 341
B 364 118 15 344 342 310
B 157 321 116 525 79 192
J 730 184 17 408 144 257
J 221 117 501 69 329 483
B 269 95 24 532 75 246
J 842 3 22 446 112 55
J 343 104 95 129 482 221
B 149 548 253 299 7 462
B 205 85 657 486 4 0
B 37 10 418 108 50 752
B 41 56 511 307 552 36
J 140 22 769 32 61 562
J 290 302 190 149 399 410
B 5 560 102 186 160 131
B 126 238 344 152 301 185
B 54 98 117 68 792 9
B 115 326 438 451 16 257
B 14 85 794 155 459 217
J 354 363 9 273 637 20
J 237 224 464 164 480 348
B 267 154 245 411 105 275
B 67 333 565 306 53 341
J 136 398 324 130 411 301
B 52 476 16 25 275 538
B 93 116 743 393 166 206
B 12 71 330 86 322 430
J 140 62 308 63 456 367
J 371 15 379 264 48 468
J 105 633 40 26 86 155
J 143 210 563 155 83 393
B 119 392 469 298 96 525
J 394 10 373 131 574 284
J 121 122 286 30 8 238
J 613 112 269 254 456 168
J 607 56 248 301 210 67
J 55 507 260 10 112 473
J 231 107 488 164 172 291
B 230 8 727 513 56 375
J 379 311 71 159 327 299
J 599 134 181 566 211 152
B 82 767 132 443 173 240
B 345 354 51 599 242 142
B 405 376 152 724 15 35
J 227 123 439 95 160 396
J 502 304 166 163 63 200
B 225 168 11 355 179 148
J 94 466 271 8 151 353
B 285 137 150 301 409 79
B 48 452 98 188 42 288
B 289 182 484 455 278 100
J 77 257 495 79 78 516
B 170 584 97 213 189 594
B 37 97 739 168 288 303
J 245 163 120 8 967 6
B 8 618 181 134 515 344
B 375 448 8 660 20 119
B 154 70 451 443 19 388
B 82 670 146 236 193 273
B 28 425 77 15 17 852
B 298 224 422 611 226 86
B 17 122 726 283 502 89
B 115 661 184 274 82 378
B 70 429 270 68 306 591
J 201 203 593 145 402 444
B 169 195 187 309 219 271
B 175 495 115 294 0 565
B 15 68 862 219 34 567
B 95 129 654 383 16 582
B 393 11 165 952 6 14
B 227 1 203 401 384 55
B 81 66 608 356 10 354
B 158 153 473 280 251 341
B 138 183 655 308 584 36
J 233 146 364 84 447 458
B 109 268 142 19 175 778
J 652 35 46 101 309 485
J 332 435 28 125 341 296
B 74 538 241 258 187 502
B 247 487 259 509 305 167
J 190 655 129 55 63 426
J 224 320 273 134 36 124
B 203 28 222 464 156 221
B 60 227 495 304 158 522
J 178 148 243 152 79 147
B 424 104 368 464 173 243
J 387 110 436 397 192 104
B 203 89 122 300 170 235
J 144 246 454 44 461 269
J 96 548 177 16 338 115
J 495 304 134 181 317 256
J 29 109 860 55 471 113
J 575 175 27 438 30 56
J 216 487 3 60 63 725
B 478 142 240 534 161 297
B 310 465 1 482 110 284
J 443 445 41 285 478 128
B 42 230 337 298 259 284
B 66 170 337 355 110 22
B 144 9 398 286 558 93
B 22 489 143 59 324 100
B 424 331 9 701 27 221
B 174 54 581 348 259 379
J 260 345 337 157 159 374
B 166 669 125 315 73 317
J 193 558 16 172 282 261
B 102 503 297 120 43 631
J 574 3 232 207 713 13
B 35 374 473 411 43 292
B 73 72 796 486 175 128
B 0 707 76 39 200 338
B 111 441 295 370 250 245
B 238 19 692 549 0 314
B 496 137 263 667 29 264
B 215 145 39 178 300 305
B 354 5 490 594 7 379
B 32 457 46 24 552 276
B 53 272 157 222 32 303
J 614 48 114 340 439 75
B 380 312 10 385 39 563
B 268 304 196 384 123 334
J 11 514 441 62 38 164
B 200 87 115 320 105 29
B 13 594 354 22 42 744
J 129 303 552 167 150 65
B 484 287 49 483 73 225
J 412 157 226 92 498 68
J 779 9 27 498 29 455
J 301 458 241 230 359 379
J 153 191 458 24 864 1
J 538 1 447 505 99 271
B 89 497 116 131 411 229
B 183 331 356 301 228 106
J 425 80 300 241 416 336
J 525 196 4 91 382 434
B 62 600 213 407 197 301
B 224 239 145 264 165 420
J 185 647 64 121 634 72
B 23 633 7 199 41 218
B 16 432 529 344 89 541
J 10 294 604 11 202 194
J 208 511 45 118 41 0
B 228 52 420 550 190 117
B 227 474 47 424 132 382
B 146 318 405 459 369 21
B 49 58 575 87 228 678
B 46 405 17 184 25 147
B 26 7 511 190 307 490
B 122 270 453 174 458 221
B 268 35 224 659 22 286
J 489 77 300 146 419 3
B 98 97 288 196 213 266
B 397 123 280 389 244 254
54 367 274 205 434 275
425 116 276 128 175 608
442 150 86 31 604 329
172 252 457 464 178 49
448 200 158 506 219 193
186 586 58 447 6 114
197 14 511 318 289 74
39 66 359 201 216 105
62 233 274 270 569 88
320 350 188 28 253 692
345 25 193 206 227 199
132 428 146 221 83 114
4 16 805 24 467 351
432 33 237 57 153 641
63 344 249 264 16 412
251 2 205 173 366 379
25 305 333 130 775 55
493 179 259 107 643 129
238 166 270 421 221 92
304 448 236 226 446 297
810 29 14 329 167 181
108 204 674 684 133 21
441 291 90 516 178 80
536 201 119 172 363 105
429 51 373 542 89 115
307 21 1 256 25 205
315 489 106 123 157 498
530 92 206 386 212 71
691 147 139 128 237 492
207 192 575 338 61 597
220 464 185 136 187 24
378 421 149 850 34 25
112 283 580 719 52 59
181 46 523 339 293 217
42 667 53 18 13 948
587 33 167 248 147 474
290 292 225 234 307 211
420 18 543 540 102 91
386 413 92 85 404 421
55 161 154 145 455 30
365 15 284 268 422 291
157 400 243 158 48 430
124 672 162 434 48 510
141 159 137 53 40 362
57 276 417 186 194 580
64 406 131 22 365 345
1 135 403 155 713 78
319 116 41 87 597 134
270 290 383 648 120 164
15 441 290 282 3 222
210 167 156 465 275 192
249 624 32 184 155 655
37 258 438 63 64 590
202 337 293 342 402 105
154 13 307 73 197 552
622 82 38 195 383 398
151 104 688 698 152 121
67 388 121 205 34 521
631 141 25 258 65 426
468 202 230 208 248 177
68 2 618 250 281 176
53 125 515 121 431 195
119 321 454 240 52 41
334 322 28 80 557 109
211 169 10 40 589 290
499 16 37 133 72 746
63 136 68 10 112 811
360 104 263 118 547 239
57 404 318 126 230 168
37 609 52 62 1 727
116 276 297 13 446 505
269 149 265 407 182 35
102 497 143 40 778 12
368 181 81 489 299 43
37 28 769 389 395 78
664 189 24 592 62 276
365 37 294 177 413 100
481 37 147 197 165 425
505 267 136 546 192 115
187 292 251 418 460 33
155 665 154 141 531 35
303 52 182 133 742 114
362 59 140 527 215 223
139 399 162 22 268 365
31 378 170 117 448 30
205 37 348 282 14 425
121 692 73 394 4 51
64 333 477 122 31 412
104 399 129 74 451 471
212 83 557 437 266 1
497 55 149 287 67 124
32 160 795 14 368 382
349 165 403 91 15 379
376 206 417 326 429 113
399 7 420 796 114 12
396 45 422 139 247 610
624 223 149 198 371 77
70 22 164 38 754 52
678 60 99 199 275 293
65 73 151 24 640 90
281 49 81 115 811 23
133 42 175 297 389 12
101 310 368 60 584 71
50 83 642 58 48 223
572 14 219 425 23 204
266 0 360 44 5 518
11 303 681 388 0 133
56 62 276 110 221 451
479 98 56 489 236 189
204 1 384 230 159 371
81 0 419 46 568 100
450 33 121 378 233 383
318 12 49 341 226 358
85 154 216 250 432 168
111 131 387 35 564 119
335 93 306 41 287 398
129 78 364 123 484 145
48 18 908 227 59 228
380 75 107 15 253 553
154 241 171 224 120 31
103 690 49 202 173 217
6 344 630 8 573 112
232 7 754 336 181 344
216 478 103 449 326 127
1 346 237 99 184 502
3 49 654 171 158 115
16 29 792 393 19 454
44 528 333 27 77 696
90 275 569 81 135 683
123 341 359 7 107 568
324 387 199 12 644 336
546 360 56 211 48 719
36 370 366 242 95 506
31 121 466 274 28 16
329 204 253 153 465 148
336 33 441 19 57 857
87 519 219 369 222 335
169 506 237 549 103 178
10 476 437 77 247 355
69 869 35 162 286 453
99 41 197 213 300 444
508 13 309 110 327 230
290 468 207 86 804 42
137 22 137 366 298 325
220 132 33 141 8 41
156 2 587 78 109 5
120 243 102 431 147 210
190 634 64 222 307 166
161 170 327 22 389 143
438 35 111 366 158 151
153 126 456 40 14 641
350 389 67 20 183 742
195 207 96 249 340 231
181 142 27 374 237 213
35 96 714 216 6 757
334 77 573 113 321 139
701 55 44 243 500 255
513 385 96 590 147 110
31 307 358 162 111 173
398 129 141 522 162 45
351 116 157 426 322 71
143 213 305 304 43 420
317 71 55 517 23 199
2 388 421 271 430 57
146 758 62 65 460 450
199 291 28 95 196 189
327 503 34 520 373 19
285 156 526 181 443 269
187 80 464 385 206 358
401 39 45 206 170 574
78 670 108 404 142 110
413 159 187 580 166 48
5 36 378 64 370 28
662 0 237 545 122 268
619 221 0 354 447 90
269 222 77 71 667 205
475 110 195 788 143 61
171 70 182 209 188 344
365 66 132 200 546 248
414 347 115 130 164 432
6 273 113 35 38 596
49 67 778 133 101 192
244 450 173 122 272 332
327 456 23 353 186 76
217 109 391 271 365 327
141 79 211 133 273 553
537 76 45 298 76 411
410 192 346 498 135 49
81 843 60 148 186 112
471 77 199 114 667 35
87 149 358 247 194 39
153 322 345 50 50 614
435 123 146 481 176 301
42 189 27 110 483 25
521 94 265 97 4 799
362 80 539 272 120 554
85 638 96 27 532 294
24 61 642 69 62 190
31 61 676 17 272 327
168 658 174 170 9 51
323 82 99 131 108 615
176 22 591 21 401 415
27 207 433 122 538 11
223 304 86 156 278 473
566 35 338 459 225 186
350 330 100 226 45 248
28 174 401 59 94 579
483 394 38 476 414 34
115 425 342 213 314 74
214 83 348 3 929 45
572 239 125 375 226 193
75 110 643 302 198 356
145 202 381 88 526 289
382 25 259 599 316 37
112 865 16 2 559 241
33 291 18 150 425 32
118 579 35 479 299 25
167 259 340 215 91 59
423 16 530 224 106 211
92 382 517 77 712 106
120 791 67 506 31 399
132 463 249 59 160 35
244 230 56 48 211 390
43 403 548 13 299 648
271 35 270 451 267 145
208 54 176 76 324 412
145 177 129 300 518 105
135 40 67 34 237 325
396 200 168 66 233 366
129 778 11 11 244 726
303 42 233 447 255 236
194 128 377 658 83 194
508 53 197 289 453 22
478 113 256 699 44 191
350 129 214 125 681 40
160 648 164 570 29 142
493 1 46 548 111 328
550 321 79 251 596 84
418 246 263 84 876 13
138 713 106 89 901 5
104 50 823 574 8 233
324 326 76 111 0 831
109 122 468 268 296 161
289 205 24 196 205 284
66 136 303 46 510 43
462 22 372 388 99 287
198 718 11 532 146 176
29 552 295 69 786 109
206 307 275 108 127 0
138 305 180 474 21 123
361 74 506 245 143 265
457 4 505 667 73 195
155 300 49 257 9 689
54 203 657 88 49 72
99 376 62 60 382 462
340 446 112 160 260 514
155 189 194 171 188 276
244 86 343 21 133 763
174 239 247 73 795 104
166 160 116 367 266 43
269 462 23 30 346 357
21 322 624 190 38 176
46 7 848 449 101 195
350 9 325 131 284 527
278 270 311 617 240 91
280 120 506 83 302 361
51 364 103 55 164 632
159 298 80 213 262 280
386 173 12 199 639 115
319 476 44 222 204 559
42 128 702 323 220 405
398 110 330 52 405 368
24 112 496 227 183 472
660 119 144 548 130 263
197 4 54 413 235 250
419 174 224 244 27 289
241 21 397 408 32 368
3 30 899 39 686 269
228 126 454 216 190 458
183 408 78 99 4 768
178 237 10 260 342 239
537 66 381 328 85 97
342 266 84 404 266 150
248 231 510 140 720 51
54 627 15 77 600 1
311 78 507 406 81 0
36 529 229 195 449 349
429 344 151 609 48 136
331 342 32 181 729 84
441 424 68 354 469 168
267 402 191 56 540 190
139 719 118 201 188 165
88 371 400 66 760 97
49 72 544 348 353 221
572 15 210 212 314 13
232 598 159 176 300 201
301 299 107 107 249 502
181 33 410 225 260 475
395 17 34 245 418 58
224 530 161 641 93 98
239 545 106 172 134 206
309 307 313 413 360 89
14 27 644 28 183 325
276 217 287 138 325 32
531 29 135 114 219 457
371 94 1 171 590 149
218 657 64 228 101 555
436 101 119 115 125 253
145 70 111 19 297 621
25 96 409 202 413 109
278 585 134 237 220 193
98 316 451 121 531 307
78 459 235 80 715 38
77 202 249 116 350 532
250 182 542 208 407 341
232 254 448 373 466 4
217 339 102 200 15 728
312 299 247 575 260 73
66 634 74 112 39 368
494 57 235 224 710 37
301 485 114 427 277 195
368 142 388 72 173 541
104 197 695 576 253 57
333 291 189 89 434 193
37 83 858 254 425 101
80 253 453 81 525 131
173 265 40 421 122 217
33 88 802 166 255 285
363 519 41 205 154 233
661 97 12 440 9 201
163 366 26 484 159 265
189 39 27 5 201 530
448 368 166 81 62 576
16 658 191 159 415 153
194 66 139 175 533 247
252 52 478 292 91 370
152 84 113 174 423 245
85 767 90 177 167 103
495 128 309 210 112 516
221 511 177 138 287 546
513 59 132 314 107 554
307 5 30 39 399 316
368 164 291 113 365 446
112 772 78 469 257 238
319 182 160 77 400 422
476 32 15 293 344 31
328 476 45 59 53 446
252 294 192 396 13 462
141 580 148 128 21 322
22 146 432 27 778 56
107 578 264 636 214 43
165 26 745 329 208 396
38 237 620 437 393 127
586 167 32 493 306 74
374 20 242 200 48 257
442 444 71 333 75 91
181 632 80 116 280 507
263 214 368 44 376 452
142 12 708 655 174 92
231 518 166 517 271 22
287 229 255 210 202 29
128 567 95 391 260 149
55 275 173 32 124 62
387 169 247 783 96 103
83 669 99 234 260 464
141 133 447 564 285 144
385 73 127 456 139 140
53 333 466 277 560 145
217 301 342 253 194 492
52 329 489 376 256 140
615 118 137 78 115 752
156 107 726 54 33 429
358 67 295 431 233 24
42 7 187 32 364 291
197 317 344 167 207 602
149 345 466 39 511 298
179 644 40 182 643 109
347 395 224 215 275 7
395 76 59 172 12 449
714 105 108 290 345 157
147 8 425 285 14 633
449 129 400 189 6 254
123 456 181 75 436 281
317 272 370 267 583 44
183 265 126 295 150 406
66 573 106 98 169 437
109 51 661 177 196 184
366 243 334 483 304 189
31 160 235 22 185 156
218 94 443 148 119 301
278 342 99 462 243 293
71 200 164 291 19 377
468 462 61 258 8 171
107 345 198 17 301 474
299 325 118 187 120 386
31 84 884 217 235 219
300 329 11 426 245 238
632 37 169 137 497 284
227 362 13 54 110 798
238 73 394 123 219 199
303 335 357 126 473 66
287 481 67 571 40 156
274 44 574 85 453 78
431 159 216 213 252 403
194 317 301 100 374 335
440 40 60 143 164 184
100 543 98 289 434 223
221 476 222 575 313 28
65 254 578 475 366 89
124 179 620 198 394 292
355 257 122 362 114 203
176 250 156 200 155 253
463 35 281 167 578 25
139 166 5 14 240 462
140 69 544 206 729 41
65 385 4 31 299 398
180 256 199 71 537 375
241 406 273 73 543 344
197 272 493 338 147 239
9 778 9 77 92 735
48 794 54 209 147 492
88 509 247 184 248 219
239 99 235 126 97 401
242 622 110 203 335 345
480 420 65 700 46 10
368 215 360 402 350 11
137 366 474 85 232 205
217 74 492 177 290 243
204 390 171 179 3 58
139 173 319 284 297 17
590 63 136 417 94 468
441 248 31 269 191 221
33 501 137 216 160 15
454 54 308 502 131 190
49 49 739 203 17 210
212 322 355 236 6 355
259 542 36 172 195 352
411 242 114 266 153 432
148 21 626 179 250 154
217 84 658 315 285 367
37 194 437 27 8 412
193 84 276 522 428 8
27 212 432 55 158 748
114 413 256 500 47 397
18 575 83 146 120 229
272 121 511 61 117 506
45 52 264 33 552 277
93 227 296 23 135 542
263 565 37 894 64 27
138 283 43 388 239 148
207 256 156 650 118 100
307 163 150 257 683 33
387 90 400 134 718 27
34 415 244 230 309 0
300 644 49 491 11 288
239 67 48 192 286 122
108 345 507 379 77 231
35 162 514 79 190 592
229 50 610 496 160 193
293 529 57 657 10 207
8 493 447 277 174 363
340 108 397 899 3 57
125 346 335 436 184 315
196 567 65 125 758 106
192 351 85 208 176 40
178 316 101 24 478 379
245 69 32 213 198 578
297 82 427 482 11 469
242 77 91 332 455 24
777 55 41 363 182 325
84 109 411 3 383 392
15 43 723 173 635 159
343 28 444 629 18 17
84 210 691 256 401 43
502 257 127 456 142 187
44 561 172 203 539 258
87 685 85 125 441 3
126 465 172 157 228 71
38 869 18 255 249 34
225 122 368 400 412 18
388 141 10 77 220 258
50 99 847 97 388 44
178 696 106 607 1 246
348 267 229 72 152 652
290 169 42 481 160 61
479 30 271 428 554 16
32 204 665 255 167 44
15 144 465 11 303 85
41 65 832 213 400 6
25 87 714 15 79 784
756 127 66 484 114 230
212 168 254 58 622 84
110 174 714 83 212 223
106 457 252 244 110 557
310 362 284 158 216 110
91 125 40 193 10 449
239 485 74 128 70 246
247 647 54 835 23 44
606 354 16 155 80 328
55 211 574 147 46 581
185 510 136 101 332 524
52 407 153 219 257 143
102 301 0 15 631 346
102 383 261 14 854 47
37 786 171 178 386 250
330 275 330 87 466 202
35 354 524 161 221 345
426 9 448 49 6 707
84 52 509 112 580 195
45 225 182 87 380 200
826 104 52 252 10 550
308 393 130 590 327 67
399 172 85 96 689 189
419 361 80 348 123 227
320 337 38 407 150 296
186 35 528 235 125 634
464 144 368 209 158 289
336 278 39 624 61 31
310 666 3 290 54 508
164 558 107 268 262 266
363 376 177 523 230 73
17 353 16 26 118 813
393 176 424 164 668 14
264 413 15 341 14 138
127 342 162 13 114 406
368 272 191 395 293 173
290 36 454 79 249 548
188 488 11 643 102 49
42 71 264 181 165 290
253 159 448 33 721 174
231 342 97 219 95 362
459 16 229 193 218 529
402 287 35 501 160 12
103 227 504 303 171 35
322 202 101 107 392 470
14 404 70 119 11 563
227 289 67 415 234 280
18 316 502 113 320 143
72 311 113 80 425 285
143 523 193 442 314 215
241 191 433 508 201 53
237 114 402 348 537 55
133 394 211 286 198 228
157 42 41 51 40 859
202 20 451 269 228 384
307 357 217 77 517 193
337 95 75 251 138 508
276 143 184 102 794 62
723 4 152 235 419 292
190 205 38 216 391 153
749 158 36 377 356 225
253 58 272 151 75 119
150 144 459 693 10 5
59 326 453 235 41 652
92 21 322 121 49 140
38 178 106 196 205 47
561 9 283 192 400 402
140 223 535 317 184 434
120 107 215 137 576 223
77 581 176 9 884 28
463 45 490 205 372 6
241 290 62 379 236 133
570 198 176 489 100 305
305 176 230 233 62 696
336 47 152 58 512 91
19 384 441 166 472 233
204 253 144 311 657 2
357 294 217 146 253 98
335 114 316 286 73 178
184 29 220 115 599 151
605 76 267 442 51 318
65 414 379 269 47 495
548 132 189 413 360 48
24 22 893 38 15 848
804 40 78 279 440 266
116 3 707 30 144 483
147 607 6 117 267 31
108 292 463 9 901 9
195 139 359 178 343 473
196 254 63 26 800 2
662 159 79 363 60 146
94 92 638 298 381 21
145 110 44 53 59 531
184 77 99 207 128 468
754 35 56 403 29 498
498 15 372 62 475 457
307 241 446 279 104 339
283 278 389 37 374 446
223 128 243 239 93 357
231 116 502 98 18 329
467 260 38 118 188 599
140 487 115 142 434 27
673 74 125 228 214 398
111 782 22 64 463 91
582 61 240 285 57 535
265 84 308 125 324 31
218 315 349 332 16 76
15 122 575 140 499 338
46 76 411 79 118 679
337 141 53 183 302 47
377 425 120 244 326 367
588 69 216 453 5 450
110 93 174 25 291 321
300 344 184 84 160 154
155 96 528 108 332 174
202 142 505 288 318 350
112 257 37 239 85 641
152 348 463 109 137 412
174 82 166 206 99 368
325 187 63 44 96 377
335 467 44 280 220 171
664 81 190 369 114 285
247 395 140 136 628 117
247 167 6 750 52 59
57 519 192 146 45 489
310 508 23 320 54 16
240 221 380 767 25 92
282 18 265 623 105 190
191 17 510 209 346 48
33 139 243 99 511 27
72 63 692 44 539 392
111 210 317 442 258 25
525 185 106 428 60 88
204 69 712 66 288 156
114 214 68 35 56 121
217 149 154 92 213 444
124 366 14 150 544 111
151 532 149 188 459 270
185 444 153 32 76 643
98 642 64 121 452 280
89 436 394 350 303 239
313 232 206 286 401 173
602 190 49 216 225 455
1 486 129 119 66 217
296 160 33 422 15 229
560 210 190 205 13 517
18 307 590 412 228 215
108 63 453 54 72 243
306 60 229 264 329 43
314 214 262 174 257 289
657 8 95 248 236 412
489 241 83 277 294 105
766 13 159 295 457 147
352 426 40 147 186 283
254 473 119 311 618 37
81 9 284 270 67 45
41 424 62 84 104 94
285 153 22 151 284 545
34 61 543 44 474 136
90 281 185 425 206 55
225 121 487 152 299 105
163 81 13 380 571 40
194 246 141 497 28 102
236 272 435 27 289 654
35 777 70 169 549 76
254 556 183 285 240 182
296 132 146 159 172 23
110 429 320 413 102 41
65 666 92 210 210 429
33 646 69 186 525 17
10 784 200 131 393 383
181 26 730 97 7 288
4 558 437 46 58 402
10 528 315 17 337 317
38 624 148 156 91 284
212 188 416 52 14 429
572 12 140 131 98 613
443 113 396 335 149 404
1 927 68 134 53 782
49 422 445 26 153 615
94 296 187 158 739 61
627 178 89 403 28 342
102 711 184 84 140 542
146 239 406 157 547 272
390 464 61 300 282 191
416 320 74 134 12 430
125 821 22 220 751 25
130 119 171 45 114 565
241 191 242 143 651 17
270 176 454 753 79 11
661 277 0 201 617 2
145 430 282 0 483 292
250 487 110 14 366 354
70 513 349 51 2 77
28 189 102 118 361 146
48 569 96 35 158 718
33 303 277 172 438 144
592 256 87 173 116 186
103 251 16 107 575 285
143 529 163 238 577 100
261 542 18 198 224 183
208 148 382 56 228 320
512 255 72 460 304 105
146 40 196 159 431 294
143 355 164 38 289 365
267 497 116 581 50 4
192 149 170 201 40 471
166 150 273 167 189 16
177 200 452 56 367 374
333 534 92 87 283 615
96 4 741 415 112 99
614 34 271 232 696 68
380 204 338 489 67 229
358 132 484 105 463 170
157 330 115 331 230 203
321 415 5 1 685 246
6 518 191 85 535 331
398 119 98 614 119 222
205 230 268 472 195 89
384 61 59 308 51 212
183 230 135 283 150 104
226 222 450 29 44 785
85 347 290 118 375 269
377 599 3 448 219 93
32 140 560 24 87 114
22 672 94 11 72 249
98 193 656 327 119 178
5 360 532 317 140 60
132 338 402 360 468 128
504 291 154 207 30 421
485 152 343 80 373 536
417 251 83 250 166 147
412 207 234 78 496 214
179 53 5 213 203 231
376 268 348 434 15 262
139 144 639 188 197 105
149 45 309 144 263 22
284 177 210 226 157 99
4 488 466 221 55 555
80 794 51 409 79 439
299 275 279 21 171 683
238 138 461 231 150 274
90 549 90 279 47 43
167 174 458 55 286 246
158 298 173 94 56 116
101 49 747 108 294 468
248 243 18 435 177 267
328 31 244 226 121 520
552 114 252 133 250 597
119 245 79 324 232 66
18 120 450 18 105 79
151 640 49 215 226 469
413 84 473 274 122 464
350 17 392 389 260 305
278 72 176 263 334 41
265 368 22 231 167 53
687 101 71 294 205 24
597 181 12 584 143 234
487 306 50 646 51 285
64 321 409 294 212 364
761 122 63 647 89 21
735 70 90 413 107 247
252 38 657 169 527 252
316 285 114 226 367 185
115 588 171 5 465 337
449 225 318 304 377 75
110 358 74 153 408 156
148 354 90 164 32 489
16 212 609 85 315 342
214 175 476 512 383 3
292 507 106 130 397 263
322 462 212 282 353 108
93 266 598 188 65 720
438 380 124 60 410 345
160 727 29 226 246 32
410 225 246 273 271 442
632 25 156 186 62 549
73 200 351 166 793 12
43 471 327 398 354 138
29 632 248 196 768 35
108 638 131 383 64 412
632 124 19 433 25 331
554 268 85 405 244 315
64 36 290 138 324 319
247 212 304 66 162 235
162 25 5 9 286 71
143 372 45 381 32 299
411 53 310 765 72 10
198 70 331 46 392 96
148 137 507 128 416 454
128 633 10 83 536 325
237 161 64 67 41 615
64 779 115 358 217 191
14 541 276 36 28 542
5 95 282 22 548 292
82 26 599 127 259 382
367 180 54 171 476 146
90 631 267 465 8 114
66 12 903 150 368 427
489 81 350 266 107 533
108 390 365 503 65 155
380 4 605 735 5 176
165 349 18 324 402 41
157 263 374 86 202 380
165 199 462 570 126 195
490 146 239 389 409 103
439 302 97 77 623 170
681 105 140 331 221 118
155 573 175 579 270 144
96 506 182 59 139 181
304 121 421 419 273 194
236 427 11 174 402 228
274 212 169 440 17 139
42 453 464 223 382 180
43 786 113 15 159 172
428 8 248 294 50 252
685 47 241 446 205 209
48 110 756 235 90 196
151 54 123 162 373 170
375 0 520 339 368 57
264 149 187 312 515 51
342 360 291 5 54 768
248 363 112 101 429 370
320 147 251 657 209 5
207 563 189 95 131 681
400 454 98 99 457 349
340 450 207 66 923 3
354 619 17 109 472 81
90 11 827 170 263 291
8 169 492 60 236 480
79 506 298 22 153 596
0 254 454 40 8 517
175 45 745 564 160 26
146 506 23 3 606 46
54 600 32 120 307 347
579 232 142 199 548 182
273 169 342 49 533 158
555 206 148 176 187 536
30 330 217 54 161 236
451 169 295 120 322 359
393 32 41 146 404 12
97 576 87 112 399 116
436 138 115 134 448 181
94 14 857 293 256 234
296 9 594 340 22 437
249 399 113 174 187 127
153 447 243 22 691 184
239 218 406 82 311 348
122 382 482 428 263 170
481 134 385 355 311 205
383 28 145 301 181 179
161 226 299 255 154 87
566 146 259 291 247 265
59 63 793 89 196 397
254 193 543 77 363 372
147 176 187 311 268 202
186 374 421 0 118 792
266 464 19 524 195 17
62 160 44 33 455 163
73 484 298 5 828 22
403 49 531 125 267 425
221 297 436 315 580 91
498 107 338 140 362 304
61 554 18 81 258 261
152 233 12 50 103 41
30 803 80 112 425 60
283 296 191 174 321 42
165 16 809 706 154 72
66 307 93 8 297 263
155 644 154 122 479 47
137 82 266 81 471 258
54 378 209 0 216 746
124 443 152 486 143 237
713 22 181 252 606 7
68 189 264 234 117 178
87 71 703 603 6 280
214 440 244 222 16 539
141 337 81 43 666 277
286 193 414 261 168 335
173 150 345 413 413 93
287 69 401 172 106 635
43 309 148 82 197 579
152 133 192 291 147 551
371 272 347 283 104 111
28 340 380 107 37 101
123 67 760 375 589 34
44 271 607 84 205 155
204 456 220 115 35 83
100 226 527 74 390 28
466 28 477 465 149 371
106 170 217 25 1 910
482 72 53 219 49 265
69 142 304 44 449 71
106 275 137 70 462 220
57 263 478 350 113 10
91 473 212 106 122 258
28 754 176 169 406 192
81 347 430 455 269 106
314 352 180 183 244 139
280 147 107 235 256 374
12 149 371 83 98 382
437 542 19 399 267 85
159 64 320 458 240 49
72 260 109 169 236 594
232 140 463 59 700 78
89 791 40 32 235 512
60 136 609 68 432 250
236 161 499 665 74 167
80 332 464 69 584 98
162 29 444 204 64 77
170 51 421 553 194 131
420 155 209 98 277 572
404 276 125 111 425 88
564 280 156 153 3 716
433 255 4 381 281 248
210 457 18 234 248 131
25 166 407 236 442 296
162 76 386 288 147 52
54 591 80 21 201 763
181 15 775 393 436 10
122 696 159 31 309 146
266 330 273 299 353 326
430 0 55 408 128 167
116 232 79 194 240 354
343 404 190 582 138 193
77 182 263 248 139 53
427 15 533 241 154 155
241 25 210 84 34 526
111 79 101 328 415 49
163 558 216 15 555 194
111 425 11 388 1 259
165 350 221 307 200 374
376 2 34 31 431 506
27 234 222 64 150 119
91 272 183 69 119 386
77 467 231 195 138 426
408 424 75 370 10 237
93 258 1 56 235 611
224 272 209 362 264 44
45 4 729 89 582 14
95 666 222 163 256 388
303 512 176 625 24 56
59 888 26 286 48 622
306 404 46 576 90 159
100 158 483 172 518 165
366 139 281 149 442 298
581 58 44 491 14 424
215 29 515 81 241 68
193 361 343 77 63 855
364 424 180 289 478 77
86 71 130 305 102 126
21 881 48 263 158 32
284 497 150 247 396 0
329 86 275 441 103 49
481 256 33 293 70 210
356 245 52 152 484 344
338 305 38 130 173 307
52 570 9 78 75 171
73 827 27 298 238 78
190 37 361 396 159 371
430 19 318 338 135 102
445 9 370 584 111 256
492 240 238 170 233 270
68 46 648 54 107 22
393 195 392 546 230 105
291 24 481 229 385 290
144 79 158 498 22 219
159 323 70 91 199 514
175 294 206 83 167 22
154 327 30 62 387 505
256 190 299 657 205 56
158 95 180 98 225 142
124 447 125 32 518 304
217 448 216 38 52 622
72 598 80 99 71 731
828 23 5 264 247 219
551 71 258 432 394 172
4 162 680 19 357 295
273 253 387 66 283 347
130 700 111 641 172 121
454 46 272 217 368 404
172 52 513 118 43 240
341 115 505 217 180 17
125 93 384 210 524 49
205 182 0 30 264 329
680 29 27 303 337 8
421 154 377 525 275 41
249 51 449 222 360 220
666 193 69 296 233 423
324 143 122 47 457 214
106 302 446 184 700 73
219 118 510 132 602 153
117 206 221 45 102 45
67 157 680 222 612 82
329 518 56 108 640 77
148 212 627 97 20 499
619 82 55 191 366 355
406 20 334 283 229 377
231 4 722 245 248 417
198 233 397 142 28 324
305 192 503 370 489 43
554 23 243 88 593 286
78 447 381 51 529 384
120 123 726 228 26 377
436 27 339 702 91 195
76 209 226 156 235 160
931 31 19 302 52 323
211 251 529 606 218 161
116 115 438 148 162 444
155 59 399 187 11 587
92 381 166 18 468 457
302 150 70 461 437 86
824 93 19 527 108 288
229 87 321 237 225 79
260 246 359 423 46 82
28 240 660 49 65 469
308 572 93 732 54 78
44 597 268 261 358 306
264 81 393 4 233 461
437 28 52 187 76 211
177 283 352 201 418 210
343 197 34 149 635 200
110 413 146 73 694 50
343 93 385 373 268 140
247 191 290 59 547 340
406 150 130 835 17 79
367 275 42 62 420 429
182 283 460 469 65 317
386 455 135 103 285 421
284 303 233 626 37 266
623 25 190 178 564 46
102 47 456 271 616 75
58 310 449 189 41 110
418 248 321 414 143 419
28 136 564 40 345 117
177 192 384 542 71 102
114 346 266 394 367 178
287 37 57 370 129 396
358 156 17 201 256 143
239 287 159 278 173 376
467 400 13 119 390 257
546 22 40 447 217 17
111 577 235 445 55 346
322 180 378 193 529 220
274 142 312 455 100 164
297 215 310 469 224 257
423 11 246 158 54 53
330 366 188 70 666 259
511 367 104 91 85 619
107 817 26 467 13 37
453 440 88 514 24 82
436 93 469 146 353 198
180 326 52 464 224 105
46 800 9 54 221 359
62 93 15 68 168 443
357 86 527 706 69 35
370 175 90 214 70 705
97 76 328 267 140 6
138 109 215 185 110 259
30 332 216 120 397 178
436 42 208 175 41 187
436 0 507 473 208 154
53 674 201 401 85 444
272 420 111 242 58 131
147 239 293 134 99 325
323 326 78 273 262 394
308 106 396 466 107 43
627 90 23 316 139 103
54 249 396 113 268 168
420 185 29 515 78 6
106 93 125 11 3 945
436 131 285 877 56 67
83 503 74 55 16 263
199 282 400 59 295 269
476 84 44 334 12 140
182 598 182 440 261 208
285 62 619 609 270 69
74 174 695 246 122 21
184 323 366 145 468 338
40 161 723 232 504 121
238 14 609 552 128 2
131 472 389 271 203 23
456 54 334 629 18 350
177 106 31 470 57 105
7 273 360 224 5 441
300 555 29 113 154 252
48 109 376 233 131 444
299 40 69 552 110 255
121 262 27 280 385 229
434 257 26 367 48 582
26 143 63 42 242 364
208 268 523 292 567 139
300 202 473 241 316 283
43 29 609 48 381 269
295 529 27 285 168 492
271 2 41 387 24 248
97 230 454 390 407 28
75 225 550 234 257 219
46 35 416 23 664 194
131 69 68 232 13 43
45 297 77 43 219 365
222 49 399 105 679 183
287 340 23 188 200 207
10 899 7 1 29 827
284 203 230 198 222 308
153 338 342 262 326 75
295 33 58 167 395 16
507 89 353 139 138 295
524 379 78 42 73 839
130 160 360 553 73 262
466 347 52 382 75 408
28 438 218 173 321 225
158 133 198 125 244 266
129 762 97 335 319 252
529 192 100 566 263 30
215 255 300 276 176 49
10 136 602 143 3 181
253 29 395 277 82 77
378 87 171 500 127 252
560 310 77 232 578 152
64 728 53 32 721 245
355 242 386 107 617 112
272 221 335 165 31 20
95 162 650 204 473 21
145 82 396 30 659 178
57 455 464 319 134 504
165 511 268 96 617 251
536 196 218 733 114 48
339 138 390 396 48 32
359 190 343 366 79 411
253 187 557 300 471 44
40 515 245 303 182 279
114 758 122 359 145 474
188 261 108 424 253 292
35 190 331 241 350 236
380 323 193 87 213 323
153 440 292 17 617 255
156 672 51 508 92 200
216 124 56 694 21 63
146 304 375 267 290 258
123 288 565 276 252 83
85 249 401 180 324 175
299 432 91 51 195 578
26 95 437 152 550 181
44 365 35 34 19 478
391 317 121 441 329 66
783 155 62 478 142 356
243 215 175 583 154 146
61 697 160 476 172 136
158 235 195 175 206 338
172 73 279 128 250 486
94 514 180 342 401 248
285 268 268 74 536 203
145 233 551 348 61 194
278 285 105 201 19 266
86 243 196 6 378 589
10 263 543 42 625 326
386 365 133 263 182 488
58 720 151 283 193 346
184 200 292 333 161 358
124 733 103 127 660 45
264 450 110 710 100 131
224 288 67 22 28 418
129 102 558 155 417 292
225 19 16 25 414 487
245 85 470 59 826 73
247 33 22 137 320 390
225 178 460 289 15 466
214 23 471 480 185 2
92 65 439 228 513 183
94 401 271 369 65 461
140 228 425 256 295 65
207 0 430 150 540 275
249 369 343 89 506 31
165 269 468 48 522 159
86 512 282 179 96 315
162 190 625 267 272 141
180 213 133 178 386 408
271 322 223 87 199 312
170 737 63 82 66 751
255 78 579 417 236 7
298 357 115 219 226 40
260 439 38 583 114 121
54 365 551 355 460 11
321 105 296 43 715 144
85 376 63 290 27 543
71 136 431 155 50 733
78 464 450 312 191 96
122 176 481 44 564 364
245 104 371 139 611 55
117 487 56 352 79 156
71 54 549 323 125 435
203 306 82 418 209 135
100 602 149 360 490 53
141 490 310 525 5 192
638 71 152 390 150 190
29 438 366 53 74 230
426 63 297 153 109 725
604 38 231 249 270 227
70 243 539 232 60 289
121 574 298 267 340 257
493 395 56 184 374 245
148 213 380 110 199 164
253 623 18 139 244 375
176 487 263 416 302 133
119 535 61 418 34 511
368 64 480 562 361 9
489 282 98 80 640 186
262 36 178 216 656 66
511 149 8 357 118 329
276 117 339 315 85 584
34 339 29 54 102 291
701 202 89 423 87 364
377 108 444 421 233 69
25 181 29 32 42 7
688 125 146 252 257 40
221 272 79 181 85 151
45 249 555 268 514 78
358 297 279 362 308 5
253 105 152 283 194 328
195 40 368 149 608 117
119 449 200 13 377 608
199 471 254 322 124 404
167 387 190 179 79 317
143 269 477 266 187 98
158 494 220 426 26 212
155 111 685 356 279 163
276 49 465 211 559 126
87 129 690 459 509 30
116 129 613 237 13 420
191 480 10 363 121 168
623 135 86 227 171 436
54 167 653 287 127 504
98 305 309 538 21 169
159 354 258 226 368 244
149 171 150 37 23 708
304 184 233 118 762 101
358 363 1 127 66 362
141 48 705 232 0 192
72 198 394 318 597 51
141 180 378 336 332 285
176 66 211 22 268 465
115 643 156 350 422 167
463 226 8 345 570 61
197 64 44 85 133 218
207 439 346 618 147 208
390 500 30 66 179 435
0 69 854 299 392 228
152 431 279 59 326 63
211 150 446 117 183 74
543 67 164 244 361 75
241 201 484 0 817 141
22 44 869 45 493 15
96 513 380 24 264 408
175 658 147 226 430 82
208 557 144 195 6 340
241 142 591 269 516 53
8 436 84 41 15 503
347 103 23 666 101 122
215 263 468 288 508 46
149 260 158 174 595 140
205 59 98 32 176 520
594 87 211 437 75 292
308 103 430 157 186 486
146 575 153 111 186 92
391 419 40 282 353 99
254 56 191 595 56 124
175 6 510 203 484 132
325 35 83 110 90 289
189 63 459 454 44 418
358 183 453 185 13 375
215 519 171 94 54 672
143 138 473 24 695 280
86 847 62 103 608 286
119 287 509 170 500 40
476 80 320 181 408 250
232 298 94 740 39 219
30 0 765 7 58 407
329 526 84 750 27 4
114 642 227 397 222 166
201 726 59 527 16 335
8 633 97 143 121 322
356 40 43 229 314 232
139 179 489 315 365 132
303 115 532 142 64 275
238 283 69 778 46 120
128 72 33 31 872 20
290 254 344 438 306 130
118 426 388 331 306 38
24 246 724 56 112 796
268 450 41 84 734 107
47 326 601 32 53 563
169 319 289 26 255 586
63 45 134 16 285 519
36 52 417 20 496 53
172 269 396 628 295 4
166 392 435 545 245 13
703 64 163 207 385 183
61 682 176 446 43 88
131 104 126 149 313 213
162 225 492 154 632 117
67 460 405 178 245 519
507 84 55 713 223 27
205 178 183 215 411 301
113 152 722 6 532 270
153 1 244 155 671 14
305 91 48 421 224 312
30 555 299 124 630 66
89 96 813 332 98 357
323 15 24 0 792 102
254 175 364 535 38 371
234 31 57 299 84 316
60 783 94 89 506 167
87 160 2 12 167 697
424 82 350 166 421 389
225 90 355 17 287 422
223 21 728 303 65 481
147 42 633 0 177 676
165 185 465 233 650 84
227 618 56 79 315 344
184 673 11 168 22 513
55 3 303 83 365 8
342 117 248 475 85 426
100 244 427 205 322 134
44 584 358 72 469 107
266 442 138 141 526 320
43 25 812 300 58 300
148 198 550 334 3 55
61 96 519 251 622 14
120 59 240 112 622 243
53 308 72 171 157 324
55 330 475 97 211 266
547 25 407 279 450 103
43 309 315 75 279 310
23 514 330 123 314 325
563 110 297 193 539 237
448 94 192 400 204 36
251 571 131 150 411 44
320 276 288 221 33 50
55 119 259 24 550 168
378 39 261 14 107 797
140 261 574 146 210 368
448 95 155 271 48 392
447 203 119 521 32 237
119 152 86 177 235 289
94 139 452 86 683 37
156 71 101 20 293 627
98 10 104 44 508 424
171 230 325 174 381 125
132 344 108 252 257 398
77 213 472 137 331 385
121 409 354 305 6 365
480 228 227 129 678 156
64 788 51 3 43 763
120 184 219 8 644 308
451 219 175 457 127 316
507 149 29 519 200 30
508 167 195 131 168 281
172 590 224 662 283 7
78 497 129 447 5 180
667 39 141 223 2 641
528 165 253 525 292 4
289 158 491 402 279 64
339 398 105 356 371 212
146 618 167 353 251 303
591 84 154 220 112 417
3 560 431 278 96 625
476 194 171 197 67 299
268 44 597 447 256 158
56 798 100 317 296 318
239 252 229 759 78 75
244 74 164 171 61 304
438 114 119 165 72 633
46 550 388 81 541 180
97 65 585 200 256 161
5 313 506 28 337 15
376 115 120 330 140 59
24 51 263 82 214 238
160 112 343 126 579 285
590 268 110 295 317 154
36 331 613 205 109 411
289 7 341 16 0 591
91 98 460 16 66 715
55 604 236 397 400 82
75 702 125 470 260 229
212 380 223 25 663 89
1 128 613 68 465 341
107 740 108 247 204 261
214 243 72 221 33 148
334 59 131 37 537 241
506 38 309 737 47 112
295 109 428 64 739 126
475 254 59 99 42 581
341 188 381 111 304 574
16 703 226 313 320 121
175 244 171 16 347 391
156 432 14 229 337 380
221 649 69 248 178 291
215 252 37 170 202 151
281 135 572 284 59 522
52 166 444 325 160 407
247 242 365 174 581 104
55 113 345 159 163 10
284 138 1 80 147 604
93 115 687 1 50 472
241 248 367 321 490 12
135 109 553 98 83 628
94 30 520 180 402 308
43 592 127 23 414 23
168 220 24 295 7 447
349 267 103 271 184 347
59 72 788 488 249 62
61 144 444 17 641 187
55 15 443 128 140 309
154 639 31 97 484 10
200 229 194 430 104 167
359 30 173 174 132 571
479 157 286 342 140 192
648 30 297 392 503 80
39 578 352 268 223 405
180 267 459 236 132 273
241 204 69 119 34 700
559 297 5 366 60 157
86 239 462 442 164 254
43 270 626 42 331 426
192 179 358 384 133 218
343 282 11 262 70 412
436 9 96 132 557 192
128 20 781 144 237 6
180 184 149 117 614 16
199 203 332 272 212 139
136 209 337 544 211 98
182 242 484 102 274 54
252 539 118 627 296 29
173 235 406 82 214 354
250 225 245 176 317 489
112 102 519 58 9 615
283 208 89 254 134 473
13 43 836 30 167 452
324 77 4 141 96 529
397 0 55 695 119 126
12 522 461 52 699 155
241 232 276 250 167 5
550 47 195 279 111 238
177 35 612 305 445 3
77 161 189 101 441 61
60 55 28 71 90 495
130 209 154 395 382 150
71 79 220 54 111 620
237 108 284 286 168 333
154 325 315 295 288 144
17 499 208 45 125 112
358 81 119 366 196 83
60 150 731 109 398 93
195 365 44 302 396 290
53 253 372 268 378 322
396 260 212 507 100 157
443 17 113 80 293 625
205 441 57 199 68 661
108 197 385 1 57 365
114 263 258 190 327 454
68 211 399 44 309 83
165 359 15 10 180 239
119 506 250 82 111 422
75 490 160 37 73 792
447 293 164 100 255 478
279 259 442 79 239 589
252 7 153 31 297 473
204 245 340 417 109 284
99 123 190 66 394 95
97 247 426 131 133 714
211 179 540 516 64 343
630 36 49 181 52 462
232 181 90 39 278 304
317 598 80 591 117 111
181 459 332 419 298 229
477 318 194 204 200 62
186 310 296 728 210 2
447 373 15 134 209 59
61 245 531 142 689 117
118 374 100 433 247 55
79 245 481 20 504 419
132 103 58 29 173 86
439 368 68 352 426 9
333 59 74 394 164 429
721 88 128 337 495 136
54 390 196 258 275 118
8 449 366 8 656 61
200 13 482 180 75 518
307 76 131 59 594 131
307 139 237 310 120 100
5 222 733 299 147 490
232 106 530 596 114 269
197 189 488 87 381 300
199 258 269 191 229 474
353 127 436 94 475 313
480 15 199 519 125 248
284 226 309 403 6 207
168 101 234 291 611 86
105 839 43 270 158 229
85 224 74 274 640 12
194 135 298 33 282 648
749 33 215 463 405 124
58 55 524 31 274 10
261 539 122 182 505 197
239 407 321 248 209 311
260 179 347 135 441 200
138 23 665 358 515 124
50 100 124 143 486 144
105 370 470 32 775 122
223 164 594 144 175 455
536 22 136 239 338 367
513 151 136 231 475 146
163 143 213 363 373 124
198 135 554 491 422 83
86 482 398 164 271 373
73 146 264 9 5 306
341 150 313 216 254 226
256 76 145 12 327 427
66 72 603 414 228 243
275 93 175 65 456 222
120 39 622 683 150 3
58 142 761 9 519 294
756 99 86 249 533 216
48 452 198 6 381 599
524 136 321 176 48 335
274 18 216 43 326 531
339 50 473 388 462 118
66 610 194 89 353 216
111 94 133 328 259 370
108 335 525 213 370 175
292 209 341 68 88 318
372 154 114 162 96 31
344 136 357 231 349 250
551 43 367 166 279 177
201 129 44 372 262 277
348 40 555 236 70 657
139 645 112 435 79 173
334 127 98 113 541 20
477 126 182 278 232 385
312 232 329 109 15 629
199 602 196 188 248 230
368 63 91 437 268 261
575 45 328 337 126 423
693 201 92 250 260 472
339 137 54 137 223 555
54 632 269 38 447 127
44 340 556 422 12 42
22 526 297 48 119 472
176 335 68 157 139 595
256 255 483 491 158 280
356 97 79 153 417 84
365 311 84 586 85 207
172 317 376 210 159 122
20 70 627 313 137 259
444 428 6 454 4 60
132 306 219 170 369 59
47 136 587 149 504 93
92 374 331 57 187 253
86 437 379 33 123 722
95 143 581 0 153 598
99 558 119 264 79 493
423 308 264 341 204 33
590 47 189 338 42 530
631 88 25 349 170 348
710 183 63 273 118 447
417 203 151 186 76 461
446 234 97 463 22 299
30 77 205 145 206 302
418 522 58 60 315 531
83 191 430 87 15 406
490 249 35 403 229 177
252 154 124 196 102 689
300 262 343 787 54 67
131 287 380 203 43 456
294 228 384 304 8 378
175 653 56 259 461 200
224 56 275 303 400 154
215 426 5 470 236 248
316 560 4 170 177 628
56 3 874 292 160 17
203 194 19 586 397 6
290 629 62 174 685 141
8 357 269 62 227 650
482 156 148 427 137 159
279 265 63 54 716 12
147 298 27 91 25 412
141 70 248 1 73 494
536 342 97 179 348 343
581 16 190 224 653 2
57 586 278 114 730 61
259 71 625 195 104 690
277 70 112 276 266 407
29 591 201 250 464 155
231 552 102 184 546 179
291 153 312 213 34 749
115 601 10 496 245 188
636 148 75 659 256 17
109 111 157 225 13 675
20 194 742 373 139 95
12 408 437 127 263 265
120 410 206 508 292 165
476 160 356 291 249 307
135 244 552 52 397 42
325 134 491 334 163 349
86 79 22 68 492 268
1 244 412 241 151 222
600 17 146 435 95 49
244 167 411 222 491 74
180 41 308 592 114 83
479 55 430 446 35 481
219 376 42 246 147 476
493 52 380 215 501 13
120 767 71 499 402 48
492 132 230 227 145 188
49 432 373 89 638 10
400 295 78 354 110 220
90 183 105 67 80 588
374 84 291 472 13 110
491 34 390 127 293 375
117 243 320 197 294 117
173 4 411 22 653 29
504 118 346 537 178 131
393 21 264 272 365 276
71 353 414 48 262 176
341 105 397 409 202 260
269 38 689 103 108 458
294 35 326 17 449 357
177 267 508 274 96 251
585 211 34 163 183 560
18 153 249 5 520 207
149 311 68 164 555 107
81 127 650 388 235 209
63 615 32 172 396 315
97 41 855 117 630 106
281 141 287 204 255 63
37 88 385 5 549 312
174 329 197 155 289 427
233 57 535 287 208 300
272 182 384 688 105 4
713 0 283 331 415 165
221 6 433 209 203 342
492 203 145 277 526 1
508 203 167 216 80 275
238 364 276 654 256 33
369 93 428 284 2 212
104 10 634 159 173 189
183 343 59 459 156 311
92 213 605 19 8 358
23 570 57 128 45 153
110 315 116 359 33 179
178 22 83 69 652 54
645 125 182 145 69 668
373 42 16 188 216 309
305 53 429 110 484 234
435 135 175 148 579 227
279 181 341 646 7 243
164 99 516 38 84 821
426 218 231 450 219 54
272 295 280 392 118 345
30 766 19 192 26 155
26 503 133 279 127 179
4 18 958 152 67 672
458 292 224 230 127 247
386 54 307 68 649 196
432 482 29 700 95 183
216 97 620 76 729 62
24 50 896 79 332 181
281 259 127 507 7 323
2 199 397 71 316 34
342 443 24 369 183 154
301 78 300 141 828 14
422 258 183 356 14 124
24 125 699 41 625 192
90 512 272 398 348 175
369 448 22 708 54 16
164 79 154 272 55 185
52 644 127 214 482 241
142 275 264 218 342 237
191 201 94 640 93 229
285 237 133 467 28 110
152 514 132 54 536 381
203 688 58 81 244 590
96 78 136 201 42 756
147 144 681 294 313 306
43 455 126 208 617 30
70 482 382 384 373 5
455 11 35 898 58 14
153 655 188 619 306 14
65 451 139 341 246 55
144 342 99 122 385 263
361 431 29 96 481 381
609 312 1 147 168 517
169 235 449 41 469 311
109 119 408 31 776 87
107 97 81 58 92 560
336 619 34 414 25 449
43 66 375 179 563 102
403 409 110 127 327 371
564 16 35 361 78 351
386 202 185 194 117 527
427 59 248 161 104 13
190 346 164 486 162 302
382 511 2 365 224 20
513 155 146 152 229 144
201 8 545 662 33 125
99 165 419 235 246 207
212 297 13 320 567 79
340 119 93 203 108 507
64 484 7 68 599 267
317 22 12 73 707 191
178 599 70 245 635 50
512 164 197 116 149 539
109 201 288 136 82 585
382 37 519 243 505 19
276 334 322 151 16 257
313 318 39 187 125 343
246 381 116 215 190 111
402 154 108 149 172 315
114 357 329 248 619 73
63 244 339 117 752 70
79 46 442 198 282 295
197 244 116 277 416 68
135 43 129 64 369 169
350 170 134 566 239 29
178 69 202 401 305 87
99 754 3 297 489 38
294 504 44 439 362 89
590 160 134 483 46 187
117 306 69 450 108 12
149 106 497 66 507 234
653 47 6 281 325 94
275 42 175 214 330 427
28 265 245 234 225 255
9 90 451 37 157 303
