99 310
B 563 210 65 299 522 70
B 170 121 393 2 259 594
B 627 130 242 51 211 586
J 485 156 186 111 75 437
J 19 425 263 395 135 72
J 527 253 30 425 121 214
J 324 166 450 317 113 209
B 162 425 363 179 602 71
B 588 292 98 41 467 148
J 344 503 126 118 494 187
J 490 213 11 559 40 199
J 34 16 854 239 76 126
J 264 594 11 228 215 167
B 16 7 457 73 142 119
B 164 60 517 360 486 118
J 175 257 524 269 331 0
B 569 242 39 259 388 249
J 413 514 28 586 261 87
J 54 260 242 72 85 171
J 31 57 791 150 30 700
J 80 194 177 651 161 22
J 77 472 11 107 119 182
B 38 465 36 39 519 159
J 65 673 105 591 139 209
B 107 22 376 113 75 641
J 193 256 1 254 197 66
B 487 255 40 118 166 707
B 387 234 79 318 364 4
B 464 91 420 81 360 130
B 95 228 62 405 303 75
J 317 55 194 30 52 324
J 495 133 186 107 79 110
J 199 178 79 830 59 57
B 35 72 321 84 182 210
B 442 221 121 574 334 81
J 188 473 165 165 373 447
J 83 481 245 12 247 416
J 5 122 841 391 114 68
B 196 27 335 187 175 569
J 27 591 109 298 432 58
B 860 61 11 447 261 238
B 26 26 941 53 388 254
J 4 160 637 277 80 310
J 238 89 354 74 142 161
B 4 273 448 199 348 136
J 50 544 64 91 174 318
B 651 161 7 219 195 215
J 189 693 4 241 567 17
J 514 263 77 671 196 26
B 189 340 103 31 470 305
B 108 247 337 33 189 705
J 104 198 504 307 101 491
B 590 89 255 171 515 245
J 428 345 0 51 258 354
J 313 469 216 61 214 621
J 197 520 94 137 473 75
B 469 148 376 54 682 34
B 419 6 303 46 129 62
B 333 328 162 174 320 404
J 39 159 419 645 102 247
B 602 147 191 209 505 204
J 16 470 301 23 194 219
J 303 40 447 424 26 157
J 12 289 253 433 191 195
J 648 311 19 72 32 815
J 321 63 315 360 39 126
J 58 330 213 71 214 279
J 211 352 137 732 171 9
B 459 294 91 353 315 77
J 12 216 114 669 86 52
J 308 436 95 94 136 518
B 318 273 54 91 825 0
J 218 269 467 48 124 87
J 79 580 136 388 188 319
B 34 43 406 48 192 82
J 108 574 226 384 123 431
B 546 30 45 213 69 360
J 386 311 178 79 333 25
J 56 662 43 341 263 48
B 464 136 48 23 340 265
B 273 171 525 186 406 230
B 192 158 632 323 290 219
J 188 564 66 74 446 116
B 543 47 93 479 106 399
B 168 88 329 216 92 450
B 550 359 9 491 411 8
B 149 235 42 127 517 181
J 123 412 379 330 175 177
B 418 337 126 194 679 126
J 177 351 285 142 83 508
J 3 786 23 525 208 124
B 215 212 112 324 267 82
J 2 206 747 515 188 246
J 188 483 127 99 22 779
B 27 124 752 208 503 268
J 474 30 346 323 25 163
J 202 568 93 207 222 193
B 17 526 134 105 640 220
J 79 468 148 98 172 695
440 296 234 122 503 222
595 303 6 360 316 209
439 81 227 151 312 234
556 41 317 124 154 439
412 58 420 126 229 351
463 487 14 161 568 260
355 286 290 7 691 90
689 68 216 110 415 32
260 266 231 673 47 22
206 155 327 892 12 22
195 255 162 387 253 225
140 348 284 119 86 324
444 127 21 2 359 306
616 335 40 557 27 400
13 214 526 51 14 503
569 92 281 3 208 574
18 276 119 73 101 92
354 35 97 411 114 468
326 200 305 517 317 63
69 584 229 44 143 775
334 17 266 641 91 152
148 160 259 239 528 216
150 443 97 550 156 41
449 202 173 786 28 25
599 163 199 258 376 297
210 315 61 328 288 140
87 527 307 100 296 160
148 360 74 103 422 14
152 37 347 118 60 42
557 9 305 124 254 260
49 132 658 74 103 278
9 736 102 381 163 328
515 95 82 58 11 719
510 202 74 66 32 886
143 403 267 215 225 542
8 84 740 54 591 119
148 163 147 64 101 324
154 374 399 251 206 21
408 169 285 245 31 269
233 174 220 34 115 612
79 268 53 198 12 635
598 116 123 415 315 6
220 67 299 130 204 385
8 262 116 359 307 156
120 280 367 337 564 5
53 499 151 391 368 81
52 277 431 179 587 200
112 591 179 166 366 69
101 315 491 94 177 704
253 141 286 263 47 25
59 551 120 260 324 393
27 879 81 431 239 162
64 148 327 307 231 28
417 171 194 103 32 802
26 563 256 369 124 287
474 116 212 42 326 487
410 384 99 482 156 186
316 242 380 14 318 392
258 147 0 101 427 2
207 147 446 522 108 74
284 282 277 272 6 469
466 88 199 685 214 51
387 197 207 140 315 136
60 351 311 14 496 234
353 250 357 284 116 590
199 274 271 187 602 49
488 127 366 240 563 40
171 452 122 94 518 236
256 86 397 227 132 192
203 126 374 149 32 272
12 577 59 139 216 55
187 201 228 123 66 531
73 535 284 174 180 96
58 495 355 139 680 82
71 576 278 5 274 491
172 178 614 94 491 280
229 336 7 46 231 439
67 174 640 274 134 481
34 253 584 314 235 359
134 8 434 525 250 131
777 49 155 341 217 90
466 163 5 103 187 604
140 409 123 214 434 206
263 92 110 19 99 874
235 18 523 298 73 422
53 525 413 286 361 296
518 383 93 624 212 88
27 169 558 160 501 333
144 206 178 857 76 52
81 17 638 750 41 79
75 272 361 290 174 137
151 23 377 465 22 120
194 178 597 423 137 436
192 494 301 105 471 160
464 213 206 9 460 520
124 379 479 414 221 233
280 555 130 263 229 337
40 332 591 115 148 86
50 127 206 431 119 416
67 359 77 131 186 530
486 20 308 523 0 410
80 87 288 133 134 276
376 579 11 182 241 86
493 116 302 18 504 361
432 299 52 7 257 531
331 224 389 69 112 343
463 304 189 407 399 171
605 98 99 414 169 133
286 402 288 100 99 485
124 135 727 526 209 202
484 216 27 438 220 223
638 313 32 137 214 417
108 229 262 124 224 121
470 285 104 205 73 690
194 16 748 250 198 70
207 383 172 115 81 529
144 150 451 104 313 160
124 310 346 756 53 95
114 681 119 80 650 135
178 506 301 508 169 223
148 259 147 471 201 156
493 151 54 277 198 62
140 247 105 145 317 501
306 109 536 325 171 347
251 30 364 323 252 236
302 91 94 31 65 86
516 370 27 501 121 357
129 166 300 246 24 619
253 195 422 500 63 103
735 148 58 130 92 281
363 290 10 210 40 283
352 150 28 69 189 707
127 399 176 495 320 28
305 252 341 6 323 41
78 244 370 602 299 25
48 38 872 461 124 45
57 601 158 31 560 246
298 218 284 275 492 10
94 93 701 45 1 950
8 316 93 480 39 214
174 86 50 309 191 430
285 476 23 52 320 376
171 11 692 183 113 501
81 186 455 133 405 257
155 25 510 628 115 170
41 413 441 143 346 384
295 38 643 584 58 354
20 350 117 499 187 163
889 30 49 488 189 168
12 570 273 154 435 179
16 838 120 46 269 100
175 161 39 323 124 498
19 73 847 639 94 56
572 67 15 505 8 259
279 132 32 271 187 257
82 116 75 276 9 58
98 208 289 379 254 255
756 172 67 443 26 192
146 174 14 422 49 98
6 273 41 293 489 68
180 760 29 305 278 183
835 64 65 329 316 259
723 117 53 193 486 31
151 361 186 46 68 601
579 371 36 224 426 24
340 43 197 524 229 92
214 503 169 98 897 2
245 60 266 110 211 242
71 240 565 262 53 541
143 105 458 110 175 17
235 135 116 834 104 40
630 140 161 554 30 191
41 306 314 629 97 227
194 57 687 354 389 193
280 57 477 449 145 76
242 193 171 361 363 250
101 409 279 8 320 420
76 66 552 112 161 191
217 278 404 236 391 76
478 449 2 61 436 224
160 38 754 153 84 131
231 287 234 182 377 382
142 306 150 330 597 61
246 147 354 633 123 133
245 259 19 186 375 80
176 211 107 821 86 21
106 294 525 166 366 77
356 145 68 480 364 123
414 202 83 63 190 377
11 334 583 130 190 238
103 351 411 103 420 125
85 250 74 100 101 15
231 319 213 267 198 455
62 92 756 250 148 311
124 440 386 46 267 6
425 13 494 255 65 140
402 92 300 98 149 648
213 20 306 259 110 114
63 355 187 393 511 48
247 88 444 89 305 207
381 287 54 155 90 141
292 230 450 305 35 390
50 91 385 79 272 506
226 392 266 209 323 102
136 684 148 71 312 467
776 154 13 127 153 695
331 283 220 108 456 264
333 388 65 122 184 246
37 553 400 125 510 336
29 837 78 11 561 121
332 26 591 458 287 225
304 6 34 701 9 3
40 605 138 25 188 510
219 582 21 711 139 52
486 69 38 213 96 489
173 142 216 172 96 673
152 110 379 331 108 96
20 21 816 679 44 228
630 121 190 471 41 416
297 62 533 192 215 345
594 111 133 206 218 277
83 305 340 534 287 74
21 214 29 216 264 323
122 18 410 166 260 195
192 604 2 156 448 359
120 111 255 823 57 119
367 173 291 16 310 238
133 281 463 378 239 124
99 175 614 545 64 254
524 233 130 59 112 379
471 465 4 164 796 5
221 483 148 119 374 189
112 280 72 2 242 366
180 209 349 444 15 359
316 596 14 168 547 252
103 295 127 146 154 330
364 163 126 320 38 39
28 236 242 66 171 556
97 242 222 1 735 109
116 421 13 36 179 401
130 592 225 223 395 346
159 63 517 474 38 319
114 590 238 21 477 212
352 52 4 69 34 455
284 157 219 13 117 86
28 338 77 52 355 101
679 30 67 314 54 16
68 195 389 706 108 3
122 209 310 67 125 686
228 543 198 216 391 39
124 511 273 135 428 186
177 220 10 563 108 88
287 364 173 164 562 118
272 450 24 559 151 283
305 46 81 132 150 104
260 318 410 336 259 208
476 90 293 590 30 284
366 24 150 607 43 339
180 244 278 803 126 45
107 241 408 930 66 4
621 228 82 79 271 233
77 263 113 56 666 66
20 294 503 45 99 430
262 342 346 557 121 57
51 881 28 115 198 436
21 417 322 221 102 344
161 463 327 42 703 166
368 122 342 76 109 116
60 294 317 27 49 574
31 148 32 540 74 370
204 113 284 133 139 441
252 329 11 461 240 192
20 436 312 88 675 156
359 104 320 6 139 753
24 466 71 154 304 378
527 272 79 206 195 215
258 160 452 76 699 27
58 125 351 530 342 48
450 134 280 51 527 402
162 74 691 137 617 142
743 58 95 307 27 41
129 696 6 400 269 289
227 59 343 273 167 489
97 194 39 234 271 87
780 203 17 315 303 345
223 248 229 235 425 219
20 705 123 167 290 335
191 144 400 75 337 88
347 112 305 751 38 34
318 127 30 422 189 212
316 342 163 749 72 77
9 93 872 268 88 516
338 219 38 619 205 7
187 457 313 214 120 263
176 494 104 116 258 383
662 94 68 156 207 132
127 615 228 260 249 417
309 449 220 358 199 91
17 271 150 560 269 72
446 82 209 31 419 322
672 219 19 281 27 582
412 81 117 478 150 87
185 446 54 416 157 115
10 198 539 567 178 165
595 68 306 118 52 111
410 7 327 304 109 421
633 182 146 241 268 113
292 236 329 29 578 88
186 87 508 411 222 201
276 378 237 90 590 251
