100 3000
-9957 2163
-9700 1830
-9548 -8883
-9529 -1592
-9396 5137
-9009 -9168
-8929 -5932
-8245 -5039
-8174 844
-8100 8454
-7926 -1716
-6879 3388
-6074 -3226
-5998 -3344
-5777 -2216
-5724 -5604
-5196 -2225
-5096 -2185
-5050 -9078
-5027 -2202
-4869 3916
-4788 -5986
-4686 -4742
-4360 -326
-4133 9271
-4093 6939
-3892 7172
-3838 -5994
-3466 -7474
-3140 3874
-3075 988
-2871 962
-2529 -9033
-2439 -8202
-2143 -7855
-2110 5403
-1775 -7355
-1457 402
-1211 966
-947 2228
-692 -6279
-635 -583
-541 -6625
-438 6151
-43 -6029
496 309
584 -2647
824 -6406
929 4964
972 -2670
992 6906
1126 -9326
1173 3531
1173 4037
1392 9422
1757 -7912
1989 8766
2018 -1239
2109 -30
2504 9837
2566 -3983
2736 2538
2936 9487
3199 -5666
3361 2921
3629 3014
3889 948
3974 -9646
4273 -7267
4320 -5016
4402 -5202
4517 3634
4720 -4059
4760 -7008
4778 5751
5302 -9299
5568 867
5648 718
5664 -7984
5664 -4979
6389 -6679
6451 6085
6506 -8819
6809 -2967
6890 -7089
7213 4987
7402 -1366
7428 -2232
7441 2659
7534 -1653
7599 5453
8152 -9064
8279 2791
8390 -4410
8617 -3574
8692 4432
8858 8725
8993 -9915
9144 -1472
9495 -3525
1 8 3765
1 9 7939
1 11 8951
1 12 9980
1 13 6198
1 14 2728
1 15 7599
1 19 7784
1 20 2918
1 21 1108
1 22 4543
1 24 1290
1 25 7983
1 27 4300
1 28 4881
1 29 8446
1 30 6218
1 31 9899
1 32 677
1 33 7391
1 36 6559
1 42 8012
1 46 9858
1 48 2398
1 49 4521
1 50 5550
1 52 1911
1 53 9604
1 54 6981
1 56 7579
1 57 34
1 59 6424
1 62 6022
1 63 7752
1 64 5308
1 65 2688
1 67 2056
1 68 6576
1 69 1918
1 72 8892
1 74 2476
1 75 4325
1 76 4007
1 77 828
1 79 7539
1 80 8134
1 82 7621
1 86 9344
1 89 6699
1 91 4137
1 94 3699
1 95 2792
1 96 179
1 98 2780
1 100 7384
2 4 6948
2 5 5364
2 6 8100
2 7 3565
2 8 8806
2 9 452
2 10 5728
2 13 9980
2 14 7621
2 16 1803
2 17 8364
2 18 2580
2 20 4377
2 21 2106
2 22 4515
2 24 6230
2 26 8008
2 27 1442
2 28 1893
2 29 7296
2 30 5835
2 31 5006
2 32 9552
2 33 5785
2 35 292
2 36 3219
2 39 9890
2 40 5100
2 42 1104
2 43 2714
2 44 8261
2 45 708
2 46 8209
2 51 3800
2 52 5555
2 53 3101
2 54 9563
2 55 5994
2 56 8551
2 57 3099
2 59 9106
2 60 2691
2 62 2540
2 64 5081
2 66 5580
2 67 1292
2 68 3371
2 70 3086
2 71 8107
2 72 1051
2 74 3680
2 77 6255
2 78 9061
2 81 6326
2 83 6932
2 86 8541
2 90 4606
2 91 3656
2 94 3648
2 95 8266
2 97 2420
2 98 7218
2 100 5500
3 5 6257
3 6 3465
3 10 4811
3 14 6515
3 20 9341
3 23 2866
3 27 7515
3 28 142
3 30 3662
3 31 303
3 34 7156
3 36 6517
3 37 8385
3 38 9545
3 39 2243
3 41 6389
3 42 7207
3 43 687
3 47 5082
3 48 1038
3 49 678
3 50 7429
3 53 1772
3 56 9970
3 57 558
3 59 9670
3 60 5455
3 61 9616
3 62 9391
3 63 2625
3 67 6432
3 68 5199
3 70 4089
3 72 4327
3 74 6648
3 75 5427
3 77 8403
3 79 9754
3 84 9702
3 85 6374
3 86 9025
3 88 9647
3 90 9580
3 91 2455
3 93 3400
3 94 68
3 97 2042
3 98 912
3 100 3962
4 6 6606
4 7 5110
4 8 2824
4 9 8992
4 12 6615
4 13 7756
4 17 265
4 19 1272
4 20 4287
4 22 3772
4 23 4737
4 29 9004
4 30 3282
4 33 4062
4 35 1751
4 36 3048
4 37 6577
4 38 7459
4 40 3178
4 41 9927
4 42 9403
4 44 5766
4 46 568
4 48 6173
4 49 9457
4 51 1986
4 52 1355
4 54 1113
4 55 3193
4 58 3613
4 59 2820
4 60 730
4 61 5661
4 62 54
4 64 608
4 65 7656
4 69 8118
4 70 4053
4 71 5294
4 74 2795
4 75 1487
4 76 249
4 77 1110
4 78 6312
4 79 3011
4 82 8890
4 83 1014
4 84 9015
4 85 7215
4 86 7757
4 87 8514
4 89 2408
4 90 4705
4 94 8200
4 95 5527
4 96 3398
4 97 1893
4 100 2864
5 6 5778
5 7 2611
5 9 5103
5 10 8517
5 11 9601
5 12 252
5 13 226
5 15 7632
5 16 1675
5 18 8490
5 19 1916
5 20 7069
5 22 2820
5 24 1422
5 25 6886
5 27 6168
5 28 9739
5 29 6826
5 30 140
5 34 4423
5 35 8543
5 37 8604
5 38 2182
5 40 297
5 46 256
5 47 4454
5 48 7745
5 49 3608
5 50 7824
5 51 4700
5 52 6503
5 53 5264
5 56 1313
5 57 8536
5 58 3054
5 59 41
5 61 9545
5 62 6552
5 63 5445
5 66 1352
5 67 9852
5 68 7117
5 69 8791
5 70 4605
5 71 9531
5 72 5708
5 74 5085
5 75 1393
5 76 9670
5 77 6414
5 78 6374
5 79 6769
5 82 6775
5 84 7371
5 86 669
5 89 7695
5 90 241
5 92 2622
5 94 4375
5 97 153
5 100 9688
6 8 7581
6 9 5344
6 12 4274
6 13 3966
6 14 5832
6 15 1
6 16 1490
6 21 4093
6 22 3146
6 24 5036
6 25 9042
6 28 267
6 29 7655
6 30 7590
6 32 7726
6 33 7229
6 35 3527
6 36 1283
6 41 6005
6 42 577
6 43 4385
6 45 8582
6 46 6600
6 47 4475
6 48 5836
6 50 889
6 51 9203
6 52 3576
6 53 2667
6 54 6241
6 55 784
6 56 8594
6 57 801
6 60 1113
6 61 5965
6 62 6897
6 63 3367
6 65 3547
6 66 7038
6 67 9288
6 69 7451
6 70 1487
6 71 3427
6 72 4496
6 73 504
6 74 7019
6 75 1340
6 76 9225
6 77 2361
6 82 1672
6 86 1514
6 87 9746
6 89 2082
6 90 3174
6 91 3149
6 92 1647
6 93 9688
6 94 1182
6 95 5028
6 97 8343
6 98 5417
6 99 8340
6 100 4833
7 8 5683
7 9 8991
7 11 1446
7 13 4355
7 15 2383
7 17 6027
7 18 6807
7 24 9080
7 28 5469
7 30 8243
7 31 168
7 33 6848
7 35 9174
7 39 1544
7 40 7935
7 41 9419
7 42 4316
7 43 5301
7 44 4428
7 45 6139
7 46 5017
7 47 5613
7 51 7405
7 57 986
7 58 8982
7 59 5764
7 60 9289
7 62 9196
7 63 468
7 67 5506
7 68 3639
7 70 6452
7 71 3293
7 73 9690
7 75 232
7 76 605
7 77 1422
7 79 9475
7 80 6299
7 81 1102
7 83 8706
7 84 2752
7 85 8200
7 86 8885
7 87 815
7 89 7619
7 90 1795
7 91 9389
7 92 7950
7 93 9375
7 94 4324
7 96 1049
7 97 2102
7 98 5538
7 99 215
8 10 6142
8 11 7728
8 12 8095
8 14 7276
8 15 2597
8 19 6899
8 20 6702
8 21 6565
8 25 9884
8 26 5215
8 28 2981
8 30 8222
8 31 2329
8 32 2792
8 35 7787
8 36 9189
8 37 3197
8 38 3914
8 39 5352
8 41 4693
8 42 6541
8 44 6160
8 48 2169
8 50 6114
8 52 3187
8 53 8192
8 55 4993
8 58 2787
8 59 2059
8 60 2767
8 61 2178
8 62 5184
8 63 8148
8 64 6391
8 65 2863
8 67 6179
8 70 6673
8 72 4629
8 73 2284
8 74 1061
8 75 2104
8 76 7405
8 77 357
8 78 3635
8 79 269
8 80 4709
8 81 1361
8 83 68
8 84 1805
8 86 842
8 87 6325
8 89 3183
8 90 1454
8 91 7276
8 93 9126
8 95 6542
8 96 4563
8 97 8921
8 98 2910
8 99 4592
8 100 726
9 11 5667
9 12 9523
9 15 7590
9 17 2047
9 18 6814
9 19 6528
9 20 7878
9 22 8173
9 27 7632
9 28 16
9 29 4074
9 30 3516
9 34 9745
9 35 6574
9 38 6330
9 39 8187
9 41 8426
9 42 1498
9 43 9370
9 46 3186
9 48 5460
9 52 1355
9 53 8408
9 54 6748
9 57 8282
9 59 5087
9 60 4578
9 62 5686
9 64 728
9 68 8647
9 69 7093
9 72 4550
9 73 2782
9 75 8634
9 76 8657
9 78 2344
9 79 7921
9 80 2883
9 81 4596
9 82 9692
9 83 9915
9 84 8348
9 85 5679
9 87 7198
9 90 828
9 95 2083
9 97 8002
9 98 2263
9 99 7114
9 100 2198
10 12 8769
10 13 9358
10 14 3216
10 16 2042
10 18 8641
10 19 3424
10 21 3431
10 22 2519
10 23 5505
10 25 2607
10 26 1672
10 27 2832
10 28 6190
10 30 6866
10 34 2918
10 36 5485
10 37 1627
10 40 1123
10 41 5017
10 42 2668
10 44 6100
10 45 8736
10 46 251
10 47 4749
10 50 7722
10 51 5698
10 54 301
10 56 9866
10 57 2219
10 59 5291
10 60 7745
10 61 4569
10 63 3659
10 66 5797
10 67 606
10 68 9369
10 69 6982
10 71 1628
10 73 824
10 80 6420
10 81 8647
10 82 7119
10 83 3775
10 84 8703
10 85 9174
10 87 4803
10 91 2123
10 92 1348
10 93 2438
10 94 142
10 97 4617
10 98 2003
10 99 6338
10 100 9934
11 12 3565
11 15 5285
11 17 7618
11 18 4400
11 19 1207
11 20 227
11 21 2976
11 22 914
11 26 7763
11 28 9794
11 30 1532
11 32 9855
11 34 7086
11 35 6513
11 37 2346
11 39 6516
11 40 3438
11 42 4575
11 43 2966
11 44 3626
11 45 2322
11 46 895
11 48 4614
11 49 320
11 53 9840
11 54 9915
11 56 2685
11 57 9241
11 58 9277
11 60 2254
11 62 9863
11 63 8693
11 65 4203
11 66 9175
11 67 5945
11 68 3834
11 70 8160
11 71 266
11 74 8416
11 76 997
11 77 473
11 78 4642
11 79 4504
11 83 9999
11 84 7464
11 85 8698
11 86 6661
11 89 3454
11 90 628
11 91 3568
11 93 9806
11 95 8415
11 96 3119
11 97 6212
11 99 6028
12 13 5493
12 14 2019
12 15 6231
12 17 6115
12 21 7089
12 23 7994
12 24 9223
12 25 4670
12 27 3408
12 28 8380
12 29 748
12 32 9555
12 33 1167
12 34 2098
12 35 4147
12 36 8951
12 37 8265
12 38 2010
12 40 5448
12 42 2545
12 43 2056
12 46 8316
12 47 2395
12 48 9123
12 49 5861
12 50 9917
12 52 6156
12 55 9051
12 56 148
12 57 4301
12 58 7740
12 62 2894
12 65 2276
12 70 1445
12 73 3148
12 74 967
12 75 37
12 76 4839
12 77 1580
12 78 3002
12 79 977
12 81 3015
12 82 5102
12 85 9459
12 86 2095
12 87 9319
12 88 8229
12 89 645
12 90 5410
12 94 4015
12 95 9331
12 96 6447
12 98 5675
12 100 8112
13 14 5295
13 15 6372
13 16 8966
13 18 6126
13 22 168
13 23 9952
13 24 4852
13 25 9664
13 26 9572
13 27 1612
13 28 5555
13 29 3386
13 31 908
13 35 3893
13 36 2772
13 37 9775
13 38 1392
13 40 6661
13 41 2898
13 42 8437
13 43 311
13 46 5158
13 47 8529
13 50 2512
13 51 5163
13 52 7926
13 53 2456
13 54 5726
13 56 3126
13 58 7439
13 59 2852
13 61 8460
13 62 579
13 63 7534
13 64 9513
13 66 7029
13 67 6116
13 68 1554
13 69 281
13 72 7800
13 75 200
13 77 6531
13 78 4757
13 79 1660
13 81 5306
13 82 8648
13 83 1828
13 84 1350
13 85 1999
13 87 5694
13 88 1402
13 91 8649
13 92 1792
13 93 1640
13 94 3483
13 95 1018
13 97 50
13 98 1202
13 99 4156
14 15 5976
14 16 9481
14 17 5577
14 18 8630
14 19 6613
14 21 4684
14 27 3117
14 28 4606
14 31 8078
14 33 9785
14 34 5955
14 35 9137
14 36 8560
14 38 33
14 39 7653
14 41 6148
14 42 6808
14 45 9730
14 48 2055
14 49 8938
14 50 3708
14 51 1805
14 54 975
14 55 9948
14 56 5203
14 58 6612
14 59 5862
14 60 7560
14 61 4152
14 64 53
14 66 5305
14 70 8150
14 74 121
14 76 3332
14 77 6625
14 78 3187
14 81 2565
14 86 2742
14 87 3723
14 88 7007
14 89 4613
14 92 9082
14 93 1406
14 96 3767
14 97 6517
14 99 6647
15 16 1458
15 17 4709
15 18 5685
15 21 9028
15 23 166
15 24 6469
15 25 3021
15 26 5063
15 28 3198
15 29 9138
15 30 1616
15 32 7136
15 34 3920
15 35 9507
15 37 171
15 38 2104
15 40 5676
15 41 3727
15 42 2957
15 44 8455
15 45 3009
15 46 4379
15 49 5608
15 51 1877
15 55 3520
15 56 1761
15 57 2187
15 59 929
15 60 496
15 61 4582
15 62 1202
15 63 2634
15 64 4500
15 66 3856
15 68 7967
15 69 4821
15 73 7301
15 75 6397
15 77 5450
15 78 8136
15 79 3545
15 80 3125
15 82 1058
15 83 3998
15 84 6781
15 85 7132
15 87 3434
15 88 1697
15 89 6597
15 90 8719
15 91 7006
15 92 3014
15 93 6955
15 94 2242
15 95 7429
15 97 5084
15 98 45
16 19 929
16 20 4575
16 21 7907
16 23 6715
16 24 3295
16 25 5309
16 26 4257
16 27 3047
16 28 9143
16 29 1691
16 30 1848
16 32 8579
16 33 581
16 35 6007
16 36 9453
16 37 8256
16 38 9324
16 39 7447
16 40 7997
16 41 7985
16 43 5621
16 44 7294
16 45 6559
16 46 9429
16 48 7859
16 51 7475
16 53 8600
16 55 2500
16 58 7101
16 59 5177
16 60 9254
16 61 8077
16 62 3006
16 65 5951
16 66 4917
16 67 6677
16 70 8919
16 71 5052
16 73 5997
16 77 3080
16 79 9157
16 80 3158
16 81 6537
16 83 7277
16 84 2291
16 85 4293
16 86 108
16 87 4677
16 89 7068
16 90 3947
16 92 7233
16 93 7012
16 97 6510
16 98 8407
17 19 9982
17 20 8556
17 22 1411
17 24 3500
17 28 9713
17 29 5118
17 30 6575
17 31 5529
17 32 5972
17 33 6197
17 35 6573
17 36 5318
17 37 7909
17 38 795
17 39 4787
17 41 6933
17 42 6686
17 43 8594
17 44 7566
17 47 1637
17 49 4146
17 50 4088
17 51 803
17 52 1079
17 53 6193
17 54 2631
17 55 1029
17 56 8721
17 58 5504
17 59 368
17 62 5602
17 65 1024
17 67 8797
17 68 413
17 69 7435
17 70 3003
17 71 5351
17 72 3345
17 74 9641
17 75 644
17 78 6378
17 79 3782
17 84 1418
17 85 5558
17 86 7553
17 88 5089
17 89 6884
17 90 9012
17 97 8900
17 99 6093
17 100 7239
18 19 3656
18 20 6441
18 21 6788
18 22 6192
18 24 3595
18 28 6727
18 29 4285
18 30 1533
18 32 4816
18 33 7931
18 34 9724
18 35 3
18 36 4769
18 41 5131
18 42 4655
18 44 2530
18 45 8327
18 46 9784
18 47 6667
18 48 7781
18 49 5696
18 50 8104
18 51 8669
18 53 7368
18 54 831
18 55 9939
18 56 9151
18 60 3939
18 61 1976
18 63 8901
18 64 1936
18 65 5362
18 66 9741
18 67 6908
18 68 9933
18 69 6857
18 70 677
18 71 9793
18 75 9244
18 76 3182
18 77 5885
18 79 7451
18 80 963
18 81 1342
18 82 9392
18 84 560
18 85 1672
18 88 5293
18 90 567
18 91 332
18 94 1604
18 96 4436
18 98 548
18 99 681
19 23 5758
19 28 8517
19 29 5189
19 31 1608
19 33 7908
19 34 3480
19 36 6456
19 39 3481
19 40 3264
19 41 1782
19 42 3457
19 43 9078
19 44 529
19 45 5390
19 46 4089
19 49 2372
19 50 8406
19 53 2469
19 54 3127
19 56 2797
19 57 6736
19 58 9368
19 59 3686
19 63 4536
19 64 6152
19 65 5534
19 68 7186
19 70 2803
19 72 4040
19 73 2191
19 74 5334
19 76 5524
19 78 7678
19 82 5646
19 83 4594
19 84 6556
19 85 6603
19 86 3548
19 87 4629
19 91 9608
19 92 5163
19 96 645
19 97 4499
20 21 1986
20 22 9951
20 24 2346
20 27 7101
20 28 2496
20 29 9856
20 30 961
20 32 9113
20 33 3217
20 34 5984
20 37 9925
20 38 5988
20 39 9367
20 42 6220
20 43 669
20 48 7456
20 50 2970
20 51 6273
20 53 1614
20 55 5486
20 56 3516
20 58 1735
20 59 377
20 60 5935
20 66 6103
20 67 8049
20 68 7059
20 69 674
20 70 1094
20 74 585
20 77 8074
20 79 778
20 80 828
20 82 8422
20 84 280
20 85 5124
20 86 222
20 89 3688
20 90 9308
20 92 5031
20 94 6464
20 95 2414
20 96 8018
20 97 5932
20 98 2410
20 99 8690
20 100 1381
21 22 3434
21 23 3030
21 24 9269
21 27 3625
21 30 5901
21 31 5945
21 32 7191
21 33 5384
21 34 8413
21 36 1494
21 37 7643
21 38 7850
21 40 6714
21 42 2790
21 44 4348
21 45 7281
21 47 6327
21 48 8118
21 51 1149
21 52 7163
21 53 2181
21 56 9264
21 58 6936
21 59 1854
21 60 7280
21 62 4693
21 64 3632
21 66 995
21 68 618
21 71 2370
21 72 7118
21 74 8559
21 75 3091
21 77 7158
21 81 7324
21 83 6882
21 85 8311
21 86 5120
21 88 4052
21 89 9406
21 90 7863
21 91 3699
21 95 7918
21 96 4316
21 97 705
21 98 1494
21 99 9581
21 100 6317
22 23 5559
22 25 6719
22 26 7420
22 29 932
22 32 8517
22 33 6301
22 34 5063
22 36 1291
22 37 373
22 40 7605
22 42 3889
22 45 8912
22 46 5135
22 48 5154
22 49 173
22 51 28
22 52 2438
22 53 6891
22 55 606
22 56 6810
22 59 7607
22 61 6468
22 62 4744
22 63 5849
22 66 7209
22 70 5215
22 72 1851
22 73 3388
22 79 2642
22 80 1553
22 81 5172
22 83 145
22 84 5443
22 87 2732
22 88 2888
22 91 843
22 93 2146
22 94 7253
22 95 8657
22 99 8582
23 24 9256
23 26 6686
23 32 7634
23 33 4207
23 34 7110
23 37 5603
23 38 8095
23 39 6017
23 40 6353
23 41 5928
23 46 5816
23 47 5580
23 48 2945
23 49 7499
23 50 6651
23 51 406
23 52 9282
23 55 4636
23 58 3265
23 61 4903
23 63 9659
23 64 118
23 66 3289
23 67 8040
23 69 4831
23 70 4476
23 71 6988
23 73 5566
23 74 8648
23 76 9151
23 77 9155
23 79 4454
23 81 5277
23 82 8473
23 83 3216
23 84 6671
23 89 1336
23 92 2711
23 94 6875
23 95 1649
23 98 4071
23 99 5418
23 100 8118
24 25 5975
24 26 6426
24 27 2475
24 29 7374
24 31 5747
24 32 6796
24 33 9511
24 35 2982
24 37 5405
24 39 7464
24 40 552
24 41 9375
24 42 7473
24 45 6921
24 46 3431
24 47 2966
24 49 5289
24 50 9078
24 55 1499
24 59 8894
24 61 9758
24 62 6847
24 63 3184
24 64 399
24 67 3978
24 68 9214
24 69 5561
24 70 3529
24 73 6097
24 74 1955
24 75 9050
24 76 9753
24 78 7817
24 79 6615
24 81 3099
24 82 4981
24 84 9325
24 85 6509
24 86 9552
24 87 4140
24 89 191
24 90 576
24 91 5339
24 92 6658
24 93 906
24 95 8197
24 96 5187
24 97 1285
24 98 2538
24 100 3671
25 27 8642
25 30 3623
25 31 6281
25 35 5966
25 36 5968
25 38 9596
25 39 6350
25 40 25
25 41 7201
25 44 3281
25 47 8643
25 48 2733
25 49 669
25 50 3197
25 51 1271
25 53 1593
25 56 5753
25 60 235
25 61 9625
25 62 9489
25 63 1157
25 65 4245
25 66 3512
25 67 6421
25 68 9881
25 69 3344
25 71 2991
25 72 9745
25 73 9782
25 74 6774
25 76 4126
25 80 5695
25 81 97
25 82 2970
25 83 79
25 86 9568
25 87 5174
25 88 7263
25 89 743
25 91 8019
25 93 7894
25 97 6700
25 98 2454
25 100 3020
26 27 2654
26 30 1612
26 33 5273
26 34 9588
26 35 1485
26 36 1504
26 38 9769
26 40 8354
26 44 7777
26 45 8576
26 46 7503
26 48 8399
26 49 271
26 51 7564
26 53 1294
26 55 6098
26 58 6948
26 59 5229
26 60 5038
26 63 2014
26 64 7633
26 65 277
26 66 1477
26 67 9292
26 68 5470
26 69 7032
26 70 7827
26 74 9053
26 77 2995
26 79 9908
26 80 5339
26 81 6077
26 84 5306
26 86 1444
26 87 8105
26 88 5237
26 90 6224
26 91 2349
26 93 9920
26 94 6606
26 96 7644
26 99 2171
26 100 5801
27 28 2736
27 30 7820
27 31 5748
27 34 8126
27 37 421
27 38 4642
27 39 5514
27 41 7625
27 42 710
27 43 5649
27 44 7410
27 48 4364
27 50 5400
27 51 4251
27 52 4762
27 53 8620
27 56 8466
27 57 7555
27 58 2063
27 61 3149
27 63 4104
27 65 8982
27 66 7674
27 67 4549
27 68 2286
27 69 3137
27 71 4560
27 72 7658
27 74 2774
27 77 3244
27 78 9822
27 79 5095
27 80 7060
27 81 7610
27 82 7244
27 83 5499
27 84 9389
27 86 6686
27 88 5480
27 91 346
27 95 15
27 96 4541
27 99 1874
27 100 7476
28 29 5367
28 30 8870
28 31 1178
28 34 2585
28 35 5449
28 36 4412
28 45 8506
28 47 3628
28 53 7171
28 56 7424
28 57 9203
28 60 5145
28 61 9574
28 62 9906
28 64 4644
28 65 7357
28 67 2893
28 68 5836
28 71 4813
28 73 2929
28 75 5392
28 79 852
28 83 2802
28 84 943
28 85 1790
28 86 5896
28 87 9887
28 90 9192
28 92 52
28 93 573
28 94 2780
28 95 7882
28 97 4709
29 30 1387
29 31 3848
29 35 686
29 36 655
29 37 1227
29 39 7913
29 40 4187
29 42 7959
29 43 9964
29 44 9275
29 45 3795
29 48 7579
29 50 1081
29 52 1803
29 61 4687
29 62 3780
29 64 7708
29 65 2553
29 66 7828
29 67 1671
29 68 7344
29 70 722
29 72 2581
29 75 7397
29 77 1108
29 78 67
29 81 1711
29 84 671
29 85 8514
29 87 3049
29 88 8597
29 90 8822
29 92 7129
29 93 273
29 94 6657
29 97 1141
29 98 8298
30 31 1572
30 32 466
30 33 8110
30 34 5137
30 35 9387
30 36 4061
30 41 8698
30 43 2340
30 50 3034
30 51 8013
30 54 8352
30 55 120
30 57 9091
30 58 8532
30 59 2815
30 61 4607
30 62 7424
30 63 3496
30 68 8531
30 70 807
30 71 1064
30 73 3144
30 74 5483
30 76 6788
30 77 6599
30 78 3022
30 80 7012
30 81 7465
30 82 4108
30 83 1762
30 85 4774
30 86 9915
30 88 6342
30 90 396
30 91 9778
30 93 8823
30 94 2096
30 97 7667
30 98 3522
30 99 941
31 33 3777
31 34 4987
31 35 1120
31 36 7339
31 39 3752
31 40 6681
31 41 5801
31 42 5572
31 43 371
31 44 9914
31 45 1527
31 47 2535
31 48 9963
31 51 3631
31 52 3849
31 54 2517
31 56 1355
31 58 4031
31 59 5869
31 60 2567
31 65 7839
31 66 7048
31 67 916
31 68 1678
31 69 7981
31 70 5336
31 71 8938
31 72 4761
31 74 123
31 75 2798
31 76 5335
31 79 5811
31 80 3399
31 81 3759
31 82 1055
31 84 6829
31 86 7616
31 88 1187
31 90 9189
31 92 3019
31 93 2657
31 94 5937
31 95 1989
31 97 9728
31 98 1400
31 100 4647
32 34 5244
32 35 9416
32 36 8202
32 38 388
32 39 9440
32 40 3249
32 42 2401
32 44 9038
32 45 3309
32 46 2380
32 49 1755
32 50 3540
32 51 7000
32 52 3295
32 53 8709
32 54 9489
32 55 9493
32 56 4958
32 57 6443
32 59 8204
32 61 6937
32 63 2260
32 64 2078
32 67 8447
32 70 1216
32 72 8300
32 73 2159
32 76 6622
32 80 7544
32 81 2181
32 84 169
32 85 3625
32 88 7860
32 89 1594
32 90 9231
32 91 4995
32 92 3870
32 94 717
32 95 3855
32 96 8113
32 100 355
33 34 2112
33 35 712
33 37 5702
33 39 3857
33 43 9720
33 45 7655
33 47 5997
33 51 482
33 52 7578
33 53 8541
33 54 392
33 56 2814
33 57 4469
33 59 5292
33 60 8533
33 62 4542
33 64 6714
33 65 7442
33 66 4041
33 67 7425
33 68 9887
33 69 2611
33 71 8282
33 72 9177
33 73 6130
33 75 6479
33 76 3418
33 77 950
33 79 3181
33 80 4878
33 81 5160
33 83 8119
33 84 3737
33 85 4140
33 87 2504
33 90 9153
33 92 8360
33 93 3032
33 94 8199
33 95 1511
33 96 6775
33 100 3985
34 35 7925
34 36 1601
34 37 479
34 38 8096
34 41 7227
34 44 5923
34 47 6529
34 48 9830
34 49 3035
34 51 3538
34 52 3114
34 53 8862
34 54 1178
34 59 7327
34 60 8009
34 61 3629
34 62 6059
34 63 3941
34 64 8831
34 66 9351
34 67 7704
34 68 9502
34 70 6510
34 71 4639
34 72 658
34 74 5414
34 76 1744
34 77 1822
34 78 9545
34 79 5145
34 80 6635
34 85 7213
34 87 4583
34 88 2660
34 89 8248
34 91 7000
34 92 6839
34 93 2286
34 95 988
34 96 3610
34 99 2665
34 100 6507
35 37 6150
35 39 3755
35 40 5671
35 41 6117
35 43 1657
35 44 6440
35 45 4912
35 46 5260
35 49 6069
35 51 7874
35 52 4275
35 53 8005
35 54 7342
35 59 2548
35 61 9139
35 63 59
35 65 2671
35 68 5570
35 69 2443
35 70 1072
35 71 3292
35 73 9597
35 75 7702
35 76 603
35 77 507
35 78 1749
35 79 8186
35 80 8133
35 83 4954
35 86 5424
35 88 3170
35 89 569
35 91 9801
35 92 3462
35 95 5898
35 97 8428
35 98 5844
35 99 41
36 38 4424
36 39 6954
36 41 9555
36 44 8870
36 45 9448
36 47 9803
36 48 9609
36 52 8985
36 53 8200
36 54 8
36 55 6660
36 56 2343
36 60 1370
36 62 4823
36 66 7678
36 67 694
36 69 9357
36 70 1699
36 71 4485
36 73 6855
36 77 5753
36 78 1801
36 79 3872
36 80 7641
36 83 8749
36 85 8431
36 88 8892
36 91 7013
36 93 1362
36 100 9999
37 41 6181
37 42 1595
37 43 9420
37 44 5547
37 48 4067
37 49 7548
37 50 4856
37 51 7437
37 53 2106
37 56 3488
37 59 5058
37 61 2196
37 63 7095
37 64 5173
37 65 6761
37 66 458
37 67 6876
37 70 3770
37 71 5596
37 72 1390
37 73 5609
37 74 6284
37 76 2323
37 77 2599
37 82 3810
37 84 2601
37 85 1042
37 87 6173
37 90 9477
37 92 562
37 93 7219
37 94 6206
37 95 9867
37 96 3178
37 98 9699
37 99 2846
38 39 8371
38 40 8945
38 41 2536
38 42 3087
38 43 7896
38 44 4667
38 47 8447
38 48 1669
38 50 8325
38 52 5828
38 53 3995
38 54 2361
38 55 4234
38 56 5193
38 57 2342
38 58 3582
38 59 9810
38 64 3273
38 65 8553
38 66 3686
38 68 1716
38 69 3409
38 70 8733
38 71 4545
38 73 882
38 75 8182
38 76 6234
38 77 486
38 79 2879
38 80 5957
38 81 3274
38 82 4112
38 83 6708
38 84 8241
38 85 7188
38 86 5481
38 88 8407
38 90 479
38 91 9343
38 92 1695
38 93 9410
38 95 1206
38 98 8486
38 99 8559
38 100 427
39 40 5721
39 41 1138
39 46 5971
39 48 1533
39 49 6312
39 52 3964
39 53 1456
39 55 26
39 56 4007
39 58 4174
39 59 499
39 62 7178
39 63 7272
39 64 7542
39 66 6770
39 67 3227
39 69 1934
39 71 9675
39 72 826
39 75 2356
39 76 8692
39 77 1398
39 81 5717
39 82 8393
39 84 5728
39 85 7887
39 86 8279
39 89 7254
39 90 9511
39 92 4359
39 94 5298
39 95 2191
39 96 714
39 98 6829
39 99 997
39 100 7737
40 41 1614
40 43 3270
40 45 8492
40 46 7834
40 47 1944
40 49 9734
40 50 3597
40 52 3238
40 58 1342
40 59 2356
40 60 3143
40 63 5101
40 64 9750
40 66 9094
40 67 6417
40 68 9991
40 71 1534
40 74 1598
40 75 5001
40 78 6227
40 80 3731
40 81 5795
40 82 9505
40 83 6396
40 86 5821
40 87 1788
40 89 7345
40 90 8499
40 92 9320
40 93 5288
40 94 8125
40 96 9226
40 98 7636
41 42 2066
41 44 9318
41 45 870
41 47 2802
41 51 2566
41 54 2731
41 55 8333
41 56 932
41 57 9307
41 58 9824
41 59 8435
41 60 2450
41 62 9165
41 66 5839
41 69 4260
41 71 4121
41 72 4377
41 74 3274
41 78 246
41 80 5819
41 82 9227
41 83 2460
41 85 3275
41 86 2452
41 88 9117
41 89 1470
41 90 9573
41 91 8193
41 93 2428
41 94 1842
41 95 3366
41 96 5815
41 97 7795
41 98 1846
41 99 7471
41 100 4768
42 43 484
42 45 3376
42 47 3621
42 51 8178
42 53 3370
42 54 7410
42 57 5008
42 59 4837
42 60 9402
42 62 7923
42 63 8368
42 64 2361
42 65 8431
42 66 6098
42 67 2461
42 69 6144
42 70 4026
42 71 6346
42 72 8463
42 75 8800
42 76 2684
42 78 6609
42 79 6514
42 80 760
42 81 2309
42 82 5625
42 83 8901
42 84 9476
42 85 6039
42 87 7669
42 89 7798
42 91 8286
42 95 8927
42 96 118
42 97 4574
42 100 1786
43 44 7772
43 46 3600
43 47 2122
43 49 7239
43 51 8864
43 52 4985
43 54 3937
43 56 8216
43 61 441
43 62 8648
43 65 4742
43 67 8351
43 68 7141
43 73 3399
43 76 7475
43 77 146
43 79 8926
43 80 1006
43 83 8021
43 84 1150
43 85 8257
43 86 1750
43 87 302
43 89 5298
43 90 5638
43 91 1290
43 92 5694
43 94 9426
43 95 5023
43 96 8619
43 97 1155
43 98 5430
43 99 9683
43 100 7922
44 45 7336
44 46 7804
44 47 5980
44 49 7632
44 51 7536
44 52 4064
44 53 1345
44 54 2277
44 55 1706
44 56 4278
44 57 9391
44 60 6711
44 61 6267
44 63 449
44 64 3559
44 65 5735
44 67 5283
44 68 9953
44 69 6255
44 71 3408
44 73 9253
44 74 7546
44 76 3256
44 77 1691
44 82 2958
44 83 5240
44 85 672
44 88 4191
44 89 6877
44 90 3395
44 91 8350
44 92 9835
44 93 2271
44 95 6086
44 98 4564
44 99 2752
45 47 2907
45 48 3575
45 49 9289
45 50 3876
45 51 3490
45 53 7113
45 57 8059
45 58 3012
45 59 2968
45 60 4237
45 62 5416
45 63 7919
45 64 2914
45 66 9145
45 68 8973
45 71 9060
45 72 8323
45 75 2630
45 76 4047
45 77 576
45 79 4268
45 81 509
45 82 4266
45 84 3802
45 85 9020
45 86 803
45 87 1409
45 88 2155
45 89 5421
45 91 2828
45 92 2051
45 94 202
45 95 1355
45 96 452
45 97 5162
45 98 4829
46 47 3576
46 48 3193
46 49 3877
46 51 7370
46 53 8110
46 55 1084
46 57 1852
46 58 8929
46 59 8419
46 60 1271
46 62 955
46 63 7512
46 64 4262
46 65 7008
46 68 2721
46 69 2655
46 70 8541
46 72 8873
46 74 4752
46 76 6822
46 77 3645
46 78 6571
46 79 8394
46 80 2862
46 81 9276
46 82 1918
46 83 8578
46 84 1326
46 85 9448
46 86 8446
46 88 6023
46 91 6942
46 93 3936
46 95 3687
46 98 1067
46 100 9326
47 48 4275
47 49 9720
47 52 8522
47 55 7181
47 57 5766
47 58 7296
47 59 2734
47 60 2670
47 63 7284
47 68 814
47 72 8707
47 73 4401
47 74 1593
47 76 5904
47 77 3259
47 78 7528
47 79 9066
47 80 5626
47 82 1970
47 83 5021
47 85 9314
47 86 819
47 88 2300
47 90 1984
47 91 9118
47 94 4438
47 96 6804
47 97 3880
47 99 782
47 100 7000
48 49 1956
48 50 6468
48 51 5553
48 54 2514
48 59 3438
48 60 457
48 61 9580
48 62 6489
48 65 8062
48 66 1536
48 67 795
48 68 5737
48 70 7068
48 71 1956
48 73 4619
48 74 8345
48 77 2130
48 78 9542
48 79 1831
48 81 4819
48 83 2928
48 84 4030
48 85 6160
48 86 1612
48 87 8420
48 88 7072
48 90 159
48 91 473
48 92 7124
48 93 8933
48 94 9205
48 95 811
48 97 6061
48 100 7505
49 50 1542
49 51 320
49 53 8393
49 54 6918
49 55 5304
49 56 3651
49 58 6692
49 59 3670
49 60 2921
49 62 3542
49 63 2576
49 67 3191
49 68 7069
49 71 3350
49 73 3721
49 75 5779
49 77 1942
49 78 1282
49 81 9484
49 82 2296
49 83 8026
49 84 8341
49 85 2446
49 86 2675
49 87 5047
49 88 6095
49 90 8251
49 92 3283
49 93 8486
49 95 4001
49 96 1446
49 97 6203
49 99 231
49 100 5910
50 52 5882
50 53 4110
50 55 9736
50 57 4193
50 58 9995
50 60 6158
50 61 4038
50 62 2378
50 63 732
50 64 3603
50 65 5162
50 67 2099
50 68 8166
50 70 8794
50 71 7242
50 75 5928
50 76 3281
50 77 2794
50 78 1406
50 79 4304
50 80 7180
50 81 2853
50 83 7553
50 84 989
50 85 9388
50 89 6706
50 90 6789
50 91 9731
50 92 7420
50 93 2569
50 95 8181
50 98 3823
50 99 2123
50 100 9372
51 52 207
51 53 9013
51 55 1886
51 56 7202
51 62 2737
51 63 8635
51 64 6281
51 65 1697
51 66 5250
51 70 4569
51 73 6982
51 74 706
51 78 3417
51 79 7667
51 80 2440
51 82 438
51 84 5331
51 85 353
51 87 2556
51 88 1872
51 89 2777
51 90 2200
51 92 8972
51 94 3209
51 95 9427
51 97 1751
51 99 7526
51 100 8395
52 53 7977
52 55 7403
52 57 171
52 58 5293
52 61 3216
52 62 2301
52 65 2461
52 66 8792
52 72 406
52 73 5283
52 74 5426
52 79 3643
52 80 2730
52 82 1338
52 83 1046
52 86 8485
52 87 7565
52 89 9497
52 91 9062
52 94 6078
52 95 7392
52 97 1638
52 98 6378
52 99 485
52 100 2723
53 54 4611
53 55 6571
53 56 7324
53 57 8135
53 58 6926
53 59 9915
53 61 5623
53 62 4278
53 63 2237
53 64 6689
53 65 494
53 67 9018
53 68 3477
53 72 4878
53 74 6532
53 75 2055
53 76 3408
53 77 5793
53 82 2946
53 84 7028
53 85 361
53 86 8435
53 88 4552
53 90 7566
53 91 8177
53 92 5131
53 93 7630
53 94 4148
53 95 1370
53 97 9835
54 56 4079
54 61 4755
54 63 5094
54 64 2563
54 65 1535
54 66 1052
54 67 4115
54 69 2642
54 70 8213
54 72 3536
54 73 9534
54 74 3725
54 75 9639
54 77 9045
54 78 6221
54 79 7825
54 81 5266
54 82 630
54 83 6308
54 86 5067
54 87 9363
54 88 3998
54 89 1179
54 90 6697
54 91 9257
54 92 6848
54 93 5392
54 94 9947
54 95 1611
54 96 4595
54 97 9880
54 98 7985
54 99 2421
54 100 3056
55 56 4484
55 57 3642
55 60 5881
55 61 981
55 62 533
55 63 9807
55 65 6164
55 66 607
55 70 6945
55 71 2936
55 72 7097
55 74 3776
55 75 2087
55 76 1354
55 77 6822
55 78 1540
55 81 5076
55 82 5705
55 83 4325
55 84 9840
55 87 4788
55 88 3019
55 90 3662
55 94 934
55 95 6859
55 97 3453
55 99 1028
55 100 1090
56 59 6488
56 61 7269
56 62 4770
56 64 5687
56 65 7438
56 67 1163
56 68 9365
56 69 5791
56 71 2559
56 72 5128
56 73 745
56 74 2025
56 75 7434
56 76 965
56 77 6422
56 78 4838
56 79 1184
56 80 5773
56 81 3363
56 82 2036
56 83 4091
56 84 5897
56 87 9969
56 89 3245
56 92 7593
56 97 9203
56 98 8393
56 100 6787
57 59 7999
57 60 8796
57 61 4791
57 62 7044
57 66 9667
57 68 6149
57 71 3214
57 73 2621
57 74 1315
57 75 899
57 76 601
57 78 3532
57 79 8546
57 80 3514
57 82 8251
57 85 7412
57 86 6822
57 87 2021
57 88 9476
57 89 9782
57 90 3405
57 91 1659
57 92 6833
57 94 7258
57 95 3706
57 96 5562
57 98 9471
57 99 3752
57 100 8653
58 59 4357
58 60 1590
58 61 8207
58 62 9032
58 64 6196
58 67 5
58 68 1939
58 70 4037
58 72 7111
58 73 1911
58 75 2589
58 77 2361
58 78 5030
58 79 8317
58 80 1242
58 81 4336
58 82 4898
58 83 6592
58 84 6569
58 85 3725
58 86 2739
58 90 7252
58 91 2217
58 93 1448
58 95 5496
58 96 5970
58 98 4461
58 100 9867
59 61 3193
59 62 6861
59 63 438
59 64 6982
59 66 9690
59 67 655
59 68 4238
59 69 9032
59 70 283
59 71 9066
59 73 8712
59 75 1132
59 78 3667
59 81 5980
59 82 1364
59 85 1533
59 87 8090
59 88 1337
59 91 3682
59 92 5979
59 93 1815
59 97 3332
59 99 2879
59 100 251
60 63 9639
60 64 8648
60 65 939
60 66 7475
60 68 1407
60 70 1136
60 72 3989
60 74 2993
60 76 234
60 77 8698
60 79 3942
60 80 124
60 81 7691
60 82 5246
60 84 3225
60 85 4919
60 86 3502
60 91 6713
60 93 4276
60 95 815
60 100 7230
61 63 3273
61 64 6058
61 65 8814
61 66 2626
61 67 1147
61 68 8569
61 70 3528
61 71 5414
61 72 2921
61 73 5419
61 74 8525
61 76 3572
61 77 7070
61 78 7234
61 80 6122
61 81 863
61 82 627
61 83 4558
61 84 7494
61 85 3610
61 87 830
61 88 4501
61 89 5182
61 92 3694
61 95 1848
61 97 4041
61 98 1086
61 99 2690
61 100 7365
62 63 2127
62 64 4673
62 66 9123
62 67 118
62 71 2688
62 72 8338
62 73 1537
62 74 7828
62 76 6457
62 78 796
62 82 8191
62 83 8464
62 84 1149
62 85 1385
62 86 5423
62 88 8614
62 89 7826
62 90 9608
62 91 3848
62 93 3095
62 94 2028
62 95 8725
62 97 4100
62 98 6891
62 99 303
63 68 8050
63 69 3657
63 72 3648
63 73 2285
63 74 3486
63 75 8434
63 76 4010
63 77 3273
63 78 1061
63 79 211
63 82 6
63 83 2780
63 87 8017
63 88 5782
63 89 8402
63 90 4099
63 92 8844
63 95 3050
63 97 5830
63 99 6287
63 100 3100
64 65 7081
64 66 7951
64 70 2209
64 74 6853
64 75 6001
64 77 2660
64 78 6789
64 79 8554
64 80 4758
64 81 213
64 82 7008
64 83 7983
64 85 736
64 90 510
64 91 5468
64 92 4793
64 93 445
64 94 1722
64 96 4117
64 97 6663
64 98 7999
64 100 1735
65 70 6324
65 72 4663
65 74 3272
65 75 6180
65 76 9429
65 77 3956
65 79 9521
65 82 1753
65 83 6201
65 86 5211
65 87 9361
65 89 7317
65 92 4122
65 93 3369
65 94 850
65 95 4773
65 97 7280
65 99 7775
65 100 3195
66 70 282
66 73 2864
66 75 6971
66 76 4899
66 78 2555
66 79 5100
66 80 8430
66 81 2378
66 82 4758
66 83 3588
66 86 1411
66 87 6863
66 88 5377
66 91 2057
66 92 5205
66 96 6131
66 99 8297
67 68 6999
67 69 8839
67 70 3798
67 71 3197
67 72 4060
67 74 6219
67 75 3853
67 76 9053
67 78 5052
67 80 3831
67 82 2128
67 83 2583
67 85 1932
67 87 7576
67 88 2154
67 89 435
67 93 6802
67 95 6471
67 96 9850
67 97 6532
68 69 1729
68 70 5888
68 71 536
68 72 1502
68 74 9673
68 75 2659
68 77 8118
68 78 8576
68 80 8791
68 83 7787
68 84 7884
68 85 1226
68 87 5077
68 88 5677
68 89 3023
68 90 2237
68 96 7584
68 97 9092
68 99 1195
68 100 1195
69 70 7599
69 71 4059
69 74 8325
69 76 392
69 77 8451
69 79 4952
69 81 5797
69 82 682
69 84 2709
69 87 3856
69 88 8980
69 91 3706
69 92 7491
69 94 1828
69 96 2702
69 97 3238
69 98 2746
69 99 7420
70 71 3413
70 72 8416
70 73 5555
70 77 8371
70 78 3916
70 79 1370
70 81 9975
70 82 1339
70 83 1473
70 84 4992
70 85 6117
70 86 9545
70 87 5470
70 89 1854
70 90 3520
70 91 8099
70 92 662
70 93 4802
70 94 4179
70 96 7604
70 98 7915
70 99 3826
71 73 8978
71 75 717
71 80 4321
71 81 3537
71 83 8079
71 84 3395
71 85 4372
71 86 9044
71 89 7514
71 90 5303
71 91 7910
71 92 9991
71 93 6610
71 95 7067
71 96 8205
71 97 4156
71 98 7873
71 99 1203
71 100 3493
72 74 4776
72 75 1878
72 79 882
72 82 6514
72 83 3691
72 84 3295
72 87 7707
72 89 7597
72 90 1644
72 91 682
72 93 5128
72 96 2186
72 98 1455
72 100 2601
73 74 2052
73 75 7678
73 76 9369
73 79 6068
73 81 533
73 82 7591
73 84 8724
73 86 5092
73 89 2952
73 90 8223
73 91 5351
73 93 4970
73 94 5006
73 95 8597
73 97 1297
73 98 9
73 99 6870
73 100 9500
74 75 1959
74 76 3489
74 77 5368
74 78 4622
74 79 8066
74 81 7580
74 82 1196
74 84 9625
74 87 770
74 89 240
74 90 8473
74 92 6538
74 93 6820
74 95 7230
74 98 9010
74 99 3150
74 100 4603
75 76 8462
75 78 7939
75 81 5586
75 85 3733
75 86 4117
75 87 2603
75 88 5170
75 89 9029
75 91 981
75 92 9840
75 93 7087
75 95 2314
75 99 8663
75 100 3519
76 79 9837
76 80 2144
76 83 6879
76 84 8224
76 85 1585
76 86 7012
76 87 6886
76 88 4204
76 89 8931
76 90 1996
76 91 6036
76 94 1313
76 95 8741
76 97 680
76 98 6923
76 99 9950
77 78 4818
77 80 6190
77 81 8996
77 82 1787
77 83 6301
77 86 7334
77 87 8905
77 88 3960
77 91 1220
77 92 7544
77 95 156
77 96 5867
77 97 1416
77 99 1124
78 79 8222
78 80 542
78 81 515
78 83 609
78 84 9688
78 85 6874
78 87 1561
78 89 5529
78 90 436
78 91 4585
78 92 6508
78 93 9384
78 94 1020
78 95 3761
78 96 8392
78 97 7806
78 99 7596
79 83 5724
79 85 397
79 86 5278
79 88 5273
79 89 3606
79 90 5923
79 91 1310
79 92 9721
79 93 8306
79 95 1197
79 96 9123
79 98 431
80 81 5684
80 82 6793
80 85 5921
80 86 4122
80 91 9199
80 93 930
80 94 3742
80 97 3420
80 98 4270
80 99 9677
80 100 5007
81 82 1685
81 86 6961
81 88 702
81 89 4797
81 91 3826
81 93 8214
81 94 9362
81 97 5853
81 98 9657
81 99 9163
81 100 9413
82 84 7269
82 86 9810
82 87 5881
82 88 2543
82 89 1156
82 91 5324
82 92 7757
82 93 8332
82 94 5142
82 96 1488
82 99 6469
82 100 5041
83 84 9272
83 85 2831
83 87 7898
83 90 3039
83 91 2846
83 95 245
83 96 7180
83 97 3301
83 98 1520
83 100 1622
84 85 2028
84 86 6626
84 87 8112
84 88 7847
84 89 6622
84 90 6753
84 91 6779
84 92 8722
84 96 989
84 97 8967
84 98 6219
84 99 4253
84 100 8011
85 87 2848
85 88 8284
85 90 9907
85 91 5800
85 92 7592
85 93 9112
85 94 6240
85 97 7719
85 98 8878
85 100 2704
86 87 721
86 88 1793
86 89 2107
86 90 1337
86 91 7891
86 93 2203
86 94 9659
86 95 5999
86 97 8362
86 98 7919
86 99 8367
87 88 3575
87 91 1642
87 97 1019
87 99 3021
87 100 329
88 89 1052
88 90 6000
88 92 9625
88 93 3446
88 94 9894
88 96 7128
88 98 6859
88 99 2232
88 100 2893
89 90 2993
89 96 2702
89 97 340
89 100 3027
90 92 2042
90 94 8974
90 95 961
90 96 753
90 100 6712
91 92 2490
91 94 2774
91 95 5545
91 99 9838
92 93 6893
92 94 5411
92 95 8295
92 96 8044
92 99 5231
93 95 5598
93 96 2214
93 99 8365
93 100 2656
94 97 1574
94 99 7432
94 100 9873
95 98 4680
95 99 638
95 100 7814
96 97 4379
96 100 1417
97 99 6449
98 99 6
99 100 4873
