500 10
203314577 -41877717
203314378 -41877902
203314460 -41878099
203314946 -41877913
203315043 -41877936
203314127 -41878233
203314972 -41878379
203314381 -41877035
203315043 -41877057
203315557 -41877859
203313608 -41878369
203313570 -41877134
203314838 -41876545
203313785 -41876648
203315789 -41876958
203314504 -41876216
203316256 -41877899
203313286 -41876541
203315147 -41879621
203314868 -41875839
203316060 -41876347
203313900 -41879914
203313521 -41879868
203312202 -41877360
203313742 -41875452
203317118 -41877363
203311915 -41877262
203317345 -41878086
203312595 -41879949
203313986 -41880760
203311458 -41877818
203316457 -41880390
203313715 -41874624
203315660 -41874599
203315884 -41881054
203314506 -41874215
203316133 -41881163
203312576 -41881057
203310767 -41878732
203318524 -41878332
203312269 -41881217
203317587 -41874906
203311364 -41874936
203317594 -41881000
203310167 -41876830
203309994 -41877240
203317849 -41874460
203309932 -41876533
203317560 -41881687
203319037 -41880037
203312451 -41882460
203319709 -41878526
203310890 -41881641
203311174 -41873607
203309351 -41876043
203319644 -41880159
203310267 -41874063
203319549 -41880769
203319652 -41880791
203320523 -41877165
203310507 -41882376
203309201 -41874693
203318825 -41882450
203320270 -41880702
203309641 -41882067
203311758 -41883791
203317493 -41871792
203308344 -41875054
203310754 -41872058
203313057 -41884652
203308497 -41874118
203321758 -41877875
203318368 -41884042
203316671 -41884907
203319688 -41883286
203312107 -41870621
203313298 -41870219
203322356 -41877991
203315016 -41885702
203319993 -41871945
203321731 -41881577
203306906 -41874867
203320977 -41872553
203306593 -41880484
203317148 -41885911
203306505 -41880834
203305909 -41876872
203318058 -41869741
203305795 -41876259
203307324 -41872460
203317251 -41869123
203321776 -41872110
203318229 -41886360
203323048 -41873780
203323867 -41875920
203305922 -41873622
203314611 -41887515
203317008 -41868326
203320941 -41885382
203322871 -41872257
203323568 -41882378
203313003 -41867734
203323168 -41872162
203315393 -41888181
203324046 -41873318
203324863 -41880300
203324377 -41873563
203308398 -41868944
203325094 -41880609
203319507 -41887639
203303567 -41876266
203322812 -41885385
203313442 -41866570
203304820 -41883741
203304052 -41873138
203325204 -41873207
203321781 -41868611
203324755 -41883753
203314564 -41865915
203305613 -41885814
203309777 -41866699
203302906 -41874199
203312449 -41889933
203323090 -41868817
203302185 -41879592
203314917 -41890410
203302672 -41882288
203312669 -41865155
203327135 -41880683
203303213 -41871468
203305749 -41868119
203324714 -41886247
203309909 -41890276
203301582 -41874470
203306795 -41888860
203315720 -41891365
203302463 -41871380
203311763 -41891329
203325256 -41868940
203304297 -41868291
203300942 -41881477
203302471 -41885267
203313409 -41863561
203319653 -41891283
203321146 -41864898
203309712 -41891587
203324793 -41888367
203308337 -41864386
203303211 -41887471
203325330 -41867377
203328422 -41883797
203328181 -41884557
203300908 -41884727
203306123 -41890700
203329106 -41872465
203327332 -41868860
203301183 -41869593
203302600 -41888142
203303610 -41866285
203303131 -41866616
203330330 -41874581
203313364 -41893971
203312890 -41861601
203312029 -41894019
203319844 -41862185
203329044 -41885921
203297898 -41876659
203302332 -41889337
203303490 -41890586
203300754 -41887737
203331658 -41877685
203322060 -41862337
203321216 -41861848
203313028 -41860482
203331988 -41879382
203303164 -41864401
203331706 -41882200
203325758 -41891650
203307049 -41894064
203298387 -41885721
203332526 -41879993
203301003 -41889960
203296258 -41877726
203297262 -41884091
203311777 -41859525
203297070 -41884150
203303825 -41893128
203307233 -41895129
203323800 -41861329
203333350 -41875009
203332186 -41870461
203320391 -41859523
203315993 -41897062
203305296 -41860769
203332000 -41886533
203333540 -41882696
203314803 -41858117
203297502 -41867758
203297133 -41887426
203329508 -41891100
203334576 -41875999
203296945 -41887705
203333311 -41870041
203320676 -41858354
203326128 -41894738
203334218 -41871662
203295488 -41885867
203321678 -41897358
203331960 -41889390
203315259 -41856827
203299362 -41863177
203330669 -41891595
203328234 -41894145
203329898 -41892736
203294432 -41870251
203328845 -41861615
203294779 -41868888
203332550 -41865506
203324041 -41897555
203296858 -41890880
203330755 -41862780
203331135 -41892582
203321725 -41898932
203330976 -41893053
203319687 -41855907
203311486 -41900205
203326826 -41896914
203292425 -41872342
203328763 -41859853
203294327 -41866874
203301479 -41858775
203327247 -41858392
203337855 -41877445
203294933 -41865071
203299645 -41859653
203328185 -41897083
203291733 -41871434
203335627 -41888885
203300948 -41897461
203298892 -41859634
203326474 -41856867
203338284 -41873049
203314469 -41853515
203338564 -41873447
203335141 -41891104
203305988 -41900874
203327314 -41856664
203301102 -41856983
203320577 -41901976
203339446 -41880183
203338037 -41886690
203335659 -41891592
203331771 -41896357
203313689 -41903200
203320724 -41902558
203336797 -41865134
203289231 -41873453
203296866 -41896594
203289637 -41884869
203295203 -41895175
203339338 -41869619
203334713 -41894554
203318552 -41903810
203339488 -41869128
203306681 -41852513
203332314 -41858008
203336289 -41893327
203315341 -41904604
203339770 -41868435
203289149 -41886946
203334562 -41859533
203318918 -41850967
203291188 -41891926
203296000 -41857657
203314036 -41850320
203286970 -41876985
203340196 -41867329
203290484 -41863912
203328985 -41901696
203331108 -41900400
203291664 -41861521
203319663 -41905549
203316085 -41906074
203310885 -41849653
203286369 -41882012
203287220 -41886218
203297237 -41854931
203343351 -41878470
203327320 -41851886
203337696 -41895297
203292459 -41896748
203318574 -41848892
203321257 -41906339
203292262 -41858652
203308774 -41848888
203340060 -41862788
203285108 -41881664
203326780 -41850637
203330483 -41903121
203288034 -41891831
203312224 -41907824
203343675 -41885831
203324237 -41906528
203300909 -41850651
203300598 -41850697
203343364 -41867491
203327510 -41905649
203291143 -41857806
203284155 -41872296
203297264 -41903543
203316880 -41846802
203336337 -41900156
203285849 -41865345
203345951 -41878467
203334081 -41853094
203345080 -41885998
203284070 -41886498
203282765 -41877162
203345174 -41886774
203308832 -41909299
203289349 -41857942
203285205 -41891053
203345240 -41887910
203328268 -41848459
203345735 -41886992
203318478 -41845451
203311438 -41845264
203282158 -41872709
203286392 -41860812
203340683 -41857653
203345874 -41867095
203333868 -41850809
203345375 -41865198
203334903 -41904304
203281460 -41872639
203289006 -41855996
203342899 -41896049
203305204 -41845335
203319855 -41911299
203289711 -41854607
203347018 -41888263
203348643 -41875008
203313825 -41843523
203288722 -41855102
203348993 -41875698
203286953 -41856956
203295319 -41848937
203281737 -41889383
203341965 -41899422
203304115 -41844409
203309002 -41843158
203306342 -41843587
203338011 -41904198
203320159 -41842861
203279775 -41870716
203329734 -41910018
203280243 -41867969
203310779 -41913415
203304496 -41843354
203339051 -41904199
203333473 -41908563
203293704 -41848225
203350563 -41873199
203343956 -41899280
203325412 -41842966
203277972 -41876804
203306072 -41842110
203342772 -41854188
203323787 -41913542
203348776 -41863740
203277512 -41875807
203312379 -41914951
203347773 -41860843
203313333 -41915195
203340925 -41851150
203346927 -41858684
203338259 -41848497
203277453 -41870598
203290197 -41906848
203351614 -41869399
203318774 -41915681
203347339 -41897427
203297593 -41843477
203288858 -41906347
203339303 -41848320
203324390 -41915142
203277505 -41866644
203282389 -41899509
203276105 -41883697
203314218 -41916814
203276481 -41868930
203289206 -41847917
203346878 -41855456
203275362 -41873814
203311692 -41838419
203302732 -41840022
203353926 -41882936
203276606 -41889803
203280974 -41856271
203319482 -41917511
203283790 -41903532
203347170 -41901320
203274343 -41880425
203298744 -41914991
203289814 -41909877
203287941 -41908473
203319899 -41918163
203324005 -41917506
203346775 -41852618
203279963 -41855811
203332693 -41914698
203343375 -41907260
203296033 -41840903
203339775 -41844981
203273094 -41879532
203274081 -41868214
203353009 -41893953
203355044 -41888215
203353766 -41863038
203273818 -41867604
203303728 -41918498
203272721 -41883335
203333251 -41915761
203328898 -41917716
203357040 -41876563
203351306 -41856267
203348595 -41852032
203357145 -41882084
203285806 -41909654
203271688 -41881162
203315572 -41920903
203316211 -41834647
203277567 -41855308
203310729 -41834584
203353906 -41896362
203355256 -41862174
203349955 -41903441
203301245 -41919543
203339366 -41914033
203358528 -41876183
203348416 -41849559
203292855 -41916320
203346696 -41908305
203273841 -41860109
203331993 -41918757
203280960 -41848483
203350329 -41904621
203314792 -41922614
203289145 -41840799
203357772 -41890367
203325295 -41834012
203357148 -41862679
203269777 -41870979
203358890 -41868025
203343397 -41913009
203269297 -41872264
203348068 -41846741
203359088 -41888525
203269784 -41867712
203315165 -41923811
203269033 -41870556
203323664 -41832521
203360843 -41878976
203349905 -41907874
203268339 -41872708
203356199 -41898734
203358618 -41893293
203279893 -41846373
203281762 -41911341
203326765 -41923202
203278522 -41847487
203310836 -41924868
203268735 -41866089
203309255 -41830713
203336876 -41835885
203307347 -41830764
203287404 -41917032
203357834 -41857517
203361867 -41870312
203362558 -41878006
203362075 -41870347
203318558 -41829781
203360133 -41861822
203266158 -41878028
203308065 -41829752
203356071 -41903086
203362922 -41883530
203276885 -41846796
203349223 -41912305
203268356 -41861495
203345265 -41839502
203285580 -41838054
203289298 -41920152
203346409 -41840055
203318264 -41828454
203344496 -41838269
203360246 -41858253
203334535 -41832197
203265520 -41887048
203296484 -41924434
1 203269419 -41856078
1 203290471 -41921973
1 203341323 -41920521
1 203364293 -41886571
1 203331388 -41830096
1 203308351 -41827396
1 203360992 -41856483
1 203269179 -41901526
1 203279373 -41840483
2 18488215 -251870579 14293898953165749