100
-1000 0
-998 -62
-992 -125
-982 -187
-968 -248
-951 -309
-929 -368
-904 -425
-876 -481
-844 -535
-809 -587
-770 -637
-728 -684
-684 -728
-637 -770
-587 -809
-535 -844
-481 -876
-425 -904
-368 -929
-309 -951
-248 -968
-187 -982
-125 -992
-62 -998
0 -1000
62 -998
125 -992
187 -982
248 -968
309 -951
368 -929
425 -904
481 -876
535 -844
587 -809
637 -770
684 -728
728 -684
770 -637
809 -587
844 -535
876 -481
904 -425
929 -368
951 -309
968 -248
982 -187
992 -125
998 -62
1000 0
998 62
992 125
982 187
968 248
951 309
929 368
904 425
876 481
844 535
809 587
770 637
728 684
684 728
637 770
587 809
535 844
481 876
425 904
368 929
309 951
248 968
187 982
125 992
62 998
0 1000
-62 998
-125 992
-187 982
-248 968
-309 951
-368 929
-425 904
-481 876
-535 844
-587 809
-637 770
-684 728
-728 684
-770 637
-809 587
-844 535
-876 481
-904 425
-929 368
-951 309
-968 248
-982 187
-992 125
-998 62
33
3
-899 -9
-898 -47
-299 -9
3
-882 -177
-874 -214
-292 -65
3
-833 -340
-818 -374
-275 -119
3
-754 -490
-733 -521
-248 -168
3
-649 -622
-622 -649
-212 -212
3
-521 -733
-490 -754
-168 -248
3
-374 -818
-340 -833
-119 -275
3
-214 -874
-177 -882
-65 -292
3
-47 -898
-9 -899
-9 -299
3
122 -891
159 -885
46 -296
3
287 -852
322 -840
101 -282
3
441 -784
474 -764
152 -258
3
580 -687
609 -662
198 -225
3
699 -566
722 -536
237 -183
3
793 -425
810 -391
267 -136
3
858 -269
869 -232
288 -83
3
894 -103
897 -65
298 -28
3
897 65
894 103
298 28
3
869 232
858 269
288 83
3
810 391
793 425
267 136
3
722 536
699 566
237 183
3
609 662
580 687
198 225
3
474 764
441 784
152 258
3
322 840
287 852
101 282
3
159 885
122 891
46 296
3
-9 899
-47 898
-9 299
3
-177 882
-214 874
-65 292
3
-340 833
-374 818
-119 275
3
-490 754
-521 733
-168 248
3
-622 649
-649 622
-212 212
3
-733 521
-754 490
-248 168
3
-818 374
-833 340
-275 119
3
-874 214
-882 177
-292 65
100
-104 100 -100 100 -96 100
-84 100 -80 100 -76 100
-64 100 -60 100 -56 100
-44 100 -40 100 -36 100
-24 100 -20 100 -16 100
-4 100 0 100 4 100
16 100 20 100 24 100
36 100 40 100 44 100
56 100 60 100 64 100
76 100 80 100 84 100
96 80 100 80 104 80
76 80 80 80 84 80
56 80 60 80 64 80
36 80 40 80 44 80
16 80 20 80 24 80
-4 80 0 80 4 80
-24 80 -20 80 -16 80
-44 80 -40 80 -36 80
-64 80 -60 80 -56 80
-84 80 -80 80 -76 80
-104 60 -100 60 -96 60
-84 60 -80 60 -76 60
-64 60 -60 60 -56 60
-44 60 -40 60 -36 60
-24 60 -20 60 -16 60
-4 60 0 60 4 60
16 60 20 60 24 60
36 60 40 60 44 60
56 60 60 60 64 60
76 60 80 60 84 60
96 40 100 40 104 40
76 40 80 40 84 40
56 40 60 40 64 40
36 40 40 40 44 40
16 40 20 40 24 40
-4 40 0 40 4 40
-24 40 -20 40 -16 40
-44 40 -40 40 -36 40
-64 40 -60 40 -56 40
-84 40 -80 40 -76 40
-104 20 -100 20 -96 20
-84 20 -80 20 -76 20
-64 20 -60 20 -56 20
-44 20 -40 20 -36 20
-24 20 -20 20 -16 20
-4 20 0 20 4 20
16 20 20 20 24 20
36 20 40 20 44 20
56 20 60 20 64 20
76 20 80 20 84 20
96 0 100 0 104 0
76 0 80 0 84 0
56 0 60 0 64 0
36 0 40 0 44 0
16 0 20 0 24 0
-4 0 0 0 4 0
-24 0 -20 0 -16 0
-44 0 -40 0 -36 0
-64 0 -60 0 -56 0
-84 0 -80 0 -76 0
-104 -20 -100 -20 -96 -20
-84 -20 -80 -20 -76 -20
-64 -20 -60 -20 -56 -20
-44 -20 -40 -20 -36 -20
-24 -20 -20 -20 -16 -20
-4 -20 0 -20 4 -20
16 -20 20 -20 24 -20
36 -20 40 -20 44 -20
56 -20 60 -20 64 -20
76 -20 80 -20 84 -20
96 -40 100 -40 104 -40
76 -40 80 -40 84 -40
56 -40 60 -40 64 -40
36 -40 40 -40 44 -40
16 -40 20 -40 24 -40
-4 -40 0 -40 4 -40
-24 -40 -20 -40 -16 -40
-44 -40 -40 -40 -36 -40
-64 -40 -60 -40 -56 -40
-84 -40 -80 -40 -76 -40
-104 -60 -100 -60 -96 -60
-84 -60 -80 -60 -76 -60
-64 -60 -60 -60 -56 -60
-44 -60 -40 -60 -36 -60
-24 -60 -20 -60 -16 -60
-4 -60 0 -60 4 -60
16 -60 20 -60 24 -60
36 -60 40 -60 44 -60
56 -60 60 -60 64 -60
76 -60 80 -60 84 -60
96 -80 100 -80 104 -80
76 -80 80 -80 84 -80
56 -80 60 -80 64 -80
36 -80 40 -80 44 -80
16 -80 20 -80 24 -80
-4 -80 0 -80 4 -80
-24 -80 -20 -80 -16 -80
-44 -80 -40 -80 -36 -80
-64 -80 -60 -80 -56 -80
-84 -80 -80 -80 -76 -80