240
-1000 0
-999 -26
-998 -52
-996 -78
-994 -104
-991 -130
-987 -156
-983 -182
-978 -207
-972 -233
-965 -258
-958 -284
-951 -309
-942 -333
-933 -358
-923 -382
-913 -406
-902 -430
-891 -453
-878 -477
-866 -499
-852 -522
-838 -544
-824 -566
-809 -587
-793 -608
-777 -629
-760 -649
-743 -669
-725 -688
-707 -707
-688 -725
-669 -743
-649 -760
-629 -777
-608 -793
-587 -809
-566 -824
-544 -838
-522 -852
-500 -866
-477 -878
-453 -891
-430 -902
-406 -913
-382 -923
-358 -933
-333 -942
-309 -951
-284 -958
-258 -965
-233 -972
-207 -978
-182 -983
-156 -987
-130 -991
-104 -994
-78 -996
-52 -998
-26 -999
0 -1000
26 -999
52 -998
78 -996
104 -994
130 -991
156 -987
182 -983
207 -978
233 -972
258 -965
284 -958
309 -951
333 -942
358 -933
382 -923
406 -913
430 -902
453 -891
477 -878
499 -866
522 -852
544 -838
566 -824
587 -809
608 -793
629 -777
649 -760
669 -743
688 -725
707 -707
725 -688
743 -669
760 -649
777 -629
793 -608
809 -587
824 -566
838 -544
852 -522
866 -500
878 -477
891 -453
902 -430
913 -406
923 -382
933 -358
942 -333
951 -309
958 -284
965 -258
972 -233
978 -207
983 -182
987 -156
991 -130
994 -104
996 -78
998 -52
999 -26
1000 0
999 26
998 52
996 78
994 104
991 130
987 156
983 182
978 207
972 233
965 258
958 284
951 309
942 333
933 358
923 382
913 406
902 430
891 453
878 477
866 499
852 522
838 544
824 566
809 587
793 608
777 629
760 649
743 669
725 688
707 707
688 725
669 743
649 760
629 777
608 793
587 809
566 824
544 838
522 852
500 866
477 878
453 891
430 902
406 913
382 923
358 933
333 942
309 951
284 958
258 965
233 972
207 978
182 983
156 987
130 991
104 994
78 996
52 998
26 999
0 1000
-26 999
-52 998
-78 996
-104 994
-130 991
-156 987
-182 983
-207 978
-233 972
-258 965
-284 958
-309 951
-333 942
-358 933
-382 923
-406 913
-430 902
-453 891
-477 878
-499 866
-522 852
-544 838
-566 824
-587 809
-608 793
-629 777
-649 760
-669 743
-688 725
-707 707
-725 688
-743 669
-760 649
-777 629
-793 608
-809 587
-824 566
-838 544
-852 522
-866 500
-878 477
-891 453
-902 430
-913 406
-923 382
-933 358
-942 333
-951 309
-958 284
-965 258
-972 233
-978 207
-983 182
-987 156
-991 130
-994 104
-996 78
-998 52
-999 26
80
3
-899 -3
-899 -19
-299 -3
3
-896 -74
-895 -90
-298 -27
3
-888 -144
-885 -160
-295 -50
3
-874 -213
-870 -229
-290 -73
3
-854 -281
-849 -296
-284 -96
3
-829 -348
-823 -362
-275 -118
3
-800 -412
-792 -425
-265 -139
3
-765 -473
-756 -486
-253 -160
3
-725 -532
-716 -544
-240 -179
3
-681 -587
-671 -599
-225 -197
3
-633 -639
-622 -650
-209 -214
3
-581 -686
-569 -696
-191 -230
3
-525 -730
-512 -739
-173 -244
3
-466 -769
-453 -777
-153 -257
3
-405 -803
-391 -810
-132 -269
3
-340 -832
-326 -838
-111 -278
3
-274 -857
-259 -861
-88 -286
3
-206 -876
-190 -879
-66 -292
3
-136 -889
-121 -891
-43 -296
3
-66 -897
-51 -898
-19 -299
3
3 -899
19 -899
3 -299
3
74 -896
90 -895
27 -298
3
144 -888
160 -885
50 -295
3
213 -874
229 -870
73 -290
3
281 -854
296 -849
96 -284
3
348 -829
362 -823
118 -275
3
412 -800
425 -792
139 -265
3
473 -765
486 -756
160 -253
3
532 -725
544 -716
179 -240
3
587 -681
599 -671
197 -225
3
639 -633
650 -622
214 -209
3
686 -581
696 -569
230 -191
3
730 -525
739 -512
244 -173
3
769 -466
777 -453
257 -153
3
803 -405
810 -391
269 -132
3
832 -340
838 -326
278 -111
3
857 -274
861 -259
286 -88
3
876 -206
879 -190
292 -66
3
889 -136
891 -121
296 -43
3
897 -66
898 -51
299 -19
3
899 3
899 19
299 3
3
896 74
895 90
298 27
3
888 144
885 160
295 50
3
874 213
870 229
290 73
3
854 281
849 296
284 96
3
829 348
823 362
275 118
3
800 412
792 425
265 139
3
765 473
756 486
253 160
3
725 532
716 544
240 179
3
681 587
671 599
225 197
3
633 639
622 650
209 214
3
581 686
569 696
191 230
3
525 730
512 739
173 244
3
466 769
453 777
153 257
3
405 803
391 810
132 269
3
340 832
326 838
111 278
3
274 857
259 861
88 286
3
206 876
190 879
66 292
3
136 889
121 891
43 296
3
66 897
51 898
19 299
3
-3 899
-19 899
-3 299
3
-74 896
-90 895
-27 298
3
-144 888
-160 885
-50 295
3
-213 874
-229 870
-73 290
3
-281 854
-296 849
-96 284
3
-348 829
-362 823
-118 275
3
-412 800
-425 792
-139 265
3
-473 765
-486 756
-160 253
3
-532 725
-544 716
-179 240
3
-587 681
-599 671
-197 225
3
-639 633
-650 622
-214 209
3
-686 581
-696 569
-230 191
3
-730 525
-739 512
-244 173
3
-769 466
-777 453
-257 153
3
-803 405
-810 391
-269 132
3
-832 340
-838 326
-278 111
3
-857 274
-861 259
-286 88
3
-876 206
-879 190
-292 66
3
-889 136
-891 121
-296 43
3
-897 66
-898 51
-299 19
500
-204 200 -200 200 -196 200
-196 200 -192 200 -188 200
-188 200 -184 200 -180 200
-180 200 -176 200 -172 200
-172 200 -168 200 -164 200
-164 200 -160 200 -156 200
-156 200 -152 200 -148 200
-148 200 -144 200 -140 200
-140 200 -136 200 -132 200
-132 200 -128 200 -124 200
-124 200 -120 200 -116 200
-116 200 -112 200 -108 200
-108 200 -104 200 -100 200
-100 200 -96 200 -92 200
-92 200 -88 200 -84 200
-84 200 -80 200 -76 200
-76 200 -72 200 -68 200
-68 200 -64 200 -60 200
-60 200 -56 200 -52 200
-52 200 -48 200 -44 200
-44 200 -40 200 -36 200
-36 200 -32 200 -28 200
-28 200 -24 200 -20 200
-20 200 -16 200 -12 200
-12 200 -8 200 -4 200
-4 200 0 200 4 200
4 200 8 200 12 200
12 200 16 200 20 200
20 200 24 200 28 200
28 200 32 200 36 200
36 200 40 200 44 200
44 200 48 200 52 200
52 200 56 200 60 200
60 200 64 200 68 200
68 200 72 200 76 200
76 200 80 200 84 200
84 200 88 200 92 200
92 200 96 200 100 200
100 200 104 200 108 200
108 200 112 200 116 200
116 200 120 200 124 200
124 200 128 200 132 200
132 200 136 200 140 200
140 200 144 200 148 200
148 200 152 200 156 200
156 200 160 200 164 200
164 200 168 200 172 200
172 200 176 200 180 200
180 200 184 200 188 200
188 200 192 200 196 200
196 190 200 190 204 190
188 190 192 190 196 190
180 190 184 190 188 190
172 190 176 190 180 190
164 190 168 190 172 190
156 190 160 190 164 190
148 190 152 190 156 190
140 190 144 190 148 190
132 190 136 190 140 190
124 190 128 190 132 190
116 190 120 190 124 190
108 190 112 190 116 190
100 190 104 190 108 190
92 190 96 190 100 190
84 190 88 190 92 190
76 190 80 190 84 190
68 190 72 190 76 190
60 190 64 190 68 190
52 190 56 190 60 190
44 190 48 190 52 190
36 190 40 190 44 190
28 190 32 190 36 190
20 190 24 190 28 190
12 190 16 190 20 190
4 190 8 190 12 190
-4 190 0 190 4 190
-12 190 -8 190 -4 190
-20 190 -16 190 -12 190
-28 190 -24 190 -20 190
-36 190 -32 190 -28 190
-44 190 -40 190 -36 190
-52 190 -48 190 -44 190
-60 190 -56 190 -52 190
-68 190 -64 190 -60 190
-76 190 -72 190 -68 190
-84 190 -80 190 -76 190
-92 190 -88 190 -84 190
-100 190 -96 190 -92 190
-108 190 -104 190 -100 190
-116 190 -112 190 -108 190
-124 190 -120 190 -116 190
-132 190 -128 190 -124 190
-140 190 -136 190 -132 190
-148 190 -144 190 -140 190
-156 190 -152 190 -148 190
-164 190 -160 190 -156 190
-172 190 -168 190 -164 190
-180 190 -176 190 -172 190
-188 190 -184 190 -180 190
-196 190 -192 190 -188 190
-204 180 -200 180 -196 180
-196 180 -192 180 -188 180
-188 180 -184 180 -180 180
-180 180 -176 180 -172 180
-172 180 -168 180 -164 180
-164 180 -160 180 -156 180
-156 180 -152 180 -148 180
-148 180 -144 180 -140 180
-140 180 -136 180 -132 180
-132 180 -128 180 -124 180
-124 180 -120 180 -116 180
-116 180 -112 180 -108 180
-108 180 -104 180 -100 180
-100 180 -96 180 -92 180
-92 180 -88 180 -84 180
-84 180 -80 180 -76 180
-76 180 -72 180 -68 180
-68 180 -64 180 -60 180
-60 180 -56 180 -52 180
-52 180 -48 180 -44 180
-44 180 -40 180 -36 180
-36 180 -32 180 -28 180
-28 180 -24 180 -20 180
-20 180 -16 180 -12 180
-12 180 -8 180 -4 180
-4 180 0 180 4 180
4 180 8 180 12 180
12 180 16 180 20 180
20 180 24 180 28 180
28 180 32 180 36 180
36 180 40 180 44 180
44 180 48 180 52 180
52 180 56 180 60 180
60 180 64 180 68 180
68 180 72 180 76 180
76 180 80 180 84 180
84 180 88 180 92 180
92 180 96 180 100 180
100 180 104 180 108 180
108 180 112 180 116 180
116 180 120 180 124 180
124 180 128 180 132 180
132 180 136 180 140 180
140 180 144 180 148 180
148 180 152 180 156 180
156 180 160 180 164 180
164 180 168 180 172 180
172 180 176 180 180 180
180 180 184 180 188 180
188 180 192 180 196 180
196 170 200 170 204 170
188 170 192 170 196 170
180 170 184 170 188 170
172 170 176 170 180 170
164 170 168 170 172 170
156 170 160 170 164 170
148 170 152 170 156 170
140 170 144 170 148 170
132 170 136 170 140 170
124 170 128 170 132 170
116 170 120 170 124 170
108 170 112 170 116 170
100 170 104 170 108 170
92 170 96 170 100 170
84 170 88 170 92 170
76 170 80 170 84 170
68 170 72 170 76 170
60 170 64 170 68 170
52 170 56 170 60 170
44 170 48 170 52 170
36 170 40 170 44 170
28 170 32 170 36 170
20 170 24 170 28 170
12 170 16 170 20 170
4 170 8 170 12 170
-4 170 0 170 4 170
-12 170 -8 170 -4 170
-20 170 -16 170 -12 170
-28 170 -24 170 -20 170
-36 170 -32 170 -28 170
-44 170 -40 170 -36 170
-52 170 -48 170 -44 170
-60 170 -56 170 -52 170
-68 170 -64 170 -60 170
-76 170 -72 170 -68 170
-84 170 -80 170 -76 170
-92 170 -88 170 -84 170
-100 170 -96 170 -92 170
-108 170 -104 170 -100 170
-116 170 -112 170 -108 170
-124 170 -120 170 -116 170
-132 170 -128 170 -124 170
-140 170 -136 170 -132 170
-148 170 -144 170 -140 170
-156 170 -152 170 -148 170
-164 170 -160 170 -156 170
-172 170 -168 170 -164 170
-180 170 -176 170 -172 170
-188 170 -184 170 -180 170
-196 170 -192 170 -188 170
-204 160 -200 160 -196 160
-196 160 -192 160 -188 160
-188 160 -184 160 -180 160
-180 160 -176 160 -172 160
-172 160 -168 160 -164 160
-164 160 -160 160 -156 160
-156 160 -152 160 -148 160
-148 160 -144 160 -140 160
-140 160 -136 160 -132 160
-132 160 -128 160 -124 160
-124 160 -120 160 -116 160
-116 160 -112 160 -108 160
-108 160 -104 160 -100 160
-100 160 -96 160 -92 160
-92 160 -88 160 -84 160
-84 160 -80 160 -76 160
-76 160 -72 160 -68 160
-68 160 -64 160 -60 160
-60 160 -56 160 -52 160
-52 160 -48 160 -44 160
-44 160 -40 160 -36 160
-36 160 -32 160 -28 160
-28 160 -24 160 -20 160
-20 160 -16 160 -12 160
-12 160 -8 160 -4 160
-4 160 0 160 4 160
4 160 8 160 12 160
12 160 16 160 20 160
20 160 24 160 28 160
28 160 32 160 36 160
36 160 40 160 44 160
44 160 48 160 52 160
52 160 56 160 60 160
60 160 64 160 68 160
68 160 72 160 76 160
76 160 80 160 84 160
84 160 88 160 92 160
92 160 96 160 100 160
100 160 104 160 108 160
108 160 112 160 116 160
116 160 120 160 124 160
124 160 128 160 132 160
132 160 136 160 140 160
140 160 144 160 148 160
148 160 152 160 156 160
156 160 160 160 164 160
164 160 168 160 172 160
172 160 176 160 180 160
180 160 184 160 188 160
188 160 192 160 196 160
196 150 200 150 204 150
188 150 192 150 196 150
180 150 184 150 188 150
172 150 176 150 180 150
164 150 168 150 172 150
156 150 160 150 164 150
148 150 152 150 156 150
140 150 144 150 148 150
132 150 136 150 140 150
124 150 128 150 132 150
116 150 120 150 124 150
108 150 112 150 116 150
100 150 104 150 108 150
92 150 96 150 100 150
84 150 88 150 92 150
76 150 80 150 84 150
68 150 72 150 76 150
60 150 64 150 68 150
52 150 56 150 60 150
44 150 48 150 52 150
36 150 40 150 44 150
28 150 32 150 36 150
20 150 24 150 28 150
12 150 16 150 20 150
4 150 8 150 12 150
-4 150 0 150 4 150
-12 150 -8 150 -4 150
-20 150 -16 150 -12 150
-28 150 -24 150 -20 150
-36 150 -32 150 -28 150
-44 150 -40 150 -36 150
-52 150 -48 150 -44 150
-60 150 -56 150 -52 150
-68 150 -64 150 -60 150
-76 150 -72 150 -68 150
-84 150 -80 150 -76 150
-92 150 -88 150 -84 150
-100 150 -96 150 -92 150
-108 150 -104 150 -100 150
-116 150 -112 150 -108 150
-124 150 -120 150 -116 150
-132 150 -128 150 -124 150
-140 150 -136 150 -132 150
-148 150 -144 150 -140 150
-156 150 -152 150 -148 150
-164 150 -160 150 -156 150
-172 150 -168 150 -164 150
-180 150 -176 150 -172 150
-188 150 -184 150 -180 150
-196 150 -192 150 -188 150
-204 140 -200 140 -196 140
-196 140 -192 140 -188 140
-188 140 -184 140 -180 140
-180 140 -176 140 -172 140
-172 140 -168 140 -164 140
-164 140 -160 140 -156 140
-156 140 -152 140 -148 140
-148 140 -144 140 -140 140
-140 140 -136 140 -132 140
-132 140 -128 140 -124 140
-124 140 -120 140 -116 140
-116 140 -112 140 -108 140
-108 140 -104 140 -100 140
-100 140 -96 140 -92 140
-92 140 -88 140 -84 140
-84 140 -80 140 -76 140
-76 140 -72 140 -68 140
-68 140 -64 140 -60 140
-60 140 -56 140 -52 140
-52 140 -48 140 -44 140
-44 140 -40 140 -36 140
-36 140 -32 140 -28 140
-28 140 -24 140 -20 140
-20 140 -16 140 -12 140
-12 140 -8 140 -4 140
-4 140 0 140 4 140
4 140 8 140 12 140
12 140 16 140 20 140
20 140 24 140 28 140
28 140 32 140 36 140
36 140 40 140 44 140
44 140 48 140 52 140
52 140 56 140 60 140
60 140 64 140 68 140
68 140 72 140 76 140
76 140 80 140 84 140
84 140 88 140 92 140
92 140 96 140 100 140
100 140 104 140 108 140
108 140 112 140 116 140
116 140 120 140 124 140
124 140 128 140 132 140
132 140 136 140 140 140
140 140 144 140 148 140
148 140 152 140 156 140
156 140 160 140 164 140
164 140 168 140 172 140
172 140 176 140 180 140
180 140 184 140 188 140
188 140 192 140 196 140
196 130 200 130 204 130
188 130 192 130 196 130
180 130 184 130 188 130
172 130 176 130 180 130
164 130 168 130 172 130
156 130 160 130 164 130
148 130 152 130 156 130
140 130 144 130 148 130
132 130 136 130 140 130
124 130 128 130 132 130
116 130 120 130 124 130
108 130 112 130 116 130
100 130 104 130 108 130
92 130 96 130 100 130
84 130 88 130 92 130
76 130 80 130 84 130
68 130 72 130 76 130
60 130 64 130 68 130
52 130 56 130 60 130
44 130 48 130 52 130
36 130 40 130 44 130
28 130 32 130 36 130
20 130 24 130 28 130
12 130 16 130 20 130
4 130 8 130 12 130
-4 130 0 130 4 130
-12 130 -8 130 -4 130
-20 130 -16 130 -12 130
-28 130 -24 130 -20 130
-36 130 -32 130 -28 130
-44 130 -40 130 -36 130
-52 130 -48 130 -44 130
-60 130 -56 130 -52 130
-68 130 -64 130 -60 130
-76 130 -72 130 -68 130
-84 130 -80 130 -76 130
-92 130 -88 130 -84 130
-100 130 -96 130 -92 130
-108 130 -104 130 -100 130
-116 130 -112 130 -108 130
-124 130 -120 130 -116 130
-132 130 -128 130 -124 130
-140 130 -136 130 -132 130
-148 130 -144 130 -140 130
-156 130 -152 130 -148 130
-164 130 -160 130 -156 130
-172 130 -168 130 -164 130
-180 130 -176 130 -172 130
-188 130 -184 130 -180 130
-196 130 -192 130 -188 130
-204 120 -200 120 -196 120
-196 120 -192 120 -188 120
-188 120 -184 120 -180 120
-180 120 -176 120 -172 120
-172 120 -168 120 -164 120
-164 120 -160 120 -156 120
-156 120 -152 120 -148 120
-148 120 -144 120 -140 120
-140 120 -136 120 -132 120
-132 120 -128 120 -124 120
-124 120 -120 120 -116 120
-116 120 -112 120 -108 120
-108 120 -104 120 -100 120
-100 120 -96 120 -92 120
-92 120 -88 120 -84 120
-84 120 -80 120 -76 120
-76 120 -72 120 -68 120
-68 120 -64 120 -60 120
-60 120 -56 120 -52 120
-52 120 -48 120 -44 120
-44 120 -40 120 -36 120
-36 120 -32 120 -28 120
-28 120 -24 120 -20 120
-20 120 -16 120 -12 120
-12 120 -8 120 -4 120
-4 120 0 120 4 120
4 120 8 120 12 120
12 120 16 120 20 120
20 120 24 120 28 120
28 120 32 120 36 120
36 120 40 120 44 120
44 120 48 120 52 120
52 120 56 120 60 120
60 120 64 120 68 120
68 120 72 120 76 120
76 120 80 120 84 120
84 120 88 120 92 120
92 120 96 120 100 120
100 120 104 120 108 120
108 120 112 120 116 120
116 120 120 120 124 120
124 120 128 120 132 120
132 120 136 120 140 120
140 120 144 120 148 120
148 120 152 120 156 120
156 120 160 120 164 120
164 120 168 120 172 120
172 120 176 120 180 120
180 120 184 120 188 120
188 120 192 120 196 120
196 110 200 110 204 110
188 110 192 110 196 110
180 110 184 110 188 110
172 110 176 110 180 110
164 110 168 110 172 110
156 110 160 110 164 110
148 110 152 110 156 110
140 110 144 110 148 110
132 110 136 110 140 110
124 110 128 110 132 110
116 110 120 110 124 110
108 110 112 110 116 110
100 110 104 110 108 110
92 110 96 110 100 110
84 110 88 110 92 110
76 110 80 110 84 110
68 110 72 110 76 110
60 110 64 110 68 110
52 110 56 110 60 110
44 110 48 110 52 110
36 110 40 110 44 110
28 110 32 110 36 110
20 110 24 110 28 110
12 110 16 110 20 110
4 110 8 110 12 110
-4 110 0 110 4 110
-12 110 -8 110 -4 110
-20 110 -16 110 -12 110
-28 110 -24 110 -20 110
-36 110 -32 110 -28 110
-44 110 -40 110 -36 110
-52 110 -48 110 -44 110
-60 110 -56 110 -52 110
-68 110 -64 110 -60 110
-76 110 -72 110 -68 110
-84 110 -80 110 -76 110
-92 110 -88 110 -84 110
-100 110 -96 110 -92 110
-108 110 -104 110 -100 110
-116 110 -112 110 -108 110
-124 110 -120 110 -116 110
-132 110 -128 110 -124 110
-140 110 -136 110 -132 110
-148 110 -144 110 -140 110
-156 110 -152 110 -148 110
-164 110 -160 110 -156 110
-172 110 -168 110 -164 110
-180 110 -176 110 -172 110
-188 110 -184 110 -180 110
-196 110 -192 110 -188 110