50
-1000 0
-992 -125
-968 -248
-929 -368
-876 -481
-809 -587
-728 -684
-637 -770
-535 -844
-425 -904
-309 -951
-187 -982
-62 -998
62 -998
187 -982
309 -951
425 -904
535 -844
637 -770
728 -684
809 -587
876 -481
929 -368
968 -248
992 -125
1000 0
992 125
968 248
929 368
876 481
809 587
728 684
637 770
535 844
425 904
309 951
187 982
62 998
-62 998
-187 982
-309 951
-425 904
-535 844
-637 770
-728 684
-809 587
-876 481
-929 368
-968 248
-992 125
16
3
-49 0
-47 0
-48 1
3
-46 0
-44 0
-45 1
3
-43 0
-41 0
-42 1
3
-40 0
-38 0
-39 1
3
-37 0
-35 0
-36 1
3
-34 0
-32 0
-33 1
3
-31 0
-29 0
-30 1
3
-28 0
-26 0
-27 1
3
-25 0
-23 0
-24 1
3
-22 0
-20 0
-21 1
3
-19 0
-17 0
-18 1
3
-16 0
-14 0
-15 1
3
-13 0
-11 0
-12 1
3
-10 0
-8 0
-9 1
3
-7 0
-5 0
-6 1
3
-4 0
-2 0
-3 1
50
-500 -550 -100 -550 300 -550
-490 -550 -90 -550 310 -550
-480 -550 -80 -550 320 -550
-470 -550 -70 -550 330 -550
-460 -550 -60 -550 340 -550
-450 -550 -50 -550 350 -550
-440 -550 -40 -550 360 -550
-430 -550 -30 -550 370 -550
-420 -550 -20 -550 380 -550
-410 -550 -10 -550 390 -550
-400 -550 0 -550 400 -550
-390 -550 10 -550 410 -550
-380 -550 20 -550 420 -550
-370 -550 30 -550 430 -550
-360 -550 40 -550 440 -550
-350 -550 50 -550 450 -550
-340 -550 60 -550 460 -550
-330 -550 70 -550 470 -550
-320 -550 80 -550 480 -550
-310 -550 90 -550 490 -550
-300 -560 100 -560 500 -560
-310 -560 90 -560 490 -560
-320 -560 80 -560 480 -560
-330 -560 70 -560 470 -560
-340 -560 60 -560 460 -560
-350 -560 50 -560 450 -560
-360 -560 40 -560 440 -560
-370 -560 30 -560 430 -560
-380 -560 20 -560 420 -560
-390 -560 10 -560 410 -560
-400 -560 0 -560 400 -560
-410 -560 -10 -560 390 -560
-420 -560 -20 -560 380 -560
-430 -560 -30 -560 370 -560
-440 -560 -40 -560 360 -560
-450 -560 -50 -560 350 -560
-460 -560 -60 -560 340 -560
-470 -560 -70 -560 330 -560
-480 -560 -80 -560 320 -560
-490 -560 -90 -560 310 -560
-500 -570 -100 -570 300 -570
-490 -570 -90 -570 310 -570
-480 -570 -80 -570 320 -570
-470 -570 -70 -570 330 -570
-460 -570 -60 -570 340 -570
-450 -570 -50 -570 350 -570
-440 -570 -40 -570 360 -570
-430 -570 -30 -570 370 -570
-420 -570 -20 -570 380 -570
-410 -570 -10 -570 390 -570