50
-1000 0
-992 -125
-968 -248
-929 -368
-876 -481
-809 -587
-728 -684
-637 -770
-535 -844
-425 -904
-309 -951
-187 -982
-62 -998
62 -998
187 -982
309 -951
425 -904
535 -844
637 -770
728 -684
809 -587
876 -481
929 -368
968 -248
992 -125
1000 0
992 125
968 248
929 368
876 481
809 587
728 684
637 770
535 844
425 904
309 951
187 982
62 998
-62 998
-187 982
-309 951
-425 904
-535 844
-637 770
-728 684
-809 587
-876 481
-929 368
-968 248
-992 125
16
3
-899 -18
-895 -94
-299 -18
3
-829 -348
-797 -416
-271 -127
3
-643 -629
-588 -681
-205 -218
3
-366 -822
-295 -849
-110 -278
3
-37 -899
37 -899
0 -300
3
295 -849
366 -822
110 -278
3
588 -681
643 -629
205 -218
3
797 -416
829 -348
271 -127
3
895 -94
899 -18
299 -18
3
866 242
843 313
285 92
3
716 544
668 602
231 191
3
466 769
400 806
144 262
3
150 887
75 896
37 297
3
-187 880
-260 861
-74 290
3
-498 749
-559 705
-176 242
3
-739 513
-779 449
-253 160
50
-204 200 -200 200 -196 200
-196 200 -192 200 -188 200
-188 200 -184 200 -180 200
-180 200 -176 200 -172 200
-172 200 -168 200 -164 200
-164 200 -160 200 -156 200
-156 200 -152 200 -148 200
-148 200 -144 200 -140 200
-140 200 -136 200 -132 200
-132 200 -128 200 -124 200
-124 200 -120 200 -116 200
-116 200 -112 200 -108 200
-108 200 -104 200 -100 200
-100 200 -96 200 -92 200
-92 200 -88 200 -84 200
-84 200 -80 200 -76 200
-76 200 -72 200 -68 200
-68 200 -64 200 -60 200
-60 200 -56 200 -52 200
-52 200 -48 200 -44 200
-44 200 -40 200 -36 200
-36 200 -32 200 -28 200
-28 200 -24 200 -20 200
-20 200 -16 200 -12 200
-12 200 -8 200 -4 200
-4 200 0 200 4 200
4 200 8 200 12 200
12 200 16 200 20 200
20 200 24 200 28 200
28 200 32 200 36 200
36 200 40 200 44 200
44 200 48 200 52 200
52 200 56 200 60 200
60 200 64 200 68 200
68 200 72 200 76 200
76 200 80 200 84 200
84 200 88 200 92 200
92 200 96 200 100 200
100 200 104 200 108 200
108 200 112 200 116 200
116 200 120 200 124 200
124 200 128 200 132 200
132 200 136 200 140 200
140 200 144 200 148 200
148 200 152 200 156 200
156 200 160 200 164 200
164 200 168 200 172 200
172 200 176 200 180 200
180 200 184 200 188 200
188 200 192 200 196 200