4
3 5 1 4
3
2 1 2
3
2 2 1
4
3 3 3 3
5
1 3 9 3 1
9
6 1 2 1 1 3 5 1 1
5
4 1 3 5 2
5
4 3 1 7 5
11
5 3 3 1 4 1 1 4 2 8 2
15
4 3 15 6 10 9 15 5 1 10 10 14 5 10 8
20
21 21 4 25 22 1 7 23 26 9 9 17 16 27 1 19 10 20 10 2
50
5 18 4 19 7 23 7 18 12 22 3 17 30 7 2 19 10 1 23 24 14 2 2 28 23 6 7 22 21 8 2 17 25 5 6 23 19 4 2 30 17 4 8 8 2 1 26 11 18 3
36
23 25 9 29 8 24 15 1 21 18 28 30 12 13 24 16 21 1 28 5 24 7 7 19 20 29 30 5 2 9 16 25 4 24 15 5
21
1 1 1 1 1 1 1 1 1 1 1 1 1 1 1 1 1 1 1 1 20
18
2 5 7 4 3 20 3 4 6 1 3 25 6 7 8 10 2 1
0
