5
0 0 0
10 0 0
0 10 0
0 0 10
1 1 1
9
0 0 0
2 0 0
2 2 0
0 2 0
1 1 2
1 1 -2
1 1 -1
1 1 0
1 1 1
25
-35 -35 -35
-38 -38 -38
-41 -41 -41
-44 -44 -44
-47 -47 -47
-50 -50 -50
-53 -53 -53
-56 -56 -56
-59 -59 -59
-62 -62 -62
-65 -65 -65
-68 -68 -68
-71 -71 -71
-74 -74 -74
-77 -77 -77
-80 -80 -80
-83 -83 -83
-86 -86 -86
-89 -89 -89
-92 -92 -92
-95 -95 -95
-100 -100 -100
100 -100 -100
-100 100 -100
-100 -100 100
4
0 0 0
1 0 0
0 1 0
0 0 1
4
38 1 18
11 -24 -49
-59 25 -32
69 -87 -18
17
-36 97 -83
82 -80 85
2 75 -34
39 11 -28
-94 72 -81
76 -10 -14
21 86 33
-21 -12 31
86 90 -39
19 57 -33
61 89 -87
72 96 78
9 73 -8
60 75 65
-63 -83 28
-54 -7 -99
27 -16 91
7
95 -48 72
16 42 -43
-37 29 72
34 -11 -89
56 19 -80
-40 91 33
90 76 40
9
23 73 -73
-12 -45 -63
1 14 35
25 -88 10
13 7 -80
20 -45 -32
48 93 -38
-25 12 -5
95 27 -29
9
-32 -100 47
18 20 76
-39 -98 100
7 66 86
-100 -10 46
-39 88 -78
-35 -76 84
77 80 -50
6 92 -52
10
93 83 42
-81 38 73
-51 -46 94
-80 -15 80
87 -78 83
-23 59 -82
-34 -100 84
23 -59 -79
-46 -72 4
18 -56 25
18
7 -69 64
63 -41 4
-94 -28 -39
-95 47 83
82 -49 -5
-81 -46 56
70 -69 10
66 -72 86
-46 10 -3
60 -100 87
-91 -80 49
-31 47 100
-33 -68 97
28 -74 13
-63 -85 20
87 -16 -68
-13 8 12
93 -7 -81
8
10 -81 -88
-25 -100 -53
4 -36 89
-44 -58 14
-49 77 -99
-24 -37 14
-41 -11 2
-54 99 3
4
3 6 -93
-52 94 -37
-24 32 80
-20 -31 -20
11
34 -36 -51
22 1 14
22 20 99
-73 7 -95
-17 -51 -64
-84 92 2
85 27 1
75 34 97
-85 -43 -44
0 -94 47
28 -33 -63
14
75 -45 72
-53 -34 -14
54 11 -77
8 35 19
38 90 74
34 7 24
-65 30 -84
-23 40 74
-85 -58 68
-71 -60 60
94 -78 85
-86 -45 3
-17 -16 1
39 37 -70
13
-51 -82 81
-79 93 24
58 -43 62
26 1 44
-44 -62 -67
-10 -95 32
9 89 -98
-72 88 3
40 62 -87
64 -58 8
-93 -65 3
32 -44 12
20 61 74
8
-57 -65 62
-68 41 -22
-1 -48 74
-90 81 32
97 -53 92
21 -92 -35
3 -20 -21
30 0 31
6
-44 22 24
67 -93 93
76 -25 96
87 36 -13
-86 32 34
-33 -70 -97
4
2 -93 17
-29 84 61
-18 79 59
81 -60 27
11
55 52 26
67 -77 -3
50 -24 -49
-10 -6 -4
-3 -58 61
-35 15 -78
30 -56 38
18 -54 -36
72 -94 -55
-5 24 -51
4 62 -44
14
53 2 -42
76 79 -76
-81 34 -18
75 77 2
-97 -48 29
-34 -74 -20
76 -7 -73
100 64 -18
99 17 -37
5 -38 -8
42 -69 64
10 17 -10
-52 -82 100
-20 -67 44
14
-15 23 -85
17 -56 -77
60 58 87
25 50 29
-46 43 37
-84 -12 -64
74 77 52
-11 -23 96
97 25 48
36 -72 -97
-13 -2 80
100 -59 -89
57 -38 -48
89 89 37
13
7 -21 33
4 32 -12
-18 72 -50
-1 -60 76
90 78 7
84 -30 -85
-96 -98 52
-90 76 3
-55 99 28
-29 -80 82
67 -43 -25
16 25 -25
69 93 -6
12
-81 -83 3
-55 69 -20
-9 96 -68
-12 20 -92
-60 -90 13
-19 9 -42
38 -53 -14
-48 -32 94
58 13 -21
24 -26 -47
-44 98 -95
31 63 -19
8
98 12 -74
73 -36 95
-74 -52 -75
-48 19 -95
73 65 -97
51 -66 -34
20 0 -4
-85 -65 -51
7
6 31 -84
-37 -26 8
57 -21 25
-54 21 -18
86 49 93
-47 -88 50
-47 14 -7
13
-82 -83 -22
-48 25 92
76 3 36
30 12 96
-96 43 -64
75 17 68
-62 51 39
-25 -66 79
-3 36 -99
84 39 -19
33 20 66
-55 4 5
-49 60 -71
11
95 20 42
29 21 45
60 51 9
24 65 40
-10 -11 -100
96 -32 79
20 -98 -15
59 31 -56
71 -59 37
44 70 -56
12 63 -8
9
-59 -71 -54
5 -16 29
-49 -64 83
-52 40 -1
3 -96 14
-41 -35 27
50 -17 -52
-86 9 -84
98 92 -49
16
17 1 -34
-76 -3 13
-75 98 34
2 71 37
29 17 -29
-48 -23 88
-63 -63 0
22 51 1
70 45 97
27 -21 -72
-95 -79 -35
69 -42 38
15 94 -29
45 -50 -91
57 -12 -66
76 -34 0
7
48 3 -89
-54 86 72
-72 91 56
58 -33 -74
29 -56 -65
-5 -16 -19
-28 -12 96
6
2 -8 90
-14 -28 -31
-61 1 78
77 46 -70
-37 6 -15
47 86 59
18
-73 -6 -31
-51 -33 -87
13 -4 84
76 -8 27
65 26 33
-69 96 93
15 36 35
-99 49 -25
60 85 29
-4 -92 21
75 -39 63
84 -30 90
-68 37 52
-35 91 -87
88 -65 88
-2 -68 -59
22 -94 95
-28 8 -48
9
-76 73 0
8 77 37
-25 -31 -83
82 53 32
-4 -70 74
16 23 40
-16 -25 51
-85 -48 14
100 -26 91
15
70 -25 34
55 45 52
-75 52 57
-9 -10 -6
-5 35 -25
-43 -82 9
13 -37 -98
-4 -6 -11
67 -71 37
15 -93 88
12 -40 -77
23 -5 10
15 -96 8
-29 58 -84
-91 16 -33
5
52 -65 42
77 21 21
100 -52 -31
72 -85 -19
79 -70 79
12
98 -37 4
69 -84 -9
-12 63 67
6 13 -93
-37 -48 -20
-43 85 -23
94 37 -12
25 77 -40
59 -68 40
21 -76 13
70 13 -46
26 -94 25
7
94 -17 -69
30 -32 -82
-53 68 13
50 -23 45
6 4 69
-95 -42 83
58 -70 -71
15
-53 -24 -53
76 78 1
73 76 -20
57 19 -63
-82 9 -25
-45 49 -68
23 -88 7
-78 -39 99
-95 27 33
84 -87 95
91 36 42
26 -54 82
55 -54 75
-80 -71 19
45 60 -29
18
28 -66 22
-16 20 -45
41 58 -63
-20 42 11
99 18 12
83 -92 -69
-55 50 -11
66 -74 -47
40 -12 54
97 -89 62
-17 -20 52
86 14 1
-36 -46 2
-20 -34 -80
-4 71 -80
-38 15 99
-61 95 30
5 27 -67
10
-3 -96 23
-68 -66 78
-43 30 46
-5 39 93
-49 -19 62
71 86 -23
30 -20 77
53 28 29
80 -56 22
94 -67 -11
9
67 -61 16
2 32 -29
-76 -38 -60
-86 88 -73
-77 -88 -76
22 -76 -10
-16 -31 -9
-86 -35 93
-45 91 7
10
98 -49 96
-29 65 -7
-23 87 -85
-2 33 52
-14 84 -11
39 38 68
-74 -17 39
30 -38 -56
69 19 -47
-6 24 -17
16
-65 54 73
-99 -97 -44
-4 17 18
51 32 78
70 -45 -57
-10 54 85
41 59 -76
-49 -21 96
-59 61 23
9 -12 -20
-48 -63 -61
59 -21 80
70 -40 -68
42 7 -77
-46 -83 -7
7 -48 -43
18
-36 52 19
-14 12 -33
-19 -23 0
33 19 -86
0 -81 70
63 -50 -74
-53 97 -66
-15 18 66
73 -4 19
9 -80 -47
24 91 -33
-54 -98 -33
53 97 -94
-70 -35 -74
-29 -2 -94
88 57 99
66 48 56
93 53 -29
12
-38 16 -59
41 74 -26
83 -100 -43
54 79 29
18 -84 88
-72 -23 -77
-58 -53 97
-67 -19 -15
93 -62 77
28 12 -69
87 22 -51
16 55 93
8
-7 3 37
81 -89 79
16 -2 -37
55 73 -25
-98 32 -85
69 -91 29
-30 -75 100
84 46 -83
5
1 -88 -6
-84 -9 -42
-59 56 -40
67 63 -61
-21 -85 95
6
89 -60 93
24 -2 -87
74 86 16
6 -94 -10
-100 -7 78
89 -84 59
16
-55 29 -30
13 -82 -48
56 -37 -56
-74 -53 -19
11 -41 55
-14 28 -32
-49 -37 -33
-55 -1 -77
20 -37 -71
-11 -56 -7
-4 99 -44
-95 94 -39
88 -37 87
74 -92 34
96 63 -18
-47 -27 -92
11
-21 42 20
-32 51 36
47 -36 85
90 -77 74
42 -39 -85
-30 89 71
75 -51 -99
-3 55 -72
-2 33 99
-5 -15 -80
20 -98 97
12
84 -74 -6
-36 -9 0
27 -2 69
52 58 9
-98 -81 0
52 30 -95
44 -47 16
-65 -83 86
-95 -62 -87
-94 -52 75
0 -81 -63
87 4 41
15
-57 27 64
-27 34 -17
58 22 22
-79 -65 9
66 -20 -90
87 -3 -66
66 58 6
53 -85 42
-22 -73 27
-85 79 82
-68 1 76
87 -54 -76
-74 37 -68
-80 -84 -74
-91 -59 96
5
27 51 39
23 90 7
1 -93 44
39 86 84
17 -9 89
13
-74 61 91
21 64 65
-13 88 51
36 -38 85
-19 -53 86
97 -89 77
-74 -65 -19
-2 -29 -27
34 -37 -32
52 81 28
22 -54 40
-65 17 5
4 52 -11
9
-20 57 67
76 67 -97
98 -23 -52
-65 -49 -82
19 -82 -31
-52 -18 51
75 93 -10
68 57 -66
3 -55 24
16
13 -50 -34
-36 14 21
-15 8 -20
-23 -20 -12
23 7 -11
3 -44 89
28 21 -88
67 35 -66
-81 36 77
-37 -5 55
56 -9 27
-34 -71 -68
-42 -44 -69
-37 -27 -89
-62 -94 50
83 11 -32
5
81 -21 -84
-70 -91 10
93 -74 -59
-49 41 16
45 -50 -31
10
-42 -59 61
-33 -54 -32
-8 -76 52
1 -33 82
-36 -74 -24
94 -4 95
-11 65 30
25 -5 -14
80 52 -45
-10 24 81
25
-91 36 -51
-10 -29 -8
64 77 -97
-94 -24 -88
-97 -43 38
62 64 -73
18 1 -28
52 14 -6
-77 -97 -91
-43 -93 -18
-100 -49 49
77 52 26
65 -28 63
-70 62 -8
62 -99 -80
-73 -59 -2
73 85 -81
-46 96 -5
55 94 96
-82 22 20
28 16 36
33 -59 30
-1 51 -75
-95 -3 98
-19 97 -91
25
-92 67 -39
99 63 -86
9 58 -54
-84 94 -80
-32 71 -65
88 -61 91
11 58 89
31 60 -8
-14 -73 5
84 71 26
84 -70 77
-42 31 -73
-46 -90 13
-17 25 -4
-4 -96 -60
77 -69 -97
92 -90 -99
-100 -93 79
-46 48 89
-84 71 93
94 19 2
64 89 -22
47 92 4
25 -32 -85
-75 98 97
25
60 -87 -5
68 35 -48
-35 -30 -4
94 69 -21
11 -30 -18
-51 4 -82
2 54 82
-85 44 -24
-98 70 -98
-96 64 -95
64 -21 -44
4 67 -5
81 58 2
85 -76 -100
20 52 28
81 -44 10
-68 -75 -57
16 -67 3
-62 -21 36
19 12 -88
-34 86 -22
42 -63 42
26 91 78
14 -18 -56
-5 -81 -58
25
-52 -81 64
-50 -36 91
84 -43 97
-79 -34 32
-41 -31 87
28 -27 54
-99 -2 -59
91 35 -11
26 -38 90
36 42 -73
-92 -71 96
26 98 -70
-35 -95 38
61 7 20
89 43 -91
96 -95 -1
-40 -34 -12
-19 22 -24
-54 -31 41
26 94 -23
-31 23 -79
59 52 60
2 -82 -25
76 -56 -82
10 -96 19
25
37 -87 15
24 64 -20
42 7 -70
1 -99 -6
5 19 -9
-41 -58 -41
58 -88 20
-97 -92 81
12 -78 14
-15 45 -20
48 -10 -59
-82 -37 -75
-72 -60 46
-52 -93 2
55 -1 -61
-34 43 -81
-86 -8 47
-55 -6 -99
16 43 72
-69 84 -52
8 7 14
-90 -56 26
-37 87 65
47 0 -62
65 36 55
25
-94 -86 -77
-28 -25 12
-9 -76 57
45 42 68
41 43 97
-14 40 -67
60 -45 70
90 -48 72
-86 -62 -25
-90 85 -42
-44 -92 -8
-35 -99 -54
-52 79 -84
65 84 -28
-99 91 -85
69 -5 -68
68 -40 -11
24 -45 6
59 -16 30
-4 -52 74
-89 45 26
95 -4 51
4 -6 89
-27 93 -82
-41 47 -60
25
66 -39 98
-24 89 14
-47 75 -62
-43 -65 -30
-23 -42 42
-83 -88 -79
46 37 42
81 73 -48
-76 -83 96
100 44 -15
2 -29 73
62 48 95
-71 83 70
-54 -14 -2
-75 27 -54
15 93 17
49 -49 84
-45 99 -50
86 77 61
-27 55 -53
48 54 42
93 26 -37
-3 -74 -79
95 59 -43
-35 88 38
25
-41 -88 71
49 -71 94
76 36 -25
-89 46 6
28 -61 -87
3 -26 65
79 95 -11
-96 99 -57
-2 1 50
32 21 93
-2 -34 62
58 -81 55
88 98 23
23 -32 -94
36 94 -36
55 -61 58
10 -61 -88
-3 -19 -55
3 -21 51
-34 3 1
34 55 80
-27 33 44
-56 -23 -22
76 82 -1
-41 43 -75
25
84 -87 -6
-24 -64 -69
72 -22 79
-83 -48 87
-100 -39 91
3 19 78
-28 -54 -99
4 -10 -68
63 21 -11
-26 -6 25
-89 -99 91
-30 -26 64
-85 -40 -42
-56 -19 9
-8 60 79
-92 -12 88
39 0 -76
-89 8 77
46 -27 94
-62 -86 77
-95 -7 25
28 -50 35
-70 -24 68
-52 -86 67
19 51 -85
25
-45 78 96
55 59 59
-86 -39 12
-66 -44 38
-13 -100 26
45 -18 18
-30 -71 18
-29 -98 51
16 -46 -9
75 4 41
60 -55 88
46 -7 56
53 68 96
-99 -49 18
-57 -82 62
22 76 -43
1 64 -12
63 -8 -80
-9 -46 -18
-42 -77 84
89 -33 -49
67 72 17
-100 -16 -16
65 -18 11
-65 3 -60
25
-7 78 -15
-80 41 94
37 50 -38
-45 98 60
87 -46 -64
48 37 -63
77 -24 39
88 -57 -37
81 -53 -92
37 -90 -26
13 77 57
-9 64 -14
55 54 -87
-23 17 84
80 21 -54
60 -46 -41
29 -33 61
-66 46 84
71 -76 -8
-25 -36 -76
-27 -52 -3
84 97 12
-8 -44 -66
-51 100 -15
-62 72 42
0