4.000000
31.112698
5.656854
27.290232
637.529412
646.115604
17688.015871
17707.587685
33802.879676
32000.000000
32000.000000
32000.000000
32000.000000
31998.000000
32000.000000
31998.000000
32000.000000
31998.000000
31998.792002
31998.000000
32000.000000
31998.000000
32000.000000
19800.000000
19876.000000
10200.000000
10204.000000
10208.000000
10212.000000
20200.000000
20204.000000
20208.000000
20212.000000
27008.123459
27011.701168
27015.278877
27018.856586
30200.000000
30204.000000
30208.000000
30212.000000
34464.000000
