1000
383 -114 -223 -85 793 -665 386 -508 -351
421 -638 -973 -310 -941 763 926 -460 426
172 736 211 368 -433 -571 782 530 -138
123 -933 135 929 802 -978 58 69 -833
393 -544 11 -958 -771 373 -579 -81 784
-463 198 -676 -685 -630 -587 526 -909 -20
956 873 -138 170 -4 281 -695 -75 84
-673 -664 -495 -154 729 313 857 -876 895
582 -455 -186 367 434 -636 -957 750 87
-192 276 178 788 584 403 -349 -246 -601
932 60 676 368 739 -988 -774 -414 -906
539 -205 -430 434 -622 467 -399 -903 -98
317 -508 -348 -244 301 -720 -714 441 865
689 -556 -381 -560 -271 -969 -883 -903 771
-519 -325 -291 -73 -433 856 497 -647 -414
-35 306 -317 -781 -376 528 -129 732 -171
503 -981 -730 368 708 -285 -660 -851 796
-277 -382 -755 -154 451 -79 555 -621 488
764 -772 841 -650 193 500 34 764 -876
-86 -13 856 743 -509 -773 -635 859 936
432 -449 -563 228 275 407 474 -879 -142
-605 -971 237 -765 793 818 -572 -857 11
928 529 -224 -596 -557 763 -387 -462 -394
-160 -96 -182 128 -312 369 917 917 -4
324 743 470 -817 -510 499 772 -275 644
590 505 -861 -46 786 669 -918 -458 -536
-803 507 355 -196 -652 -389 622 828 299
343 746 568 -660 422 311 810 605 801
661 730 -122 305 320 -264 444 -374 -478
465 -292 416 -718 258 -76 637 -938 624
-400 -964 452 899 379 550 468 -929 -27
131 881 -70 -67 894 -340 -837 199 981
-101 -4 -41 773 -187 668 190 95 -74
-534 84 340 -910 684 376 542 936 107
445 756 179 -582 -113 412 348 -828 659
-991 -664 210 -658 587 -794 301 713 372
321 255 -181 -401 721 904 939 811 940
667 705 -772 127 150 984 -342 920 224
-578 269 396 -919 630 -916 292 972 672
850 625 385 222 299 -360 -958 898 -287
-702 -810 -476 -410 -791 -419 -181 336 732
155 994 -996 -621 -231 273 776 -150 255
860 -858 579 884 993 205 621 567 -496
-387 961 -246 326 -741 -56 -798 202 506
-216 -979 -158 -132 528 189 -128 908 958
-502 -964 -192 753 -752 303 333 -867 648
-110 754 567 746 -632 529 -500 -954 788
797 -751 -10 303 33 363 -503 -747 -108
686 125 152 996 975 188 157 729 436
-540 414 921 -540 -696 -972 -973 -950 -252
556 -98 -206 697 -301 43 39 -998 -572
-597 -500 -319 647 -462 -841 151 -465 -866
-661 692 -785 -873 -496 629 -951 -36 -715
-571 343 -665 177 -100 238 971 -51 -711
367 988 -708 795 -257 144 -171 -610 682
340 541 -431 826 -768 -739 -958 -640 117
-977 -239 -919 -691 190 425 -4 -633 -323
-766 -310 626 -476 -943 614 168 -795 -642
-688 386 100 -654 -274 -6 -84 -448 578
529 -54 -710 -353 -30 51 80 631 -407
-143 -373 312 886 214 -645 512 -910 -588
479 610 -31 -811 -726 -645 641 -380 433
-13 888 -662 -434 770 284 -144 -583 -394
-740 849 -763 205 59 217 -482 -55 -217
-127 -542 -127 637 -711 -517 -393 -522 -243
314 -529 729 100 459 618 438 -975 388
74 233 -843 681 493 -642 -730 -301 417
839 569 -637 -378 -206 173 847 -569 462
-318 390 -708 791 57 115 521 -843 -426
491 947 -49 231 21 -463 740 54 -970
-902 325 81 516 516 2 -769 -861 796
404 -662 -420 218 21 970 862 -188 379
-23 -315 536 904 -824 483 207 759 -143
744 499 911 -873 950 236 560 818 105
-437 -951 244 -289 805 934 291 375 -45
614 589 768 -7 -82 -195 -118 -178 -18
-283 -970 93 574 -874 -407 486 -747 -457
74 814 -287 -821 -623 -238 775 88 -81
710 -268 -706 17 -654 -765 137 691 153
943 -427 -672 -75 291 -290 -982 217 -164
-37 55 90 858 -870 -96 -429 -339 633
685 -211 73 -396 -149 805 250 868 -497
485 6 -805 -361 -51 120 -33 -774 -237
677 -404 981 -135 560 36 955 770 518
211 -658 -468 196 -621 321 -730 -16 -828
-573 -766 -960 283 -928 398 830 63 -653
-50 -970 -427 714 -941 522 -953 -76 82
435 232 204 -46 -557 898 486 640 -722
159 -738 262 683 41 848 723 -676 -728
122 -846 335 821 457 365 -253 171 776
-731 218 -299 703 -347 933 -93 959 -272
-194 797 -280 84 308 334 -302 -9 -624
-102 -285 52 171 -811 559 -494 -990 16
-776 109 -461 -1000 378 -891 53 81 114
338 989 426 -933 147 223 -213 -769 -468
-878 281 875 -150 -821 -410 -746 350 131
813 857 494 181 -919 -397 720 -567 982
-819 487 415 296 -175 404 -278 -108 -449
-703 -968 134 181 -494 -585 57 708 -405
999 962 -703 483 776 -846 -23 309 -413
932 382 21 -734 563 -140 682 211 685
86 -715 -70 990 -417 314 476 -884 820
892 525 528 -161 525 490 136 360 618
643 -663 -72 -418 -379 -690 955 -112 -775
-185 -430 437 -147 -992 722 783 -650 -343
97 827 126 269 -929 -349 149 -90 -472
-361 -602 888 -390 -607 -423 890 -24 199
-448 -69 -913 -223 -901 -343 -434 -48 17
-359 -265 368 298 -816 195 -224 805 266
428 -46 -472 -692 593 278 -803 -445 672
-226 -555 0 -675 -3 -717 -588 -873 -618
421 -307 334 -561 334 -579 -841 -15 -43
354 761 -238 -28 541 716 852 850 662
482 -601 -783 154 173 15 -494 851 -636
-210 -737 -509 172 -963 537 -141 -172 -129
280 -13 856 -410 -659 970 352 665 511
69 517 361 83 351 -888 300 -494 638
-333 364 489 32 -846 -896 875 679 -859
412 -462 -31 -364 -830 956 -156 -240 -351
-186 -535 -686 -674 886 -817 -961 -31 535
-848 -379 -607 790 289 -891 631 -327 -736
735 -452 -705 877 -687 -167 198 -51 355
155 793 -532 -844 -40 -67 -177 286 171
358 677 -860 245 -819 -239 990 -677 -950
-900 954 75 -636 -958 624 -341 919 -711
844 469 238 551 -24 383 -981 133 -657
304 956 981 -525 666 -989 -33 -88 -808
729 -98 -132 -869 2 174 207 718 216
183 -623 487 472 -427 -43 62 -875 933
-203 -504 418 141 -847 726 474 -20 393
485 948 -695 -970 -971 559 -102 -840 -438
-576 719 -720 641 -98 10 480 -274 583
-211 -860 708 -277 -62 -443 -507 -569 -290
-780 905 690 613 391 638 -730 421 667
829 -329 -820 -257 95 899 24 88 154
-614 -431 -768 969 710 -627 -970 -567 663
-413 279 -906 649 499 -649 339 464 742
330 -914 515 349 915 -814 881 11 634
-867 -613 -278 287 -227 643 519 -258 354
-756 124 -861 -741 -937 418 -647 712 269
-295 404 -267 -201 -266 -181 -685 -565 87
-147 -331 -550 -513 -198 -163 562 -911 610
205 960 -296 -89 -443 829 403 -184 892
-179 522 605 -557 -421 361 528 378 -553
-300 -955 -118 787 -101 551 -411 386 -647
426 -52 -206 36 -494 107 -908 417 664
921 -180 -520 -834 994 -646 -877 -563 -67
484 -683 -688 931 17 -291 165 156 608
69 745 -5 422 171 -705 -431 -441 -199
676 -348 -429 340 -75 743 -828 91 -911
-473 566 -122 812 50 196 -876 333 -787
186 -501 370 -206 568 115 -859 342 -361
-563 -737 198 590 939 -798 -487 631 128
-743 804 -429 -654 -317 -862 225 -505 540
-579 -28 226 -366 -842 725 -644 -48 645
472 446 339 -889 883 603 661 825 542
-784 -661 174 344 -404 330 -733 294 -987
-243 -481 -140 -350 292 832 876 -721 990
953 -365 295 598 -893 -259 -63 -430 -24
-460 -416 -199 -917 -200 492 609 -504 -560
-61 -237 735 304 873 -394 -836 -477 -749
-651 -249 -470 -661 -296 165 986 -698 625
79 591 -453 -593 -516 131 561 -81 931
53 -472 -573 494 819 543 581 123 768
-813 639 -357 -562 988 394 320 -320 -902
-514 18 -248 -537 -902 -305 10 -495 179
-858 -934 -902 -575 472 -22 -147 -34 -203
-252 -453 -728 -484 86 912 159 877 900
-447 197 -68 3 -965 951 -893 -502 -951
154 861 -94 -666 -997 325 -216 -572 -203
763 633 -885 -440 -619 14 185 -103 -900
97 -592 -671 349 313 879 -366 -684 914
-415 -225 -235 -14 930 -374 892 -384 -371
569 752 409 -634 515 395 -167 -572 776
847 613 26 -700 62 786 -371 -237 100
-492 397 416 -225 982 -456 540 320 -174
-482 565 794 499 134 546 -92 853 62
-697 -314 842 -568 -466 807 810 -166 -131
596 815 984 -304 -676 382 -535 451 716
361 343 37 -813 861 -398 981 360 -912
879 -380 941 293 -76 -372 135 708 162
-58 870 996 -837 466 811 -500 -485 -513
-766 332 -710 950 -307 633 339 -120 494
-707 213 -146 -618 444 475 -677 -262 -249
-49 873 -189 -535 168 -319 -187 683 -501
-23 -465 14 464 -231 -654 -893 72 391
740 -589 -377 587 57 836 -207 439 281
-380 -886 -629 371 418 -404 -466 883 764
567 -303 800 -933 674 -665 433 490 457
-868 949 -471 523 690 292 -853 629 -651
-665 -578 -860 968 43 -745 -661 -234 -975
-64 653 -740 52 220 -43 204 287 -17
540 -279 -174 -3 205 127 878 -272 169
170 227 -202 520 563 221 660 883 -384
-733 -777 382 -708 511 35 -447 -437 -392
862 768 895 198 660 -32 -624 9 -827
503 -113 254 -327 -943 -519 823 929 -604
44 942 -720 -988 -791 -145 747 -146 -634
134 759 281 742 973 401 638 171 413
-42 899 -578 484 755 661 90 -220 -929
923 -397 -1000 -680 -1000 942 -48 -988 -496
807 759 358 -475 -106 117 -842 -364 90
560 -374 -386 -27 937 -135 748 421 -380
409 -137 400 832 -214 -996 833 458 -644
-873 -590 -632 -369 -431 -872 -659 446 374
458 605 -990 -99 165 -11 867 -510 -74
-268 -762 -301 705 -1000 562 457 832 -652
461 -983 807 -831 -503 -431 -462 128 139
18 470 -415 -608 280 -458 -246 -467 707
743 -600 -450 21 485 -212 720 190 140
634 -353 325 983 -539 694 -858 -370 -809
63 520 320 -446 -462 142 492 -70 -578
-966 685 308 -906 780 708 -356 -198 545
784 -478 87 -75 -843 735 -398 -508 -452
-704 -14 530 -160 -951 51 -488 -44 589
654 -552 -128 -572 -518 -443 -912 -424 -663
797 220 139 694 5 -986 -218 -718 -477
-131 236 15 417 884 -647 299 -276 -246
-650 236 710 -708 242 -842 164 -977 -359
721 -889 569 -590 -740 -210 902 955 -853
916 89 -219 -561 958 -983 806 375 901
-489 -326 -22 265 377 -434 -24 669 -839
134 -167 -464 -873 -94 -1 697 316 260
-161 570 567 -14 486 8 767 -723 -34
-864 -565 -307 -963 -54 719 367 -788 96
934 540 117 -905 -326 950 -369 -198 208
630 -149 -475 242 690 -553 161 -324 934
-831 -205 -437 135 -69 351 -820 320 -703
900 -312 -139 -4 -26 -599 -886 69 428
-584 -948 -418 625 682 433 -498 277 123
-51 -210 -849 235 -40 -54 799 -553 -771
502 -372 549 799 -472 -411 13 876 563
766 990 -16 194 -241 36 776 -616 71
209 238 -300 -316 -461 490 -165 775 -550
781 926 250 -638 428 878 -736 579 -242
-147 -56 -366 -231 -289 -23 -895 -743 736
142 -966 -528 -435 595 710 265 -368 -751
107 467 -624 558 601 -698 160 963 -918
38 -773 -986 796 433 -42 -570 -446 669
407 -341 927 495 801 -687 967 -282 -740
-971 -665 -108 -369 443 -288 7 353 -687
662 -487 -372 -904 551 -144 -890 699 -359
69 -519 195 90 889 854 369 736 -992
682 704 -274 -705 733 414 187 -636 -143
-749 724 -790 -436 738 -277 193 834 -374
-599 945 -675 394 366 -194 -411 -544 47
-205 826 -216 -197 860 -160 882 -845 -427
648 695 290 -495 946 366 67 -137 104
790 -592 290 -232 161 235 93 -445 -399
-749 144 410 651 -709 588 -565 447 448
275 681 956 -800 329 651 842 834 949
560 -99 164 -336 43 572 955 811 -267
542 256 640 -504 859 136 -742 510 428
846 -703 -125 294 924 -444 250 -875 885
253 -681 -929 555 880 324 -281 -104 -633
-356 203 -470 729 -254 786 370 594 645
-142 852 508 -714 698 805 513 344 730
-579 -53 -793 -342 -800 -122 -271 -893 -242
-947 179 -993 -228 -825 210 302 904 -692
440 626 902 86 -515 -894 -54 123 804
-249 -363 501 -167 410 -552 392 -931 0
-729 150 108 381 556 -713 388 -672 -538
-49 983 -282 259 423 -655 514 -139 182
972 807 -343 -871 -89 294 630 744 57
-922 137 126 78 760 -372 -814 141 -816
-175 -118 -135 639 833 -152 -642 444 -377
55 310 485 -411 283 644 246 412 -445
-107 42 -700 950 120 789 428 -450 549
-944 -263 42 -759 914 924 458 554 -891
-342 -736 554 281 319 216 118 -740 -501
-237 506 -737 318 -601 305 970 -299 -223
-889 -871 328 -988 -814 -583 55 -221 -317
-21 -411 -763 89 247 -147 -5 -120 -476
-789 999 -216 -289 114 -357 326 -216 42
-368 107 -904 761 218 -775 441 231 -237
-790 -714 894 -106 617 -165 483 58 -918
-663 -947 315 213 -383 314 998 680 -220
-359 6 564 -965 638 23 -869 752 -758
-291 545 825 824 756 -537 -929 2 -920
-94 -515 491 -11 174 544 -344 -612 -839
970 -262 841 102 379 -152 18 766 -162
-958 -750 -58 -716 -41 -512 -539 135 -404
-76 206 598 356 -887 -565 -153 454 962
-256 -890 -298 257 -568 440 451 886 171
-701 -96 289 489 -54 539 -216 582 -150
272 -957 986 868 319 192 818 -324 657
-747 875 463 -785 -381 925 269 877 -291
-291 680 -405 -768 -669 500 522 820 -554
413 -44 -971 -736 -772 -576 -750 -552 744
794 -382 -228 804 -128 -353 267 439 619
193 -291 848 -746 770 528 -150 -645 859
-650 -771 -969 148 642 -12 177 906 568
954 -492 -631 698 -697 -13 -530 -893 -789
469 726 -997 440 271 64 288 526 186
-184 -624 541 27 78 -878 59 -774 765
-601 404 -977 967 358 -468 -312 408 187
676 -770 294 -761 -949 372 -758 492 -356
306 -220 -478 -507 949 -102 -614 328 976
-491 -613 -798 -374 138 958 -351 458 668
181 -854 428 -280 -826 658 -986 -586 -938
739 -344 554 -265 -685 -666 257 160 -365
-493 546 964 -517 -945 -297 37 33 842
348 683 300 368 216 446 149 937 621
159 -697 -613 221 -958 43 -225 -223 710
462 -614 -130 -903 -107 -583 -939 728 -176
117 -234 858 -41 -534 893 -741 -814 109
-943 335 46 -970 -505 702 -583 716 -904
813 -508 -126 523 -694 260 -606 -597 -494
163 -183 -766 -661 934 352 -451 -107 818
-558 504 -995 904 913 692 302 944 -813
4 -639 -744 101 -474 -252 -673 -950 54
939 -204 809 -555 -689 -374 -320 2 -88
-968 552 -843 -797 -654 661 -440 -750 927
-748 553 871 -560 -443 -416 48 -990 111
-852 -663 513 554 -723 -339 363 74 324
-658 754 -674 254 -861 878 764 -658 -775
777 -98 -173 704 154 -620 575 946 290
-840 -6 300 623 142 990 488 -304 -381
-851 -588 693 825 -246 448 -849 -640 587
-618 -876 929 -41 902 183 786 606 -663
-833 534 -364 809 -954 630 109 669 125
451 157 -827 -930 658 -415 764 483 339
564 986 -948 503 -632 -824 432 327 -570
-33 466 -963 304 633 571 -708 794 617
-725 255 638 400 -293 147 573 -223 157
-841 -107 -8 850 -543 -22 902 960 347
-569 744 26 -139 -289 -508 -102 -632 -523
-179 -340 -729 -210 287 879 -220 -313 -414
-721 -387 363 436 124 -391 -572 -26 66
759 229 27 458 660 -229 -516 -127 835
329 -876 -797 -842 -55 215 -218 -912 -497
-339 -132 542 247 500 -845 -38 -64 631
571 717 -42 -362 476 -813 -983 -66 -801
140 770 72 327 451 196 882 610 -506
98 -608 -418 953 53 802 847 -348 654
-645 614 -409 986 538 -340 -56 -472 -512
483 -455 422 -966 -963 544 107 365 -4
-345 247 -394 149 -303 350 -917 2 -597
-762 -150 55 892 205 21 -165 191 -89
495 -512 439 983 -677 -664 757 -642 -274
302 465 -909 -350 -880 690 608 622 -612
-42 -943 390 361 -705 -760 -232 -460 797
-859 375 341 53 223 829 -156 558 -848
533 316 -490 -741 -30 -673 -650 972 -200
-960 580 -226 -220 -462 -169 -829 899 479
-237 19 -981 -439 512 746 -746 -83 -31
-917 762 -472 -413 295 -804 450 554 166
-871 -744 138 -71 -704 -282 -945 429 608
-113 600 507 -282 -285 -122 -263 628 -610
-165 882 308 805 -683 422 -315 257 69
-119 -293 -377 -601 -164 -121 889 -882 527
-393 -827 -44 -785 412 -92 -926 -870 976
304 219 956 -954 -945 839 706 -788 -492
128 -103 765 -803 -870 -528 172 -471 661
-597 -582 -869 -717 377 -344 591 944 -931
-148 -630 -449 -172 -974 -877 -216 -928 -470
-25 779 94 484 259 991 249 809 -527
-926 -19 2 735 737 772 866 -980 501
-126 611 445 -57 -185 -833 847 643 -807
-678 -220 -383 204 -893 -604 -702 591 -992
-711 193 817 -238 267 150 -884 354 -113
-760 572 259 741 -554 223 538 742 -962
705 589 682 -750 -737 -186 -133 467 -79
616 765 -135 624 -594 -942 441 520 325
-409 988 -321 831 -772 -749 90 969 -303
-687 859 -209 -648 916 -268 -614 -834 -5
200 385 -186 -527 1 -421 338 -23 337
396 -582 -143 73 362 -155 -896 193 425
-293 -365 746 405 -51 605 -452 653 873
281 -961 -961 -724 591 777 91 -936 130
-978 755 -892 360 151 -474 -431 -423 -760
415 -319 433 192 389 -931 -61 146 370
-104 694 23 -230 -25 414 161 604 5
-62 -305 421 -931 69 176 -823 -571 -320
55 -1 257 296 -234 938 81 958 679
502 249 -175 224 -854 -128 -753 -84 847
661 -923 451 18 16 -502 -560 437 568
616 966 -651 -704 21 348 905 -331 -534
-804 751 -223 875 605 -974 53 -170 -828
925 429 88 772 443 518 576 -539 -114
-574 -99 -677 994 -130 -711 -304 518 662
-604 424 -668 -137 620 -565 640 847 -608
-982 -100 222 -457 -175 4 983 -50 -553
501 -122 -92 -613 304 -838 62 651 32
351 -653 -98 366 -257 -674 -950 958 -702
-163 950 -502 229 969 398 -196 -488 -424
808 -153 878 -745 -651 108 163 -264 -236
677 -849 -585 -291 854 114 612 220 -790
-710 270 -832 -59 -893 -529 439 689 -560
189 -507 304 -883 -347 -849 -653 -92 -148
455 -577 941 -428 -899 -908 339 162 946
-546 126 519 16 769 -211 184 -290 249
655 -499 290 -553 -958 783 -897 -488 -212
-393 211 696 811 19 -529 752 591 -76
-804 -70 -913 -857 736 565 662 -248 334
-197 -711 -604 -596 -704 -103 694 96 292
829 199 -844 -383 -842 367 -335 -678 -614
137 -926 977 -939 -729 -92 -500 -234 -4
-934 -220 749 400 935 -962 797 -660 -666
46 -614 430 -310 -784 -18 -154 185 492
-786 851 814 -48 340 -759 -70 753 -136
-810 -746 630 186 -328 -238 287 -928 -303
325 -779 389 660 620 776 442 -690 992
-576 509 529 -731 -925 380 -917 27 -280
-676 -691 -526 188 -501 80 170 -962 752
932 325 -824 -18 -349 -602 -629 -337 -630
-853 -543 32 -509 234 -459 -979 503 -384
753 938 996 -174 -737 -695 652 803 157
-268 326 195 -164 258 -480 12 -408 523
762 -36 -462 -868 463 348 165 -693 -418
-942 -672 -563 27 -567 -625 23 259 -10
328 -89 146 -515 995 -528 -968 -169 -918
-95 -804 -325 -572 958 639 319 -557 454
-333 960 761 601 -630 -559 -962 397 -125
-587 -580 -514 756 -899 398 -98 -62 745
374 323 -71 456 -772 125 -869 8 435
-878 -321 -770 577 346 -810 690 -53 -87
-868 337 -690 7 751 83 493 507 536
243 -591 -174 -11 -865 -851 918 591 -623
395 723 738 -170 -803 -583 413 774 -884
955 465 415 -132 949 -247 179 -44 -144
-386 -199 -285 -850 -603 476 -24 738 611
126 -992 202 855 403 277 593 -415 475
-989 998 601 -873 -694 418 542 174 367
-353 -647 -677 503 -33 477 -782 469 -774
694 -554 964 305 924 972 -140 779 727
-863 725 -336 964 736 15 566 -785 321
-16 -891 -505 -648 -243 201 27 -740 -480
-144 -169 990 82 -475 -212 46 -817 -288
370 43 -509 449 532 -784 -534 497 -696
481 63 -129 154 -601 -19 -999 -249 -910
202 -869 -298 -925 -13 533 -935 -930 -589
205 468 -54 917 191 989 -240 -8 873
329 458 370 633 291 -215 -143 -203 537
-810 -201 -712 -720 -647 -229 334 -572 759
220 -155 -819 983 -950 -999 -71 -681 192
270 80 -463 143 -591 -653 -134 -606 639
-997 603 -212 540 793 587 -819 -575 941
-48 -888 -279 63 332 567 244 315 969
246 -756 -711 -210 514 721 327 9 -870
675 875 -124 666 -769 -520 -546 771 -375
-958 -696 403 -665 257 515 56 -328 -153
-25 917 -486 -55 163 -242 586 953 -376
307 281 633 789 308 861 17 -26 -908
849 428 -785 -525 822 -128 -770 -843 -519
745 566 153 -408 -459 70 458 838 -415
-784 424 -461 192 83 -828 177 -128 832
38 -758 -194 482 -909 -414 -950 -82 -591
-78 148 -82 755 245 -516 -92 -811 378
979 647 216 -436 -785 -7 455 407 -924
979 -415 301 811 975 895 -31 810 986
556 -788 257 -683 486 -243 235 241 -997
-928 -851 -808 450 -520 840 18 397 -945
-989 204 815 -560 184 -600 -907 347 -273
988 -683 -463 974 873 101 583 -810 -413
-659 777 828 -304 -799 -670 -112 -997 -190
80 22 -441 136 385 764 303 -823 300
-945 -730 -353 -218 -742 -36 672 -415 -163
-227 -832 379 361 -139 509 189 557 710
519 -554 -934 -318 878 88 241 366 -175
357 -331 3 -343 -276 625 305 507 884
-731 531 -531 459 -696 -11 190 665 851
51 207 408 -238 78 -794 -172 760 -915
-732 354 451 445 -289 -879 -200 369 -155
-574 26 -296 -338 295 -765 131 106 -460
-880 -351 -443 -677 700 -884 732 -186 195
-710 642 307 -625 -738 13 -821 -940 -923
-700 -140 446 497 638 -176 -446 -700 -529
-211 431 578 681 904 -421 -409 -773 -721
-293 -689 94 -746 -398 88 914 329 703
279 508 763 356 -840 -25 154 -990 -386
978 -436 -86 -550 353 -302 -620 387 -46
-41 978 533 238 37 845 -316 644 -201
773 558 -872 828 -163 989 591 -454 -851
-82 700 -841 532 679 -277 -201 -871 -571
497 -491 816 -197 820 -854 -664 58 183
-467 -905 -173 332 -780 -263 813 -952 927
802 991 -527 -697 -91 -475 -537 -558 -796
538 593 -315 -681 442 546 -513 -755 366
-367 -419 -223 -831 115 -128 348 -201 92
-562 -388 140 -635 -586 131 190 70 -608
715 533 186 -728 423 -221 -43 -905 -779
-496 -418 -182 -778 568 752 -1 -911 219
871 789 -982 315 -773 -17 -545 -56 749
938 -866 -181 -317 -798 -296 869 -526 -872
-351 783 -777 222 -361 157 -607 -138 -275
-855 -787 166 364 -563 -44 734 752 183
-283 -440 -520 -533 -150 -34 286 533 168
991 403 994 -529 -596 778 46 978 -583
-445 -629 279 633 -132 493 -201 -416 -718
755 -681 -966 291 388 -406 771 -793 797
89 494 330 -742 837 85 -396 -340 489
-618 -942 820 -200 -387 -809 -569 -754 412
-724 46 996 -442 153 -333 -55 -556 -944
891 -433 -737 688 -991 -891 19 -381 -702
-544 223 -42 -702 606 16 -882 -242 982
-339 541 -772 -927 818 626 -930 -272 -220
-263 673 576 145 565 -504 409 253 -495
870 -376 124 -831 433 -653 127 731 -695
-504 849 63 -522 -490 -43 58 -64 -225
-315 358 503 465 -553 529 41 593 94
537 354 -301 -606 224 676 518 745 109
-782 225 192 -477 721 41 939 -449 903
-104 609 191 -977 -706 -451 878 -889 -3
759 153 -410 -147 42 -704 905 789 872
933 307 618 394 877 -157 -414 -247 -84
979 -308 467 882 940 428 74 -685 723
975 -455 834 -28 -695 339 914 510 -266
-790 415 -477 -565 700 -818 -947 94 -940
-104 -968 -187 812 -989 857 631 894 -851
59 320 -184 134 295 361 321 -380 666
12 -114 177 746 449 -56 -379 884 -355
156 937 -909 216 185 -876 -619 349 -513
-410 -20 -619 91 -609 -947 907 526 701
268 -153 -327 287 -789 559 -536 -690 8
760 -69 244 -243 -913 533 -151 655 -282
325 -612 -933 812 -22 399 -454 -931 791
-49 -672 669 4 597 -132 677 -116 79
589 700 389 -51 460 -327 -806 -782 112
727 419 120 -554 96 508 -135 260 -161
-383 806 260 -592 110 589 -571 -886 538
297 792 -226 -272 381 -526 -882 -670 -714
143 -124 -144 -745 -396 -373 727 402 -925
236 -381 336 -573 236 494 687 644 -396
276 -927 -281 166 722 -137 940 -549 -404
-234 -79 278 405 -936 -845 -739 -329 111
241 -601 -487 316 987 132 4 -586 -279
-501 -899 -635 455 730 -209 -474 -104 -135
389 -163 316 -663 603 -411 616 8 5
-877 622 677 586 215 -572 -549 -117 -585
583 888 -171 -344 -261 282 22 -806 12
-835 -279 909 382 -538 -254 51 -200 -299
640 -232 -938 -354 243 -964 -325 -171 603
103 280 -514 518 215 -274 -301 872 465
981 246 660 -6 763 -619 255 145 -157
-647 -804 995 54 -811 -237 468 -165 -642
856 510 187 459 -35 -533 946 -517 683
-328 534 907 -862 515 153 -850 -491 -84
-117 764 -939 -922 -531 -390 -926 524 -201
189 344 634 548 201 496 -265 -340 -539
555 -42 296 590 631 -170 497 -879 -303
-350 -377 559 918 506 675 -669 584 -855
-59 -990 669 740 200 365 726 100 -434
574 835 227 -613 742 -463 683 332 -832
-135 -171 -359 563 831 264 122 749 -230
149 -919 -293 294 22 -283 315 115 917
-319 193 17 247 -232 205 -174 155 -53
364 191 -368 884 -944 461 -122 971 645
-858 445 394 265 -405 827 972 889 202
-311 205 -683 -41 886 510 -672 485 -370
885 -336 786 185 -620 -23 817 -736 385
630 142 709 275 637 154 22 -98 -899
-151 226 991 -949 -733 548 -280 226 786
-417 907 271 213 792 -713 351 329 -333
-320 146 -68 -934 -223 -574 -873 -596 -937
281 426 317 735 -372 -457 -922 31 -189
626 -896 -611 412 -313 -704 35 -748 -559
675 604 770 -658 -716 -83 274 -298 -954
-947 -171 -550 -884 -537 -771 786 -802 -143
-671 -724 888 140 -746 992 530 -982 31
-822 405 284 -381 80 240 -258 423 876
659 49 -69 -943 102 760 -141 571 -425
88 357 -227 945 -962 401 -814 531 655
-470 413 673 562 591 79 198 -437 -841
-210 305 582 -334 316 -16 597 373 -914
710 -416 -991 -715 673 718 411 970 757
-188 -492 288 -532 39 -299 -507 -47 -356
924 -849 559 -916 293 -136 -982 959 -468
2 909 -743 441 619 -158 802 -744 -485
521 667 -163 630 -168 346 -82 652 -615
971 -855 690 -33 -930 841 -473 -494 486
743 -124 445 -724 879 706 -115 672 677
727 474 -714 -406 347 953 432 -23 137
130 -753 -211 515 -430 287 205 538 709
398 -583 -785 -116 -488 91 -319 140 322
-260 -974 346 -583 -895 -179 55 -300 -832
9 -516 498 -502 614 745 288 481 -684
-73 38 -794 -364 -212 -25 203 -976 487
-354 57 -372 969 797 -346 667 -433 111
-512 622 811 9 -17 -353 -493 482 -387
-396 122 -906 -80 -599 484 478 37 -728
-547 -408 -704 941 238 354 -79 559 151
927 227 -930 38 -933 693 202 428 28
849 935 -490 -185 -108 984 -91 -836 -615
-254 643 774 18 -552 -634 315 -259 957
21 662 868 -476 941 95 -405 -20 515
-360 -818 -57 668 -617 231 -469 198 -877
-133 -540 -361 253 206 -718 27 -776 -269
746 891 824 703 264 487 923 789 428
371 -264 -240 -114 376 -58 -819 396 678
764 -721 -124 -761 147 336 -121 -248 -106
161 -869 119 -756 877 362 -931 932 -373
908 856 -232 688 227 504 -551 -535 232
743 -354 -20 773 -589 260 -350 -350 -241
-662 529 511 233 43 994 -296 639 -776
-582 -940 -844 397 968 -636 -835 -991 943
669 -542 -240 -99 -447 759 -766 -673 -478
846 329 524 -395 -981 54 -532 604 -551
-538 -340 -560 -314 79 -499 195 -524 -531
911 -358 -170 -793 -337 640 -33 917 -806
78 -849 -127 600 997 -798 125 -398 -427
-469 422 -822 -20 -764 -162 420 -77 917
921 -530 -254 -257 -267 740 925 -60 -597
566 -740 -680 -888 338 -177 -15 -61 -180
539 -584 774 -888 -53 196 -710 927 785
481 699 60 750 973 530 -504 68 -385
-764 -7 556 -8 -89 -832 664 23 858
-512 -992 149 308 899 565 435 -636 -488
-17 -346 -209 -232 -513 -157 828 -762 -184
710 -266 -764 -674 323 581 -766 -685 -507
-598 979 516 -740 -533 877 762 -872 776
327 563 -860 840 -102 147 -369 667 634
474 495 -776 -358 558 -41 230 884 -366
-188 -882 -51 657 -128 280 173 484 -900
402 246 -420 531 -426 -505 -977 -234 393
522 397 60 157 224 -92 381 -782 -534
-308 449 -298 326 -387 172 -373 -730 -956
-740 795 528 -640 550 127 -60 81 -947
787 104 -181 180 -373 -432 -407 -864 -856
853 869 -637 -329 -86 -836 373 -408 129
-455 220 751 -59 480 898 -179 -808 448
948 484 -471 -999 271 986 172 -197 -35
741 396 453 885 249 674 -400 -728 -412
-236 645 181 893 -458 -247 996 483 -415
895 -343 -223 343 -395 -739 -775 -41 884
-437 -869 -313 528 -776 -564 333 -890 -963
7 -290 -690 596 827 -693 129 -928 202
-766 -931 37 -181 964 694 948 307 -348
-439 532 611 -555 -905 -906 484 975 -681
920 308 -571 958 -332 491 -380 -736 318
-73 745 391 -871 979 812 167 150 776
-139 98 83 865 659 -32 476 -896 415
923 940 743 -758 861 403 23 819 -929
-134 -561 -313 -815 718 -568 928 848 -237
740 367 913 868 -420 363 303 -554 22
-729 -726 478 -961 -803 419 782 -561 632
537 814 451 609 -319 -758 -704 218 -688
81 498 -488 844 590 879 -890 458 -188
825 113 610 -152 385 884 -322 776 -918
-551 910 -127 -919 447 40 884 56 -927
-522 353 291 -209 -214 141 303 -18 -269
535 444 -459 -653 270 654 957 -530 391
-807 148 519 -725 598 429 501 679 -123
-107 916 -715 -34 -606 990 -743 185 -224
750 -511 759 -167 -624 203 726 -277 -527
732 32 -57 124 225 -556 -357 853 -606
-575 706 -575 654 -401 -659 939 565 -264
930 -826 921 58 924 -238 169 109 138
-627 -165 -787 198 -433 245 -506 -957 -177
290 -313 28 684 464 -266 -891 118 685
-549 57 602 187 339 776 460 -602 -948
-777 919 161 361 -708 -652 575 843 -85
172 -311 -41 -653 979 998 375 -985 462
-539 -876 -68 -854 -73 989 748 -534 681
876 927 -569 -720 -850 -650 793 863 -5
-859 790 190 409 315 879 -632 662 -790
-282 390 -775 -820 851 -299 112 998 981
453 -902 -553 486 -673 -626 917 -393 -124
-380 -599 92 615 -106 -118 -195 -697 -451
36 23 -788 598 741 602 -825 -727 805
228 737 803 209 191 -746 657 -323 -419
-617 -53 540 260 567 -707 -648 534 540
586 -309 843 -864 727 -133 -300 325 -40
-346 852 234 -541 80 -29 -385 -710 -486
221 -701 544 -846 -318 -509 694 942 -590
-660 -354 944 880 -415 -365 -925 73 -286
-58 773 -609 -745 -573 -757 489 238 323
-540 853 965 327 426 -736 -129 580 -53
362 275 241 772 967 -760 -932 847 -175
-297 922 898 769 217 -977 -840 472 -198
-245 313 -960 -922 -875 -754 -604 452 672
-340 -677 253 607 -963 -120 201 -839 -153
441 -771 46 -734 284 320 -484 53 -111
-461 565 -287 341 -680 -974 381 -249 -496
979 147 956 652 807 -368 257 767 -331
-511 -32 -169 336 -591 60 -266 27 -303
-946 543 750 -56 -918 668 657 423 988
-964 156 91 -460 136 -762 -504 140 -602
128 -603 -835 -850 238 133 -19 -74 894
-607 660 -79 90 -934 -536 193 10 -102
-139 20 -679 201 408 829 -707 948 -35
-469 -204 -543 -71 -723 206 446 -573 -556
-69 760 370 -175 -847 30 -902 244 449
-86 -211 -189 812 650 831 -515 203 239
-685 496 539 632 -620 -664 -558 661 -387
648 108 392 -907 -609 152 815 217 305
198 667 -99 -353 -66 690 458 -254 692
642 584 -104 233 -749 -256 -227 -765 124
109 -323 -214 -926 -674 -754 466 -229 -11
-382 -414 -442 923 -864 -774 177 -217 160
-133 -406 -742 -88 -764 842 808 469 -555
-448 -758 -319 -971 703 358 167 777 -964
765 595 -193 -246 -787 746 313 -511 882
539 666 18 51 -115 612 309 -851 -800
504 957 669 949 -138 -736 -370 -109 -681
-659 -590 -551 -623 -825 -956 537 -71 -390
635 -758 99 869 -867 117 -113 184 -646
-149 -154 -496 51 -650 -187 73 -349 675
337 634 -82 656 975 328 -895 -296 503
-498 -759 -215 112 876 27 -789 -902 513
680 -15 -303 -614 -811 895 -110 240 -755
-944 -687 -103 -917 -998 -469 2 659 -142
-318 -884 562 -462 -382 804 323 730 -968
-298 -707 -518 -785 -675 468 265 64 657
160 -694 249 406 -638 915 -345 -554 917
538 800 576 -604 -518 -955 -690 20 15
-534 -657 98 -149 46 743 333 261 -579
-199 -122 485 -190 -961 791 -588 797 -846
-673 -548 -400 -756 -658 -600 -827 90 234
-430 400 -745 585 867 -50 -317 -282 996
-221 -949 610 200 205 -512 -315 -633 -121
-524 -221 -324 -18 458 128 934 703 822
-314 -772 -88 921 -202 -687 -824 -265 -820
478 771 -102 475 -450 301 437 750 -494
-723 -213 226 157 615 -995 833 -402 816
314 -468 519 136 219 -901 -951 492 249
-638 -980 984 -106 498 755 -856 325 -343
445 -238 -593 -696 392 546 530 -451 162
887 -266 760 703 -952 -356 574 537 -785
673 938 707 -78 -348 727 259 546 226
14 -958 -449 -976 487 666 -217 -857 58
-670 673 959 492 913 -307 604 616 94
-752 191 -369 -184 216 -431 -477 -509 573
-397 750 119 -819 116 513 84 140 0
-250 924 496 -840 -746 521 -881 -902 434
165 702 51 -741 -698 -406 242 118 810
-837 994 -347 736 -403 -597 207 -222 520
-280 862 12 -928 -35 -64 568 125 542
442 597 640 -124 -238 694 -721 373 997
225 -33 467 388 130 461 -959 218 -590
-555 -575 540 -683 497 403 329 569 -280
-734 490 -803 808 -68 -854 801 -840 260
495 -560 -367 844 -983 600 312 405 82
125 447 -700 536 -756 77 76 -439 -426
-169 890 -856 903 -492 986 -899 -331 -82
-401 -530 78 860 965 870 -155 810 888
-554 122 645 880 -401 92 -819 -513 688
610 916 -751 -815 -253 -508 -319 3 352
-333 456 -979 937 -945 -509 15 915 -543
238 -239 -733 478 559 741 123 439 -308
-432 972 180 -744 935 96 -142 -880 -805
702 -199 198 54 820 -346 76 757 62
567 -228 -23 -624 -638 -910 -5 840 -999
88 316 793 781 884 765 -39 -508 700
-943 702 -828 -396 404 325 803 -541 145
-191 887 -98 871 454 -973 201 -817 -259
643 178 -418 645 -733 -750 438 -952 -866
555 361 -22 608 770 -319 780 -626 -563
106 -471 -104 -397 339 135 858 562 -410
885 115 125 -374 -241 -697 560 -596 -78
810 842 -30 -704 397 -317 627 5 -547
-692 138 -172 -255 -404 709 994 199 48
129 57 -37 -929 294 -922 196 -727 189
852 833 593 -226 996 787 -903 -356 537
-220 -729 -106 234 -421 -968 -586 677 -372
-877 -977 -820 524 504 589 -513 576 -116
-83 124 157 -893 -24 342 -948 -897 690
840 -800 -665 377 -20 -394 -729 -434 538
-344 -20 567 636 456 590 -832 -20 94
758 819 22 -6 88 -853 -497 195 475
-803 600 578 888 792 -870 -777 169 463
181 792 -971 -281 -200 10 -714 -211 -534
-772 -43 798 323 -285 617 -303 -939 -295
196 -436 -747 -328 -238 -795 -398 -350 997
85 225 518 -452 -594 662 -423 478 -537
939 -884 252 -243 -655 -439 -445 -980 277
-476 -283 690 582 914 -745 -813 -62 17
-608 892 -981 -259 -23 596 -741 525 -998
-727 -545 832 -264 -606 949 -660 504 -706
-98 -941 -686 -469 -64 383 -779 -130 297
-172 57 -413 -803 801 -520 -432 -106 457
-836 153 335 -481 426 790 -649 -485 -464
-348 207 -960 -54 -539 -548 612 344 388
-4 918 -390 -355 -254 -981 233 296 820
-935 864 66 522 -971 -781 209 -452 997
351 251 -136 888 904 -928 928 202 -115
-268 -185 -770 -528 -837 -852 82 160 246
101 -255 -458 273 -190 -593 -661 -315 -564
-90 894 336 260 246 -61 -876 486 -157
-452 766 -602 434 -501 213 -984 -29 728
-836 -594 -112 410 507 634 -695 133 -556
-288 472 481 500 -265 376 188 995 -26
-873 -529 -540 323 20 -774 -927 -194 -275
286 -178 -951 366 338 -545 -394 100 -686
-408 405 447 389 -531 272 -130 -679 -993
-754 509 -646 220 989 -175 -968 664 -803
-741 737 355 -16 375 -471 33 93 867
840 699 320 -845 -708 -275 602 -967 547
226 -97 868 233 502 730 939 74 719
117 107 735 314 366 472 22 -298 199
551 -912 -708 771 928 991 91 -565 -365
-832 -962 -332 715 264 572 936 -150 426
666 141 -500 737 -742 607 472 925 325
-56 -53 -972 -857 -150 -884 -565 -379 -604
-222 712 -168 414 881 222 -566 948 -162
-642 884 -960 784 902 182 -715 639 792
-756 111 717 570 -593 16 598 -98 867
-934 689 -160 -186 -532 -447 646 -766 -214
220 -332 86 -941 27 323 -549 163 225
633 448 -135 426 693 976 495 263 -616
-136 213 638 -269 279 328 571 -555 796
-524 -556 -970 614 664 50 53 -925 -571
-624 -473 593 953 -488 393 -182 -710 86
147 786 -299 883 -350 914 521 733 545
-151 656 -657 -355 -515 -213 27 -549 -549
-570 504 -121 211 -768 758 -196 -814 -730
-450 4 -439 636 -497 -301 -310 -614 701
-44 908 786 -146 109 794 197 -893 -721
984 486 83 -213 916 -61 -982 128 172
776 -716 358 -953 -166 -286 -40 -177 570
-989 865 956 -936 -179 -784 -798 -973 326
996 576 785 -372 912 271 711 -300 540
2 70 20 -826 -153 304 884 246 -509
-49 -794 666 -479 -431 531 -171 -367 -296
46 -165 -268 -276 183 -692 -491 811 -779
-868 874 273 672 -123 -657 -308 403 542
997 288 -212 -160 -409 -6 -494 112 915
-611 941 -452 93 339 735 -823 -585 -81
-514 276 82 59 409 -43 -316 81 -814
27 -874 589 -78 -525 -123 710 315 468
57 -827 -68 -28 -438 226 873 -993 -83
608 -815 333 -121 23 -39 -686 -918 -630
271 -234 804 809 -855 930 398 67 -595
-372 -222 -928 -552 -813 -755 381 159 159
-41 384 166 876 345 351 209 -776 -626
-829 -462 -544 -107 -839 574 49 970 -928
-21 721 491 736 -651 -379 808 -203 -192
-595 -470 968 564 489 352 -269 366 -303
-918 -73 274 -191 450 -836 617 -304 -322
192 745 0 616 -275 -279 107 -187 422
729 -26 -780 -463 379 102 -143 296 -408
-438 -973 958 259 -539 237 -115 270 -312
402 240 384 -920 -568 129 80 -600 -794
-846 507 372 576 236 -654 -852 774 -923
251 -369 373 -805 193 400 -495 -195 -786
742 -958 836 -218 444 76 -482 524 860
-1000 -43 -740 -794 111 768 930 39 356
-724 188 130 -646 -209 -886 727 338 659
480 843 -184 -954 585 -141 882 -280 -697
311 238 -820 171 238 489 784 797 -400
904 727 991 260 -996 531 -609 -290 -326
-143 -211 -988 -484 -731 855 685 -685 793
-456 -450 -487 199 861 -897 731 32 342
220 168 491 -828 72 218 -484 -667 574
-953 76 -364 -278 933 426 -266 -199 695
-58 -514 -637 87 382 -87 600 -66 -226
-945 17 -842 749 -762 327 240 -238 -249
-541 278 84 -615 678 -840 22 -600 -555
-552 486 247 -505 -220 -915 -142 867 820
-877 819 106 -103 875 -877 408 624 -287
87 -135 476 838 676 106 -77 -587 -216
435 435 536 881 -765 375 480 -269 -845
917 941 -977 737 -935 -806 195 -38 -931
319 -278 -954 -968 809 263 860 648 -61
-33 -77 352 -897 -642 140 640 -761 375
367 719 -894 522 637 -952 897 726 -535
-556 -78 427 -487 -407 -498 -89 -375 -689
-826 -162 -689 113 -843 234 -182 -388 593
-690 -396 -816 685 971 -744 -856 846 893
-456 743 971 9 -461 245 -212 53 838
290 964 -184 954 -509 654 -735 604 -837
500 -226 -225 445 84 380 629 122 351
885 266 197 -870 -838 293 -546 171 832
699 -689 237 538 602 554 -294 908 -955
-288 -827 -999 -125 -975 128 -998 470 -436
382 100 686 86 337 304 -365 468 466
-720 922 -11 -535 973 301 -946 863 255
608 -431 163 -995 281 688 -641 -492 714
839 -137 184 -597 -755 -364 -910 683 974
746 -329 794 213 -49 -932 -446 768 -607
855 823 -743 462 783 178 -23 -859 -188
-334 -500 320 -620 -661 -817 916 94 -219
-95 184 -184 -121 -69 487 25 -504 -209
445 50 -441 838 258 -618 -905 72 -834
274 -950 -693 -914 68 159 758 800 850
-706 716 -56 427 -27 -519 -757 852 764
731 229 -388 -478 -326 662 81 -487 272
816 -392 -655 -666 -766 -253 -7 -328 815
-848 -569 615 -646 77 683 298 -496 -343
-869 -253 -139 895 -170 -909 -141 704 117
-478 138 630 -854 -46 -409 -157 640 177
590 -367 850 405 137 -367 372 491 710
408 141 -434 -583 625 665 630 872 -504
-927 -268 -800 191 606 690 173 752 -4
764 -404 -364 294 -814 269 144 944 -594
-871 668 -751 839 428 743 -595 845 368
-930 828 592 -82 901 -676 471 92 930
161 -382 683 -842 -266 -369 -206 -972 -183
-584 172 113 174 653 134 776 492 -438
871 -751 -240 591 -328 -412 183 942 -511
508 413 934 438 -73 -96 473 437 638
-896 -417 667 274 351 191 -261 -474 -155
873 -346 -311 -564 -475 291 196 -884 963
-864 299 -743 -23 -193 -977 -89 -402 -50
815 -929 -261 806 -472 322 473 -846 26
16 -107 552 861 -233 -794 -97 203 -269
-806 -249 -153 -491 239 -502 -234 -784 306
-211 480 -744 -909 647 -321 182 453 207
-143 278 361 883 -705 -745 787 -492 374
993 411 -71 76 605 680 -725 -534 271
-227 233 487 -569 -626 319 -313 -182 -33
367 -648 -228 -426 209 -949 -712 92 -302
-105 -121 206 -731 224 -382 198 -348 -425
230 -73 42 -499 701 -373 -660 -516 353
660 172 -477 -21 -461 -124 751 465 -915
-846 -895 530 -148 0 -239 -941 269 -662
29 -533 -10 956 -951 918 350 -450 971
977 -109 -545 683 -97 979 -794 882 -130
82 633 -312 520 788 -207 402 -8 -854
-837 51 767 -499 -568 -765 844 -611 -364
762 739 187 -915 -931 -570 -108 752 333
-128 -690 215 -906 745 200 -218 617 340
928 19 -667 -926 534 736 841 -612 -831
-572 -768 -90 65 -654 1 -396 -569 70
34 675 174 -281 -453 485 934 -6 582
486 776 199 -173 704 -782 512 -870 -896
600 972 -508 769 -248 76 31 817 422
-967 -579 -795 455 807 881 -370 -474 -220
-533 -188 774 -951 -701 551 600 478 607
818 342 738 -726 -58 -938 -233 64 -186
843 -905 -16 266 -520 757 823 936 565
704 -82 -557 -515 385 256 -389 786 907
-486 386 737 -878 556 79 -788 830 -979
-726 -51 437 440 -207 885 -576 -589 -635
-818 -414 -347 -901 -709 571 -458 128 308
798 739 446 -943 -746 184 794 -272 92
-127 -60 -77 247 566 -776 36 6 17
-79 431 780 639 965 -633 -708 -936 10
-784 -394 -510 876 -243 -771 675 166 -165
-141 -39 915 952 -814 -145 227 785 -227
451 -178 780 -179 743 563 -47 734 528
672 -621 592 34 -405 -450 524 -177 659
-894 -502 -174 -59 710 787 -143 -986 -675
-936 241 -889 -162 44 -67 -382 865 28
-467 171 -237 -939 -157 494 -995 878 -911
-93 402 264 -433 860 -885 745 -198 -823
884 -989 -809 -791 -925 784 -328 265 -172
605 -765 46 -14 -232 -783 -899 -171 412
595 186 642 -964 -906 397 652 13 257
767 -242 -941 944 -358 -578 -865 203 -502
-729 876 -885 100 833 -649 -854 -181 119
-285 272 -699 -521 -133 487 -878 255 933
519 -92 -54 -224 -325 704 188 -28 -302
610 459 -746 -540 731 -870 -424 -169 963
-73 329 135 -602 -604 -593 -301 -125 627
-813 -3 -118 -880 -132 790 67 997 -182
123 185 790 -826 147 249 -572 960 332
-90 -112 -485 225 815 -804 -640 -435 -408
120 265 820 -253 452 -183 981 924 -962
-876 343 -965 -58 -181 220 84 -7 -281
-315 773 -321 -982 -317 567 -467 908 734
-270 -379 -700 322 741 565 494 -160 369
-336 173 293 -298 297 -11 -263 -409 808
-691 675 -199 380 -639 -74 -940 -621 609
979 264 869 714 994 -510 -634 669 -417
-717 163 775 652 827 -51 297 -119 -402
-714 618 190 -906 -721 -135 247 660 578
-827 720 957 782 -949 222 -996 765 568
-506 -517 237 430 -234 -247 205 -230 -68
-494 -932 814 105 -294 784 -705 -199 -936
512 -600 724 91 -426 796 400 -292 847
-26 -288 965 -457 559 -552 -868 341 567
237 -102 -663 -830 405 -243 984 -490 464
768 157 -383 -816 -331 17 908 -888 943
-944 513 -348 -744 -513 716 -779 30 627
21 515 320 -412 -248 -781 278 -78 624
-965 258 -514 499 27 643 -884 211 -336
486 472 -223 429 528 -710 -567 -864 -223
-498 -643 -840 -519 731 675 802 -329 -573
-979 949 350 997 985 -40 -517 836 987
-874 -695 551 -210 791 375 919 220 255
-791 -994 392 339 -492 -899 499 -11 832
174 -209 -144 953 164 -195 655 161 142
-384 644 331 -45 -878 636 -494 265 427
-767 184 -1 489 746 357 -119 85 865
-18 -416 207 167 -890 998 -977 -585 515
180 -929 -324 -325 39 -327 -994 994 -205
642 -147 -588 421 86 949 -228 -73 695
-870 808 -220 -653 143 716 554 -690 -822
905 -315 -407 420 865 16 -552 -108 -593
121 -102 -246 -731 -108 607 -319 -335 45
-370 438 973 -675 920 781 457 -381 276
173 -826 938 703 -569 -377 -351 -797 -159
-983 -349 733 -575 773 -368 179 -958 876
138 -277 -458 -817 706 -668 -492 -969 -396
-358 841 223 918 14 749 857 70 -468
-520 719 -265 673 -912 387 407 -135 160
-609 -956 554 -733 534 -723 161 718 -665
845 -774 -633 -551 220 -792 -975 139 574
774 -4 -4 -341 828 67 394 854 156
-219 261 -979 -707 -996 -582 847 -377 952
-523 785 -978 -188 630 -399 179 -568 821
739 -543 -40 666 -417 -692 -338 242 -511
730 -363 -657 -114 770 956 259 -936 -688
677 911 -65 630 -612 72 -996 201 55
-395 -268 487 -573 -176 944 739 -510 -121
-952 152 -526 -111 -118 111 584 -880 233
540 380 297 852 409 561 139 391 949
-788 396 502 267 -999 -765 -246 -220 411
50 -480 901 -719 -80 53 -245 809 -712
-782 393 -240 452 285 -508 -251 489 -746
-338 -372 645 -388 -160 41 -534 -893 395
53 213 -825 -536 -385 47 -635 -103 -681
771 652 -872 -589 871 873 171 323 510
-984 -576 -1 -730 87 980 915 -949 -180
309 -483 280 56 923 -155 583 -613 461
-369 -247 -642 -50 -124 -990 431 287 -767
656 -190 908 519 -174 -667 -130 448 772
-150 716 823 -977 25 -308 655 -919 -385
-500 664 355 -687 -353 -540 23 950 336
386 733 -25 619 389 785 528 -92 -36
-787 -869 -236 985 -19 -520 -840 4 505
204 11 938 820 512 955 527 -823 -398
987 201 -448 323 -413 -715 -702 -794 -973
-565 -914 287 751 -701 418 -484 -364 -248
-4 -204 -892 -146 -999 120 -208 -827 -16
99 700 161 702 -961 -638 -394 362 -51
244 -988 508 623 -553 594 262 -801 894
33 67 -470 785 -937 679 893 269 -968
13 -586 -443 997 513 -391 511 567 -352
873 -826 -990 175 770 -626 -317 745 -179
-371 7 372 -125 -960 -561 406 -823 -145
437 -929 -876 469 436 -462 -622 786 -596
-13 297 971 635 522 -503 997 -303 -733
-629 732 -636 544 -638 724 269 589 764
708 -5 942 -85 -216 -635 392 -395 801
-718 -17 587 -314 970 236 -342 957 -241
155 954 808 775 -323 893 -861 -778 -745
-785 491 -804 980 551 192 -726 -181 -672
-361 -789 -66 -208 -155 917 -620 532 -760
968 -810 -803 -273 697 -496 -464 472 533
-571 964 -893 36 -821 598 232 -489 502
-224 137 -327 105 776 236 -609 -79 -919
-692 653 613 -452 621 -845 -254 -651 -795
602 237 -971 135 -982 993 243 406 -475
193 -10 388 47 767 -474 720 224 -346
-44 615 927 390 -725 580 355 -176 202
511 922 551 716 876 140 745 11 158
-909 -394 -84 -32 800 906 -292 199 -975
586 -80 249 -407 -772 216 -480 970 844
-899 326 -332 303 189 -58 206 257 170
-302 354 -819 -792 445 140 124 -235 -60
30 826 -861 56 412 411 -343 -995 992
-774 -122 962 -930 -21 640 90 -366 -171
-968 840 -914 202 -462 441 735 98 238
-125 -778 -644 -833 252 -818 -341 -340 946
-930 670 952 -586 896 -170 -271 966 -839
-631 56 -205 199 440 -13 637 -6 877
78 -271 -25 -331 957 197 25 -876 -199
207 -217 462 505 206 132 809 972 380
-9 -299 346 152 71 -246 947 -378 -806
-66 -741 188 -189 338 -731 -862 -641 -774
335 384 -297 -863 -57 486 951 -552 44
435 -742 17 -185 249 718 -839 -246 141
-85 53 763 461 988 -977 -351 151 713
-82 290 -928 497 -23 808 -800 114 -249
-962 417 551 83 -148 -839 -548 667 411
-830 -820 -483 664 447 570 427 -92 910
802 909 62 867 180 -296 939 -323 -967
-901 229 500 -150 267 -83 -246 -298 -878
-85 154 -859 -322 677 -678 195 341 -879
-234 120 382 -324 -77 643 -910 -210 -177
146 82 852 180 181 81 -320 -616 -299
597 138 403 -929 -947 -90 -787 -268 -413
-113 927 928 360 -307 48 -258 722 -677
-614 812 114 561 -41 -452 414 -861 729
-153 171 -887 548 120 251 304 192 657
-786 405 -611 -199 -708 -332 81 652 714
-519 -253 436 -195 485 600 -729 46 -441
-181 -540 50 -452 660 -779 14 208 342
-383 -488 -114 -726 78 -709 15 879 -65
-964 312 -61 750 794 -962 538 -401 523
138 222 -430 -950 -959 382 452 -59 42
-974 -693 -749 720 -75 115 -394 199 -806
-103 -433 -575 -816 -397 738 475 -647 532
514 -757 -517 37 733 705 607 -865 -902
-10 588 391 -968 614 699 -365 686 -376
-897 -708 -825 -703 541 -258 74 725 697
-188 200 -598 -656 -286 -355 179 -896 -269
236 711 -134 334 53 -546 -274 438 -580
-223 -575 -894 401 -472 -250 928 177 -709
23 -748 -632 -280 64 569 123 761 -365
-880 -60 91 -149 -823 155 718 863 -792
-476 -59 998 297 718 -576 755 471 -48
-494 400 -870 149 -577 -618 518 495 798
439 -30 559 -574 91 -148 518 -706 381
-327 -636 244 233 -111 -814 232 -462 -744
-992 -707 728 312 151 480 442 -699 -745
-824 819 750 -673 610 -279 886 -964 -836
-262 554 -190 -881 -421 175 716 -835 -584
-746 397 -46 -490 757 599 -410 69 -249
-930 -136 52 -675 392 223 -572 719 -167
501 606 221 -983 -304 128 -173 168 707
-646 -116 872 -230 490 621 -924 -1000 378
-972 -409 -200 -221 13 664 -817 691 408
758 -881 128 -57 620 86 -836 989 782
292 -184 302 0 171 -462 224 -707 -972
198 -278 -971 -424 -250 -28 728 881 -663
744 -936 -972 153 -826 -501 -719 117 -529
367 281 -540 501 -426 277 156 926 -200
694 502 445 723 -300 -481 752 629 269
76 357 502 413 102 566 794 -745 -908
-707 -112 209 -235 -393 -509 577 -540 417
-146 616 343 -994 311 -155 804 34 898
-677 138 527 593 -434 -116 447 -669 -662
14 -875 -55 458 -229 833 -332 888 -208
159 465 253 -424 -328 221 -729 30 -468
468 -166 918 366 158 408 -107 103 974
-870 -450 -694 -532 916 -217 414 375 554
599 -957 442 -608 554 260 997 -518 932
218 105 -38 -897 -427 797 -979 -708 307
430 537 -590 756 667 312 -938 -864 229
-154 902 -44 -248 853 -1 -453 -755 -95
807 -406 387 -909 -835 -508 53 -732 417
202 -359 709 -491 -577 247 271 -820 266
-64 -406 754 -835 440 656 473 -455 510
-176 92 -893 729 251 54 468 342 219
960 -605 487 729 950 -872 791 -189 -96
390 -565 84 -344 371 678 -589 888 471
-581 361 -984 -719 -815 460 -611 -734 -289
443 734 -947 14 -954 -200 -499 775 -250
-19 918 562 885 308 -651 -31 -683 720
0 -272 960 -529 499 321 -161 781 858
-701 -478 -876 10 -683 858 63 331 904
863 -816 -969 -34 165 950 -120 403 258
229 -276 575 -51 724 -345 261 -453 -493
-418 386 -712 -208 685 162 -84 -305 831
126 -890 514 30 974 698 61 292 215
11 -828 -382 -378 401 695 -451 -298 419
205 963 967 -936 -103 353 -296 689 391
866 -395 -562 -951 731 -451 563 113 -125
613 -474 -833 -172 890 -661 799 -488 -908
846 413 -206 265 -30 109 584 34 -994
-62 738 695 -319 956 -348 119 -995 -265
668 568 -800 -105 533 -274 414 -286 -32
753 -135 480 -803 -289 246 -9 976 -784
-900 561 251 -542 -149 341 -495 884 298
509 3 303 -756 24 224 -204 919 -243
875 334 823 -157 439 -312 -324 637 399
922 -20 728 -510 433 641 741 891 -508
435 -603 -624 -267 906 731 -612 -497 -245
612 299 27 -278 526 -287 -455 -630 -848
234 46 -859 -15 320 122 -287 810 -445
-646 904 -202 -154 339 195 574 -928 454
306 -540 957 -587 -575 608 440 499 135
-847 -956 857 -342 630 -97 -201 -384 -777
-727 329 -615 180 684 -711 979 -118 628
526 -191 -948 -20 -533 -135 289 -120 290
250 -327 -211 -263 178 185 -406 836 -184
849 -12 432 -576 613 -239 -191 146 -203
99 125 -968 79 3 -159 132 984 308
997 625 -460 639 -125 565 -220 612 -256
965 -442 -68 -219 -593 -728 -435 -169 886
679 993 32 -524 92 -491 -492 -829 864
701 655 -800 9 -996 826 902 643 53
467 -577 18 -437 -259 576 496 522 984
-880 -560 167 -994 -881 160 390 -53 -396
-749 808 128 -884 509 -217 -684 -129 -212
-506 -227 -217 548 -408 559 -434 156 -700
-858 4 -826 -522 124 -386 998 483 -267
158 225 -967 763 477 841 243 945 350
-974 -387 -779 166 108 346 -698 8 -709
861 574 447 -839 -932 -197 -665 -101 927
-50 -103 410 -965 -593 -12 -932 -478 -535
-739 765 -238 612 -856 375 -815 662 -165
884 964 843 -825 825 769 974 986 -810
-223 -326 89 -296 976 -662 -533 -637 -255
455 -216 620 -728 45 385 386 -343 881
113 195 544 949 79 508 -856 254 686
-734 580 -976 -544 -643 -302 545 413 26
-765 -768 390 -20 -961 -826 -48 -337 219
-662 -951 -771 -429 163 776 -885 464 -145
976 960 -539 662 -774 -959 -962 -318 -250
89 -421 -837 -885 -186 -604 857 -853 -565
-969 99 99 603 789 500 -816 -639 15
-688 -172 -169 167 156 -208 980 170 18
-627 209 -947 123 -702 -16 286 -587 799
-966 -377 -702 -178 6 749 -727 -391 891
773 145 -396 141 457 432 972 -24 -59
-236 308 -889 -865 681 320 -460 -196 618
524 -557 -616 675 -171 7 973 651 -987
-925 -724 -25 966 -598 -528 -78 543 -718
-294 515 610 647 -368 -81 759 119 -48
79 659 -891 50 183 -96 434 -141 733
-207 184 737 158 611 -987 -515 929 -585
-42 -149 958 592 558 826 202 205 -542
-527 -36 577 426 -604 588 535 446 -229
-209 232 982 -476 -975 519 -739 535 130
-373 -979 412 42 331 -737 353 -77 821
179 -523 379 989 -49 -657 918 -271 -261
506 -384 -463 -371 407 769 -388 -717 -854
-517 -103 682 965 524 -945 377 -82 738
641 -729 -339 814 802 490 193 -857 -207
889 -939 522 -20 567 -510 518 -803 897
639 161 -467 786 644 430 820 961 -46
-773 339 872 965 332 -504 -22 146 -350
-180 -660 -206 614 -419 207 488 561 -225
979 431 324 -772 71 -163 -239 209 -519
-457 381 -558 497 608 -867 722 925 465
-782 -97 -388 220 -925 304 -986 689 -763
222 530 798 -651 509 230 -975 -911 -699
-138 203 862 695 746 243 -511 596 -149
-377 318 -224 -560 888 -969 404 460 -894
60 827 -852 297 401 678 96 750 539
-322 -873 980 331 -11 183 193 36 282
-564 525 230 287 -500 -452 -585 -59 -212
-202 -303 -752 256 758 -925 756 55 828
434 -497 578 325 181 -943 306 -488 398
-159 705 -566 -877 -859 -688 353 780 164
-747 -453 -543 393 697 155 994 306 -87
-579 62 -680 -750 -151 -176 -820 -826 -995
-762 480 -482 636 -678 -425 -577 -203 -283
-265 -497 -151 899 108 749 -643 -498 446
512 -504 -248 -223 269 815 97 519 -336
921 700 190 -721 938 -329 -203 926 345
724 -651 -858 -207 84 -3 643 336 -894
392 693 -392 190 557 456 943 -666 -275
-890 431 -403 126 705 -703 -684 984 -413
339 133 -135 -316 -143 567 179 651 -349
-824 646 -661 -366 38 -616 594 -772 941
402 -477 -373 -520 -367 -941 77 -889 -884
726 -572 -900 -335 -881 585 530 -196 -558
97 -665 -555 -899 -137 -909 -208 850 481
177 444 -938 118 -153 -415 746 327 571
-843 -596 -966 -375 -518 -186 77 147 -66
-338 29 -910 456 -521 -575 902 -420 640
-655 372 490 -821 -99 -65 -759 -980 -866
178 -882 813 -251 -725 -431 136 252 51
950 -671 -802 -116 -9 579 -26 -201 -942
751 -299 -10 744 399 -637 234 578 264
-479 -829 636 7 349 754 -180 -549 -619
389 587 633 -560 537 -686 -10 -578 305
-430 748 -895 -20 852 158 971 596 -91
-314 182 -161 -698 -944 10 939 63 -640
-955 884 163 -221 273 -250 -236 -934 -713
79 408 61 -264 978 162 193 311 14
-296 282 -38 613 968 -856 -195 -730 -800
815 -439 616 -473 -393 500 690 738 125
-208 -498 543 432 933 -48 -507 -330 282
-993 -785 -407 373 -81 -773 -665 -115 -805
-168 690 -534 384 857 379 0 -263 986
-148 -573 -924 -670 220 -421 873 -348 -136
177 497 534 -188 857 -898 757 230 21
985 918 -742 -820 102 -700 -2 -514 -842
-622 487 -105 -284 -309 674 -207 21 246
724 247 -750 -412 -224 -900 -525 588 957
-423 346 539 950 331 809 -791 863 -89
-491 -138 398 19 240 237 -734 -692 928
-707 101 302 539 177 -451 790 766 325
-758 -759 266 -449 -182 -388 -910 -232 -705
-748 329 -842 163 -809 20 -87 210 -388
-850 477 273 -569 770 -274 733 661 904
-366 803 670 -689 -955 -737 577 -404 433
-459 39 -447 188 291 883 347 -546 -926
-281 368 636 684 870 465 -43 -699 587
683 -614 249 587 372 52 609 -964 450
-776 965 -954 -991 -493 437 -437 -953 -272
-202 394 535 224 -886 -97 -140 798 125
-674 107 779 913 -210 -483 514 -270 890
-433 -309 926 -631 -84 891 -585 277 -250
853 840 -202 -67 -362 -456 -532 -786 10
723 75 -192 -151 753 -733 -372 666 58
497 533 -860 387 -900 -169 665 -179 -901
909 236 377 -341 441 569 809 -273 -440
-646 195 -226 364 -81 849 -475 -880 602
-208 100 621 -798 -403 154 -658 -663 606
526 -998 -221 977 911 -985 354 -77 809
-76 84 -464 484 790 -917 -390 155 354
-540 -968 474 -586 176 -74 -613 731 524
893 -927 861 851 951 -785 -370 929 -873
-2 283 402 159 -441 -514 -953 -605 -723
-870 6 784 485 818 -832 311 -768 344
-762 -28 75 762 -135 501 975 69 452
-810 699 381 -331 49 17 -577 -792 928
-90 -745 -676 539 -614 682 323 -777 500
843 886 -916 187 -876 56 -385 -762 -726
-532 -787 343 920 -244 394 654 777 -556
23 -799 -348 -49 463 260 627 2 998
309 -323 -779 -191 -480 -893 -106 -941 -416
-698 -326 -178 -424 142 388 -729 415 -504
666 421 -375 -538 -556 -174 114 395 -711
-274 375 643 -276 -316 -680 297 846 192
757 92 252 -659 394 -722 515 -677 773
255 -406 188 751 -388 -39 -623 74 405
555 -459 152 -803 619 -473 840 -656 564
-487 641 410 705 398 -498 309 -909 896
588 607 -429 361 -138 166 -99 -34 -870
862 695 557 267 250 -550 -229 799 -931
299 992 -235 -137 -495 -593 -727 -438 -843
127 872 -751 23 812 856 595 173 70
113 -926 -964 595 936 731 504 555 334
954 -674 133 -624 977 125 141 192 982
548 817 -103 706 -56 121 -693 -680 -67
-837 -733 -894 233 380 -468 622 327 -532
705 -168 -625 39 138 -299 -475 514 31
650 8 -777 985 -444 -959 -118 -386 -15
-997 -79 305 -64 436 924 394 22 656
926 -356 -16 -254 -651 -832 121 741 306
-826 -734 173 205 -732 -819 429 -395 89
822 487 -944 159 842 329 -183 130 -234
-259 -476 -860 -602 -198 -216 382 548 485
550 21 578 208 196 844 -619 -247 -535
-86 -818 70 -996 -644 -90 -940 516 104
389 -667 -765 -493 74 -241 -353 472 914
431 206 462 269 108 -164 -153 -683 -968
44 50 137 861 965 672 283 969 -972
-455 -619 544 650 770 877 885 -722 304
-4 277 -224 -90 61 -665 -275 -670 443
561 529 -888 945 -75 163 82 138 480
106 -578 449 135 -33 -818 -321 -31 -696
-91 -146 -418 -787 -797 -788 341 113 273
676 -810 603 120 -897 484 232 -600 -238
-253 483 900 -773 -411 -678 -972 -924 642
-790 -244 -389 -485 -983 818 449 -770 -979
661 571 486 -66 248 677 -111 -280 780
-626 952 -819 136 -300 -984 36 -73 -43
711 -44 386 705 518 -858 -332 -967 -489
-514 483 -259 -493 496 -336 -654 -569 912
-977 320 -368 -845 -954 -63 -312 534 637
56 -77 -84 -634 -366 -776 752 -309 743
894 359 776 -595 846 611 498 -295 108
-838 51 891 -573 426 211 411 934 610
-652 -378 144 -663 -969 -933 254 -603 53
830 -851 744 573 -605 104 702 152 302
665 -350 -993 -227 164 411 16 591 -163
-420 355 123 -810 703 -902 334 -607 -871
754 999 -474 159 829 -325 -96 755 422
-640 457 -426 662 474 576 669 -400 -260
432 616 -316 -378 -804 -961 745 -614 -906
843 -927 -161 972 -821 -162 -150 338 -332
877 -758 -225 299 -46 -416 873 -384 -942
449 -362 -342 -458 -930 -725 578 44 -177
969 -210 210 -937 -15 635 255 310 814
-907 -840 504 113 -962 -901 888 337 53
-528 563 670 -117 364 -340 541 906 82
-832 836 -873 -8 805 269 -446 -779 -746
-811 476 916 -645 569 -923 859 35 -533
958 -77 -844 12 748 719 34 -369 436
-954 -828 694 128 -307 531 607 685 336
-124 -761 909 483 -572 385 399 135 307
828 -6 -658 -705 -47 617 -196 -683 365
-125 703 -652 -689 749 -127 -994 -123 566
537 -515 603 225 713 842 135 196 -378
-128 -52 757 -469 128 -249 -127 424 -944
-157 -420 -275 -440 455 -572 -91 767 -823
-866 773 55 700 662 892 303 -113 957
497 -626 154 -881 247 -546 -772 778 582
331 4 358 740 -801 938 -535 -241 746
-106 -980 513 71 -846 638 -522 -794 652
-630 861 -461 -672 358 266 834 829 -135
-360 -591 -357 -778 741 999 933 481 -450
-777 946 310 969 -160 682 482 -736 -811
472 -258 -605 124 465 -391 -984 -855 967
282 -669 -851 -853 -29 -442 142 545 -349
494 478 -868 -956 702 -569 706 671 623
741 506 887 930 330 -370 -323 -545 -905
286 -177 -408 606 -895 -77 -893 -396 894
-335 746 791 669 240 270 801 637 324
-416 343 -5 -792 84 -147 -905 366 -816
77 -956 -9 524 682 814 -884 640 -729
39 747 -125 285 -235 -379 77 -566 -786
-301 -413 851 -977 172 546 370 732 -369
-776 827 -651 -240 -95 -607 751 -219 -924
917 -102 -932 -812 -711 816 63 575 -419
-964 4 367 -750 703 954 -547 726 478
-648 96 210 335 672 38 684 -216 -705
-922 -465 428 -494 -196 -674 -426 -8 -384
-258 -593 -457 675 -556 899 42 46 602
-3 500 680 -173 852 128 -962 187 -199
428 223 585 723 301 -527 503 -841 629
830 86 -378 -202 828 29 693 504 825
592 -102 -128 546 895 -276 226 -277 -72
-646 113 -533 507 -459 690 445 -384 -8
-730 -881 503 899 -699 -411 -479 99 -230
903 144 -374 728 -264 524 -48 -718 772
676 860 -153 -396 -785 960 71 -926 -499
-238 519 469 -894 789 588 609 -959 890
-449 -438 341 673 -183 -514 -701 -102 222
-825 850 857 947 527 717 146 -869 -716
106 203 -289 959 -683 -770 428 -577 -628
369 -616 -587 259 287 327 -400 -40 -503
438 611 395 13 787 245 -130 -914 -228
-61 233 256 576 -309 -189 -713 -349 128
-131 -569 551 241 800 -713 -994 411 575
686 -636 -113 -817 802 -501 578 -185 -362
-177 -963 76 948 -23 -691 204 -447 353
-985 -160 -644 495 709 -213 398 303 -60
685 661 -297 260 347 67 -500 530 -130
-1 108 -963 637 -716 -925 -287 -768 52
375 788 957 80 -845 149 436 650 210
-425 48 -135 867 85 -473 -429 -302 874
638 198 405 -140 -451 -135 -102 -462 149
-27 603 733 -623 -22 521 -314 -942 -972
835 846 -970 397 -578 430 -737 -711 -484
-210 212 214 -336 -149 -236 -579 -937 313
287 -39 851 -212 -714 454 -478 15 -215
-605 701 195 -224 888 42 -194 286 816
-763 549 -543 -247 -661 670 -681 355 -127
435 -871 -64 -252 768 -750 -49 -444 -112
-595 430 -744 542 -822 -691 -262 -46 -802
-868 760 484 -700 997 385 -243 102 -924
-221 773 783 652 208 912 -59 956 680
191 259 -411 -569 -983 -981 -313 559 -803
-3 -351 503 195 133 264 31 433 613
-232 -457 -284 196 674 -511 -21 679 -950
244 -380 -642 -76 -837 618 865 -406 635
885 634 546 -566 -369 -804 938 -822 681
554 561 467 167 -319 -638 -765 877 -964
77 -144 715 127 -900 -665 837 377 -502
455 242 445 442 479 79 -11 -734 -938
537 -444 -760 218 -890 -847 -315 629 -166
47 -783 -289 436 294 919 151 -227 -628
839 -390 749 -663 -582 343 -866 860 175
213 -151 441 275 -262 997 867 957 -541
-980 -6 -912 -146 -606 -695 917 830 951
837 333 76 -791 172 -961 -690 862 -543
-995 996 -331 180 562 871 -27 189 -391
322 409 -434 781 429 913 870 -364 -693
-473 -95 -511 -169 -258 822 907 303 347
946 965 209 -245 971 557 425 503 471
648 -523 -339 -743 -849 -578 176 933 851
89 -845 -161 748 -318 -903 -411 865 191
-237 773 -505 -890 -929 -188 671 179 135
229 -44 -361 -300 -396 468 713 -139 619
-865 -963 904 -661 478 -941 530 578 94
627 -833 -41 -181 -69 84 666 393 156
-522 65 -313 614 -706 643 -395 346 -401
-927 412 812 -956 547 850 949 -762 680
-640 769 259 454 748 426 -586 -433 -291
498 -767 -897 6 64 168 693 -322 814
688 283 160 -713 708 -428 -900 -896 -528
-698 -595 -290 -666 -234 -169 593 -780 -420
372 -14 147 -919 -515 733 -816 843 -203
352 537 827 518 577 462 -321 -783 522
603 -331 626 -573 -29 -616 490 305 150
-679 251 370 253 -377 -643 -247 -296 194
-162 241 37 987 -55 -74 814 -536 -496
628 495 -279 150 450 742 128 878 -287
512 720 -630 14 -607 973 -615 647 -404
94 -600 653 -712 238 246 677 225 -809
-396 391 -345 460 19 -498 -467 -479 953
-725 -999 -817 340 866 903 -938 232 -704
-964 969 943 -16 63 -305 -11 703 -715
-765 733 862 -573 -663 253 434 -851 -376
937 -318 497 890 309 851 -927 -351 -931
976 -289 301 -376 99 271 -432 -916 -666
615 425 -610 901 661 -877 763 -912 -188
369 522 -39 -655 811 995 843 701 304
-954 -874 -695 -885 -898 368 416 79 -180
-313 647 -96 374 614 -319 -884 515 -658
-761 631 -218 403 0 -343 -284 345 -532
-289 540 -830 -633 586 -352 24 701 103
-608 470 -818 212 -491 829 -532 883 443
150 -649 311 844 -58 -58 -373 -655 -706
284 61 639 752 -876 532 -726 -509 118
-77 515 172 -974 -740 -358 -792 824 151
-611 -355 387 -816 795 738 847 991 -319
-211 -382 378 435 -746 -560 427 -993 -436
-41 -367 408 -571 556 -77 601 934 535
-757 -506 360 747 -117 -995 134 420 -848
-128 267 -857 905 -591 114 284 844 368
-924 271 727 -360 -418 -639 -952 12 -731
324 -387 -444 -141 209 50 -429 -44 -714
-424 -910 706 80 314 325 576 220 734
-310 -144 931 -942 -68 554 -862 924 -863
-501 973 149 120 649 762 676 -492 -29
-273 80 -721 365 -992 -631 423 89 684
-252 -335 256 -165 707 -536 -234 -883 396
-680 -745 320 -543 -246 645 958 875 294
-927 551 -845 396 -370 235 676 995 595
-955 418 36 -919 -481 -947 689 354 760
-847 -528 878 901 -208 -867 222 602 240
219 912 467 -486 985 370 -331 382 -999
-744 410 -652 851 455 -881 240 889 -362
293 578 -656 54 -916 -184 -68 985 960
417 559 914 -343 -221 827 -524 645 -836
847 -334 898 848 -78 308 -452 125 116
-333 -635 5 657 659 -65 -647 65 371
169 -651 357 482 766 268 748 -224 -601
927 252 -956 -908 99 -290 -658 299 984
651 -800 462 119 219 -821 -524 -123 -810
411 230 255 -217 -248 604 -508 -414 723
760 -666 -501 -840 -738 -897 -444 -294 203
619 48 -146 955 51 54 769 -830 -726
949 -354 503 -509 -590 -267 747 545 837
703 -963 -225 426 -851 110 -723 -339 724
-619 570 -570 936 189 478 -210 144 -470
845 -86 52 -529 215 699 974 706 -539
59 805 -994 -103 509 -605 672 287 -104
134 917 558 -142 -702 128 288 -414 -331
119 376 -835 -999 573 431 53 -956 -354
104 -630 -295 565 430 -490 571 -321 -629
-682 -297 659 215 838 576 -227 -304 -774
-747 -663 -188 274 456 -460 439 809 -534
-129 -138 -138 869 -681 233 -426 884 -337
85 808 694 456 -874 -603 467 341 -765
395 -534 284 621 71 621 -215 -655 429
678 -863 238 -856 8 -548 358 -123 -229
-409 452 -344 606 -111 -184 300 -655 -58
698 813 -364 -715 560 454 569 182 -122
542 -681 223 -29 997 360 -791 -507 -280
-338 -796 598 785 147 402 -559 -246 -709
257 -594 -12 -448 -544 153 540 94 -286
-6 -337 896 872 -794 -433 448 529 -83
160 739 410 -767 -247 614 831 -462 -238
585 332 868 876 -59 -374 -136 845 435
-982 385 -471 -268 -268 544 -20 -44 -898
899 -596 632 -184 917 723 -773 -850 -172
-807 -667 718 307 -730 402 527 -854 -656
-494 362 -811 941 732 927 -178 -184 -341
-282 -852 615 -179 -952 -628 -195 -136 -359
-120 443 143 -940 989 828 778 296 -902
181 176 -404 877 682 958 -582 623 -957
-655 -203 211 356 867 360 324 40 760
-952 845 -376 -311 77 -580 832 137 -591
-988 -84 -943 -890 -551 233 -294 -322 -85
-336 96 -110 59 794 -961 -729 502 907
983 -174 -53 743 -126 145 -633 915 -778
139 -901 360 900 -889 -372 958 -779 429
543 -73 -893 -541 944 555 701 355 701
741 626 556 -1000 609 -618 -53 352 609
-908 -928 876 -333 563 976 -621 464 -561
7 422 13 -212 -35 -708 247 776 -764
154 830 944 -144 923 570 -588 923 532
146 -130 236 107 315 660 -16 982 224
312 -287 -312 -897 720 -538 116 -140 779
409 -541 908 997 613 738 941 -179 661
864 585 584 396 84 -194 -16 -809 -527
-355 527 -193 -779 -161 520 -91 295 592
723 -589 -196 502 820 263 410 -830 -123
500 -889 698 161 975 636 97 723 -280
-744 60 -89 -271 705 -209 889 926 982
409 187 277 354 262 689 -842 -236 861
422 -473 -969 -349 -973 -857 -651 541 -530
-663 -362 -454 57 -106 606 -679 976 663
112 865 941 94 626 480 -628 332 -258
-587 491 858 -726 265 -263 -694 916 -235
-199 -383 -342 271 -45 648 -831 -988 -457
775 -667 -129 790 797 88 -917 -108 -286
563 616 -601 -343 -971 890 -484 -697 155
253 -391 71 -630 410 688 380 34 -5
29 203 8 572 331 693 -205 473 843
883 557 -265 -51 472 -297 348 -870 -268
590 -2 387 -255 -397 997 -832 326 759
-791 -294 145 204 735 -651 -436 659 -968
-390 -546 505 -547 -311 414 540 991 -113
-757 691 369 327 282 -281 -286 -621 322
-289 -452 -352 -177 109 707 968 -687 442
-331 230 454 -299 840 -740 -441 -355 -50
-675 -815 293 212 -220 -16 -67 -893 -734
652 -179 -2 327 885 898 -673 60 7
-966 28 672 829 -950 -98 283 103 94
543 662 739 -155 988 924 -862 552 -296
123 -162 163 741 -158 985 -261 -479 -778
-363 -151 282 644 235 -338 669 416 -288
-429 -301 816 666 -405 830 757 792 -830
682 931 -925 -262 406 265 -746 499 -893
-761 -761 -19 -539 228 -818 -905 225 417
-243 -106 -166 822 817 885 990 835 -168
-828 593 -23 -657 627 -92 -230 -283 -334
-965 -29 -835 -506 562 -244 475 -625 -663
657 -530 562 427 580 -192 -387 402 -375
-150 392 -187 -965 564 -242 12 -741 -615
-728 29 454 290 416 -574 807 -737 988
-436 -910 -284 253 -900 186 167 527 -234
975 -508 -480 -48 694 -736 -883 729 829
-125 93 -560 612 365 822 67 7 238
493 -185 853 833 731 944 -451 -16 -956
-912 -849 923 206 -874 -233 727 430 -539
991 548 -457 -828 -577 636 -387 -964 354
-565 455 -639 -975 300 176 879 133 -93
-825 -965 -757 -781 -525 -606 -506 681 -128
261 760 -345 722 752 -797 -383 -724 -22
-746 241 366 960 676 -179 -679 -946 -879
850 -715 607 -243 -540 642 1 31 -531
747 525 -850 -380 138 911 627 212 -985
830 830 -709 160 -564 533 -473 -604 561
348 -283 967 470 -433 -396 77 677 64
71 30 -553 540 -223 972 -958 749 462
953 376 -325 -680 558 -495 -36 -281 -59
-151 246 689 -238 -406 -594 82 -584 326
686 493 3 -249 -84 -967 198 -544 162
523 -501 -88 337 -196 -360 -988 477 -801
-131 -207 -82 -838 642 -836 851 -244 110
-390 838 527 936 525 372 -61 -372 -711
324 826 97 -514 701 948 750 391 105
-609 403 -418 -410 -375 375 860 -213 369
-976 -361 -875 486 249 -684 13 537 841
-262 -172 -531 27 -848 -353 -524 -10 -299
-575 -259 -908 530 484 495 -536 -574 -880
-809 -714 260 560 -338 -749 -963 -852 852
-647 514 389 -806 -748 -783 15 631 -279
663 -893 -937 -284 -116 -196 -192 -586 -360
-345 -122 66 128 69 352 -612 -19 -986
-9 19 -485 -157 724 -971 -768 -729 -367
-199 286 -736 874 301 -277 937 -983 608
94 177 -626 734 833 253 153 -39 -326
-495 701 -992 -128 -308 379 387 535 103
416 -881 374 -599 272 13 17 146 -334
740 435 36 700 -471 -787 -925 -384 -954
680 769 359 -294 -726 60 -286 498 752
-907 -115 639 549 -347 758 275 54 382
-360 -929 -472 307 -836 964 -657 864 -155
-92 -709 461 307 -677 582 -334 30 -791
-921 -904 707 -817 -458 -407 823 -909 598
933 366 -347 668 -993 -276 -804 666 240
-488 -639 105 710 269 748 523 -72 -928
106 595 454 667 -974 902 374 -791 -556
-681 -616 -465 918 -330 -746 -77 -662 -387
647 -114 -721 240 751 -8 -303 461 -739
-555 336 190 -131 -558 137 -677 -539 515
-774 836 724 22 -493 -539 910 -575 483
-836 348 821 129 348 59 408 -412 -190
-600 285 -377 13 -918 960 -445 -48 -246
-956 627 216 559 -795 404 636 228 911
-551 138 -311 932 654 -611 753 -217 737
-188 -457 -323 975 295 -686 -402 -692 -251
-90 216 701 665 612 328 233 172 534
-363 160 114 -100 609 -748 589 541 906
979 646 -311 -932 -190 232 98 -215 -473
412 736 187 -839 -354 -245 -786 -337 -632
895 -752 892 781 -115 52 -105 -862 13
147 727 -446 405 706 -800 -906 -873 362
678 225 -852 -443 -11 884 -904 503 -118
-148 717 898 572 612 -854 464 745 384
-132 -360 522 881 787 601 -213 544 660
339 638 787 -299 668 12 201 -423 -647
85 -326 856 -680 878 926 -430 450 890
-284 266 636 -548 -514 -724 974 -633 -584
576 506 960 236 -155 951 375 898 619
-261 100 -803 92 -463 223 301 -143 101
227 427 -97 117 -504 -831 -247 -52 -345
382 275 374 798 -149 -120 -890 -561 -923
-939 814 975 -967 -447 75 -418 997 613
-843 298 -178 258 -475 -398 -487 995 98
34 100 -602 -959 -518 673 767 -368 -476
-353 -257 315 76 156 129 403 541 -966
-169 -877 -968 -556 -720 330 618 890 -792
-780 -597 -797 670 789 303 -931 830 -862
742 597 -230 -381 -404 865 934 -976 22
416 428 -437 450 -741 39 834 55 671
517 25 562 725 246 -683 -720 268 -541
583 689 -711 -927 432 -761 -156 -597 -165
-291 -663 -140 -917 -895 -360 -1 556 -101
-610 742 -694 -939 259 331 975 336 -71
-355 968 -802 104 552 887 393 977 671
632 -179 -926 -180 883 -236 -968 -682 -131
-328 317 -223 923 707 -480 -771 -879 -869
560 -904 820 -510 -259 788 40 845 692
279 591 670 303 575 -157 729 -605 -274
-507 -221 45 363 451 -286 -508 374 -226
364 603 -105 496 516 -9 668 -642 -915
456 750 -718 501 381 873 171 -316 801
-986 -586 -452 93 259 328 -862 -26 -221
204 467 -494 978 -169 -539 -127 -321 977
-783 -653 -313 -698 -844 -563 -416 657 -829
-190 180 -145 -389 194 621 159 -361 -119
-513 129 -793 619 -666 674 -523 -688 -142
-62 538 537 268 755 -763 955 -591 -255
-255 -7 -598 268 -845 582 -877 -234 128
-903 -722 768 330 117 -103 537 -264 583
564 213 896 -578 -496 786 -689 772 541
-100 -921 950 645 176 295 -601 -556 803
981 -80 -79 462 17 199 582 -301 -683
-169 -764 405 -585 -848 -381 -337 -74 475
-551 238 247 -658 -510 326 -356 -864 -145
-709 -465 299 -906 -131 -429 16 -317 940
-785 -735 -361 -116 96 228 -710 863 380
261 -474 -693 -264 327 897 -665 669 -261
-987 -687 -125 -132 -395 763 -480 51 -16
91 -933 667 32 -365 -716 671 519 732
-101 -839 596 -368 422 -526 -61 -490 802
188 -155 823 927 -141 -511 155 727 94
270 -753 -855 -746 691 -435 -727 -277 200
-91 -254 71 -359 646 233 -411 -370 -345
64 569 518 218 109 -637 41 36 222
882 -457 302 -24 813 901 474 -581 592
-609 -308 -333 591 601 414 -338 -405 412
-753 184 -958 255 -400 963 -227 818 72
136 212 -540 -289 94 4 -635 -577 -183
-382 -751 237 -789 -360 -719 230 -417 883
-356 597 -522 -944 845 -986 -902 100 -385
-939 -775 -215 485 713 -651 946 -576 796
-50 141 -781 767 760 -180 356 -677 460
638 553 -957 873 -802 640 -297 -394 837
-283 57 -63 684 470 162 -530 -44 -124
171 -98 652 -33 -796 -206 538 971 -94
-642 680 229 -830 318 134 -435 543 332
-794 -754 -709 -605 315 348 333 0 -182
-153 822 774 -925 -7 28 728 961 232
-126 499 556 -868 -790 236 361 -620 -94
-505 298 -551 -820 856 47 -177 -749 -638
-829 584 362 341 -216 184 468 -141 -822
-504 -61 -509 729 -835 -658 637 -703 -96
-127 -990 637 -869 -142 -65 -68 390 -209
979 -787 42 -659 -616 -21 704 -923 763
240 545 -26 770 -958 -734 -739 -877 -569
-44 760 -271 860 -15 91 497 116 949
-568 -952 339 223 -973 552 -382 -280 -712
597 -576 -634 712 -983 911 -314 787 -695
-48 -599 -572 736 357 -460 -535 217 525
556 67 -7 858 499 393 197 75 420
102 693 -507 390 290 269 -892 2 286
-980 -960 74 -675 345 827 106 81 184
646 898 -247 172 806 820 -483 664 320
911 214 -605 683 -684 -912 -824 -942 730
446 -833 84 -268 -461 124 -842 216 -179
985 -678 -746 521 -679 -496 -725 493 -689
-905 -990 -673 767 -727 541 -486 957 -791
-46 -867 -732 36 579 -213 -880 -336 326
597 -178 -106 -230 -192 569 25 -319 890
529 -44 383 -808 404 745 -480 523 -981
-939 -610 -672 -377 696 -539 -109 -267 -607
-970 -147 57 356 -198 879 -398 573 39
-829 -50 721 -939 -521 29 796 -328 -567
542 544 -691 913 605 -301 -759 -420 -605
54 471 480 447 501 -666 -496 209 488
-264 812 61 775 983 -989 848 -603 -157
-122 -807 867 663 -913 411 972 -648 368
23 -55 949 771 -1000 772 251 447 274
937 952 -165 778 -312 -1 -161 -185 335
203 -336 732 -602 894 925 -735 909 -635
676 -766 -283 396 257 663 345 380 663
118 -16 462 -256 -79 766 931 -301 -194
-69 891 622 -734 446 -362 -650 844 -116
-373 -539 -207 -8 -511 27 -938 885 -363
725 231 -983 740 -299 1 202 445 -725
-31 376 326 775 -341 569 749 277 15
-261 627 211 623 -393 672 -583 951 -839
796 -987 -953 -567 -910 630 -197 830 -669
804 385 776 -569 -294 504 758 -167 -836
327 -417 793 -305 674 421 906 298 -620
931 -933 -669 -908 863 -303 -509 -703 -213
-879 100 -30 -548 256 -293 -420 -960 413
-563 -850 -754 -399 829 181 -606 -476 -144
-833 -217 -494 -101 -286 -427 231 -194 -564
928 298 85 67 771 -463 -611 -776 794
96 156 834 -491 593 -664 108 -454 -835
-359 293 -310 849 812 473 -645 -288 -813
280 943 345 -931 -777 -5 154 642 -233
692 -968 343 838 128 -501 -976 990 -555
-640 450 -9 -475 -909 -364 567 -707 -551
40 0 161 579 -719 456 277 -650 -969
-728 856 673 39 548 -943 -618 386 186
234 410 528 679 -878 -22 22 -352 69
659 -785 714 -540 608 -285 621 187 -4
77 -184 698 460 89 554 133 -520 455
543 215 -159 -271 -551 -396 -743 -520 -274
587 854 726 -344 865 942 -629 -675 550
438 946 89 -566 375 906 -516 187 347
-962 -327 827 845 -784 42 39 297 843
995 554 -325 -279 493 -470 -200 -499 -605
-258 -128 73 -356 -338 371 -915 96 99
-657 932 -714 690 -677 -41 870 -832 175
-88 207 -528 108 202 -622 783 -724 871
-687 76 -627 61 -830 597 -866 166 -740
857 603 708 -44 -701 993 243 -659 -684
-446 -789 -164 730 476 -956 -446 -416 598
285 -633 -774 156 33 654 881 -554 -824
831 -68 694 -557 -211 298 -849 746 597
-504 341 938 -188 895 -498 649 977 978
-955 -468 -86 995 817 281 -426 325 -334
-772 207 112 -243 390 -956 -549 833 -166
749 -664 -68 698 -167 -727 637 997 -832
-509 646 -854 -531 -957 30 383 -609 -153
16 -35 -828 -965 193 731 147 950 121
192 -246 306 -622 -497 643 310 -798 -524
583 -809 -527 751 34 -528 -751 503 -133
279 238 258 -522 -394 -777 3 -359 769
-266 -859 -929 -792 333 -175 514 711 329
509 21 883 985 -44 -574 -189 59 460
283 309 315 -850 -60 -95 761 419 511
984 -578 -495 753 508 -354 825 716 -669
-350 583 -606 -669 92 415 -434 430 -277
-8 -759 782 -548 876 91 -881 -622 -968
24 -861 451 -112 -524 -775 393 -771 733
-609 -594 450 -278 409 385 116 740 -171
-117 -341 -741 606 651 -148 740 -544 80
-168 -425 811 216 952 950 19 -160 -574
244 -415 8 -23 -24 766 -221 -950 175
-484 518 268 346 -599 927 957 -641 578
-190 -901 -614 -758 283 -38 -947 -149 266
-644 -778 -894 -218 466 -309 -858 -204 -981
909 927 -931 84 -556 587 -648 -858 -660
-369 -901 51 -790 261 502 -404 504 -214
910 557 989 176 913 -788 634 48 -970
-323 190 178 -304 451 458 -235 -112 902
-296 240 -956 396 872 -505 -553 -566 757
950 382 261 88 645 170 429 173 436
641 160 -516 -976 837 -974 554 -466 478
12 651 -634 266 -644 958 662 -896 -818
-842 -448 -32 -733 -146 -297 528 942 -652
50 371 873 -514 365 33 -30 741 -129
349 295 757 -173 -340 408 545 926 -884
855 589 -779 -610 -901 125 358 -634 979
-939 -754 921 -239 296 644 -13 783 9
-980 105 102 243 -546 -250 0 633 410
-591 178 336 -475 386 277 98 776 376
-777 134 -906 -798 548 -660 -525 -691 637
-880 296 420 481 669 -123 -416 -88 332
334 913 -35 96 -326 -504 -568 551 882
-938 -350 658 790 225 144 885 428 -308
-775 -745 354 862 -625 2 634 -791 23
-488 145 936 -804 -169 -799 513 927 227
-991 -289 -222 -757 -227 780 901 -436 6
398 -551 -214 -910 26 41 796 -111 769
151 -125 978 -826 739 123 -538 935 954
15 801 -767 -758 810 -56 21 -946 718
-199 -693 -366 807 705 435 -55 -852 -539
987 -704 702 756 447 -422 -914 622 -331
209 -564 -43 515 452 -242 748 694 -432
44 -285 -26 114 869 282 748 -972 339
183 -26 487 997 313 784 699 421 583
-371 507 557 299 -284 994 -392 -417 446
366 -317 492 -714 727 -440 261 -158 -571
-105 -410 -191 -766 -874 783 -926 -877 448
-790 -826 -131 793 -196 -624 351 -897 444
697 63 -973 495 -571 62 -13 -285 -210
547 -672 632 -672 575 -426 138 -838 52
273 -764 527 -278 -554 702 591 -409 -494
-680 942 -39 764 991 -976 -856 486 -195
206 -526 872 996 -627 -799 980 54 -872
-93 -456 -710 959 -831 -474 487 -109 324
541 -165 -732 -953 507 -790 360 271 -446
736 767 -960 -459 -26 -134 -587 322 592
-34 303 -354 95 -790 542 385 -479 711
-736 -640 -45 940 901 -858 -792 948 649
-229 660 272 325 396 40 717 937 -634
-416 -297 688 -824 669 343 174 116 905
-284 -146 -573 -573 470 -213 382 762 41
524 971 -11 525 94 2 -202 -229 -602
-810 -512 -312 -444 424 743 -404 600 764
940 126 -119 845 842 -913 -376 -730 557
764 -996 319 -195 881 642 -854 406 88
148 -796 859 899 -254 -300 -61 302 -524
-318 899 -923 -202 -809 555 -969 -964 398
-882 13 -980 675 -223 -976 -5 582 905
-11 -920 664 -922 229 -780 937 480 -33
-11 -581 -731 466 453 -480 895 -397 -289
450 -365 100 200 -247 -887 220 -571 -110
597 776 -176 502 117 -96 518 195 -515
739 485 -683 -294 -526 88 -25 -708 -107
848 -813 497 -441 990 -868 659 190 237
772 -237 666 14 -640 794 -810 -786 -88
447 733 -541 932 472 944 -398 -822 -229
690 505 63 -416 705 603 -919 -735 593
-435 -724 135 802 -951 898 821 415 -390
967 606 177 -121 405 -90 339 689 -266
635 -709 264 -594 982 121 470 -434 -173
73 -1 92 18 564 368 -495 366 769
-244 539 537 366 507 495 -457 -614 -100
805 -923 -411 -461 713 -119 803 -529 -137
-75 941 781 752 366 -220 196 -616 -656
-84 -110 -938 -314 646 954 -777 364 461
718 908 -801 -30 713 -723 559 -395 -658
-560 -592 -187 655 685 107 436 789 -527
-432 -15 210 -88 902 -900 327 -60 -902
281 515 462 -258 585 722 293 -445 788
922 -886 -607 -384 -93 153 430 -438 -161
-111 -649 -20 362 -81 -682 -428 -816 -428
24 863 512 474 144 27 289 -762 -36
11 883 519 -201 806 985 544 -578 -108
-302 -796 807 889 93 -842 221 -192 429
539 732 613 -889 109 476 975 -417 -28
354 872 562 -682 236 446 837 -613 252
823 932 -974 67 -18 -769 -126 223 324
384 -556 -516 -186 984 -783 -573 -553 326
-744 -577 909 228 777 -866 143 -904 370
-59 -715 -891 -455 -892 -607 -429 528 375
-198 -598 -50 -521 787 395 -37 -399 731
532 380 -822 -142 988 -399 -232 217 -269
254 -288 -173 -24 653 112 85 -802 573
479 121 101 206 -724 855 -843 -245 994
904 -930 -53 635 603 -672 813 -539 -684
-233 581 885 498 187 -51 -323 -837 -398
-859 601 152 -934 432 -374 167 -362 -98
375 147 -991 369 51 -569 -683 38 -966
-355 204 -152 313 971 -219 551 821 969
-500 -150 -516 455 -9 -915 -41 58 517
585 -423 -492 -161 952 -993 -152 322 59
280 991 -551 666 -364 653 -134 -699 976
648 -796 797 969 -295 -353 -195 -488 991
243 471 49 -240 409 978 620 -752 931
628 449 605 39 -271 596 488 -253 -416
142 614 237 118 614 442 268 935 -853
-733 -260 -341 -742 983 -518 659 96 -757
638 -284 -508 921 -304 941 526 735 22
474 224 769 -942 -282 735 295 836 349
-263 456 284 236 724 -623 -753 982 -640
82 994 808 325 632 -475 -831 905 573
-538 431 309 484 257 -115 606 315 603
693 -38 439 43 -948 248 -321 640 -28
56 888 306 769 322 300 577 -353 284
-546 -183 189 -972 279 -28 689 116 -771
-426 74 896 -823 -233 -141 968 -838 263
216 194 -97 -812 -398 143 847 -629 -535
499 -699 113 -216 107 -718 -675 135 913
298 176 381 879 750 -545 776 -721 575
-13 -752 -911 -750 816 283 505 -643 886
-351 -796 -391 114 703 262 -421 -161 -630
-139 165 857 -225 -185 34 -844 -306 136
-36 -178 416 -109 809 664 -20 -589 832
-384 -731 -811 -146 -82 -607 815 -968 -551
78 -388 288 448 825 -195 657 -48 620
-309 109 -333 828 -575 489 596 316 651
612 -352 -586 444 264 -317 634 -882 953
-621 934 986 -172 12 -50 -883 -188 127
-78 -531 -920 -105 513 541 562 693 966
403 289 634 406 253 -718 -827 -303 547
-144 -317 -983 -190 63 951 148 891 315
-550 -640 -521 929 635 301 -991 -470 166
550 -556 -141 868 -801 -500 502 606 753
-863 779 -198 684 -13 486 -947 -851 -99
-643 649 144 -976 -549 505 -496 -619 492
-843 -610 -978 323 -707 -182 -818 -487 17
34 -984 -377 139 -495 -246 941 -459 -906
779 -406 -405 32 -49 -755 -823 -24 48
-966 832 429 526 989 -828 900 312 -183
-282 846 330 735 -120 698 -641 -981 -797
465 -688 -256 559 -556 339 -493 476 -358
-248 -995 970 -848 -961 802 582 917 791
-894 817 455 -77 -465 301 -747 -729 -819
952 -18 -448 -493 -553 217 252 -641 661
-57 -134 489 937 970 847 908 -878 -762
710 -944 -844 854 -838 973 309 437 -139
-389 -957 132 144 -653 -534 697 -146 265
-86 -542 624 -73 401 -158 -232 339 164
-385 247 639 206 309 -953 362 163 -438
687 -527 999 -452 84 -958 -968 -420 -611
-502 -723 596 764 543 -946 740 -178 808
-65 591 499 -549 -442 98 -910 764 -593
-510 478 571 52 518 -604 403 -934 832
798 -549 -588 -461 -51 -310 -865 65 -415
-458 -194 760 -650 -907 703 849 -456 -739
-53 -13 -622 706 477 -792 277 -119 726
-975 -364 -855 857 -566 -404 -730 -26 897
312 461 -37 -751 -997 769 -991 -647 -786
712 -446 -242 -674 853 -903 -296 560 574
264 189 -193 -9 215 444 488 72 878
-916 694 204 981 6 -334 -56 256 21
65 617 727 279 330 -719 -610 656 -865
-513 -288 695 -586 976 -116 221 319 -549
17 -193 524 248 -109 218 -548 225 -423
470 -479 -815 -156 587 802 -429 218 484
204 608 140 339 -552 852 386 -138 -819
-377 -565 852 74 453 -340 -50 -299 903
-831 505 480 98 328 -998 635 -828 589
437 -257 159 -78 947 120 -586 639 568
-381 377 -218 152 -1000 569 4 427 374
664 -623 -573 920 -102 933 400 996 261
402 983 785 343 421 -120 -145 -305 179
975 461 -182 895 -920 -452 -323 584 -100
-402 -411 -673 973 -395 -295 -600 -475 603
-315 -722 952 -702 680 935 -917 376 708
-37 -769 -245 -857 -794 -431 313 -547 1
-787 482 -414 114 -920 175 441 -947 780
-502 -194 -694 -546 491 -416 -594 790 -384
-307 873 992 -246 189 -425 861 684 133
-570 349 586 432 563 68 -982 -323 149
545 -530 554 325 -31 -640 983 423 852
-81 -819 642 888 226 867 -768 980 56
-192 -806 -260 941 -24 -910 880 -592 -995
-52 -222 -318 -551 -325 152 -996 -999 -527
-284 -664 896 -432 256 -923 -438 496 656
-218 728 988 838 -464 -818 -69 -170 159
373 -290 919 730 -990 50 -588 -188 725
916 168 -922 -258 884 -585 -362 -195 -977
68 719 519 -276 -499 247 -288 -308 -864
247 975 318 -242 700 -620 -323 430 -610
-921 -806 202 805 -538 -278 883 204 -393
-350 843 412 -327 263 483 -456 -661 985
792 51 -323 -720 -350 4 598 408 -296
978 -914 -866 -280 -483 -672 -725 -678 -210
-3 -442 995 604 560 -810 368 -766 805
-148 -222 -856 189 -78 547 866 554 -802
-130 152 606 574 130 -956 -940 -797 -438
-612 -522 236 530 475 -854 877 432 707
-581 -200 -707 -776 -996 423 -280 193 -654
-732 411 -748 -182 -719 405 -576 -793 -113
-179 -381 90 735 359 568 323 242 396
470 119 -172 529 891 980 822 -533 985
245 188 178 943 808 -410 -804 -374 223
601 402 783 -160 -777 -246 931 -690 -886
851 634 356 247 456 -173 -925 -15 -282
-944 -193 186 -607 -596 -274 571 -652 -114
-487 -456 512 -911 -503 266 -776 689 842
-22 620 -848 92 472 -862 -552 71 594
628 147 -421 -654 555 738 884 948 -857
-38 871 -509 848 -263 387 712 -174 -764
-21 50 925 -179 -972 898 -27 473 722
112 -727 -207 58 901 940 638 -400 847
376 -516 -853 519 799 -981 -638 647 108
749 712 934 -663 -309 336 -737 512 716
-487 -163 189 -765 -699 815 28 360 716
321 -2 -684 168 -274 153 668 -402 -48
687 -40 -49 147 62 -337 81 399 706
-231 -986 218 -163 -473 -592 -973 -238 -291
-806 -857 -931 -738 464 419 -69 -16 -854
-916 -348 96 388 -309 -944 -309 838 118
707 271 -130 413 -960 -116 -16 -122 764
