100
-1000 0
-998 -62
-992 -125
-982 -187
-968 -248
-951 -309
-929 -368
-904 -425
-876 -481
-844 -535
-809 -587
-770 -637
-728 -684
-684 -728
-637 -770
-587 -809
-535 -844
-481 -876
-425 -904
-368 -929
-309 -951
-248 -968
-187 -982
-125 -992
-62 -998
0 -1000
62 -998
125 -992
187 -982
248 -968
309 -951
368 -929
425 -904
481 -876
535 -844
587 -809
637 -770
684 -728
728 -684
770 -637
809 -587
844 -535
876 -481
904 -425
929 -368
951 -309
968 -248
982 -187
992 -125
998 -62
1000 0
998 62
992 125
982 187
968 248
951 309
929 368
904 425
876 481
844 535
809 587
770 637
728 684
684 728
637 770
587 809
535 844
481 876
425 904
368 929
309 951
248 968
187 982
125 992
62 998
0 1000
-62 998
-125 992
-187 982
-248 968
-309 951
-368 929
-425 904
-481 876
-535 844
-587 809
-637 770
-684 728
-728 684
-770 637
-809 587
-844 535
-876 481
-904 425
-929 368
-951 309
-968 248
-982 187
-992 125
-998 62
33
3
-49 0
-48 -1
-47 0
3
-46 0
-45 -1
-44 0
3
-43 0
-42 -1
-41 0
3
-40 0
-39 -1
-38 0
3
-37 0
-36 -1
-35 0
3
-34 0
-33 -1
-32 0
3
-31 0
-30 -1
-29 0
3
-28 0
-27 -1
-26 0
3
-25 0
-24 -1
-23 0
3
-22 0
-21 -1
-20 0
3
-19 0
-18 -1
-17 0
3
-16 0
-15 -1
-14 0
3
-13 0
-12 -1
-11 0
3
-10 0
-9 -1
-8 0
3
-7 0
-6 -1
-5 0
3
-4 0
-3 -1
-2 0
3
-1 0
0 -1
1 0
3
2 0
3 -1
4 0
3
5 0
6 -1
7 0
3
8 0
9 -1
10 0
3
11 0
12 -1
13 0
3
14 0
15 -1
16 0
3
17 0
18 -1
19 0
3
20 0
21 -1
22 0
3
23 0
24 -1
25 0
3
26 0
27 -1
28 0
3
29 0
30 -1
31 0
3
32 0
33 -1
34 0
3
35 0
36 -1
37 0
3
38 0
39 -1
40 0
3
41 0
42 -1
43 0
3
44 0
45 -1
46 0
3
47 0
48 -1
49 0
99
-500 -550 -490 -550 -480 -550
-490 -550 -480 -550 -470 -550
-480 -550 -470 -550 -460 -550
-470 -550 -460 -550 -450 -550
-460 -550 -450 -550 -440 -550
-450 -550 -440 -550 -430 -550
-440 -550 -430 -550 -420 -550
-430 -550 -420 -550 -410 -550
-420 -550 -410 -550 -400 -550
-410 -550 -400 -550 -390 -550
-400 -550 -390 -550 -380 -550
-390 -550 -380 -550 -370 -550
-380 -550 -370 -550 -360 -550
-370 -550 -360 -550 -350 -550
-360 -550 -350 -550 -340 -550
-350 -550 -340 -550 -330 -550
-340 -550 -330 -550 -320 -550
-330 -550 -320 -550 -310 -550
-320 -550 -310 -550 -300 -550
-310 -550 -300 -550 -290 -550
-300 -550 -290 -550 -280 -550
-290 -550 -280 -550 -270 -550
-280 -550 -270 -550 -260 -550
-270 -550 -260 -550 -250 -550
-260 -550 -250 -550 -240 -550
-250 -550 -240 -550 -230 -550
-240 -550 -230 -550 -220 -550
-230 -550 -220 -550 -210 -550
-220 -550 -210 -550 -200 -550
-210 -550 -200 -550 -190 -550
-200 -550 -190 -550 -180 -550
-190 -550 -180 -550 -170 -550
-180 -550 -170 -550 -160 -550
-170 -550 -160 -550 -150 -550
-160 -550 -150 -550 -140 -550
-150 -550 -140 -550 -130 -550
-140 -550 -130 -550 -120 -550
-130 -550 -120 -550 -110 -550
-120 -550 -110 -550 -100 -550
-110 -550 -100 -550 -90 -550
-100 -550 -90 -550 -80 -550
-90 -550 -80 -550 -70 -550
-80 -550 -70 -550 -60 -550
-70 -550 -60 -550 -50 -550
-60 -550 -50 -550 -40 -550
-50 -550 -40 -550 -30 -550
-40 -550 -30 -550 -20 -550
-30 -550 -20 -550 -10 -550
-20 -550 -10 -550 0 -550
-10 -550 0 -550 10 -550
0 -550 10 -550 20 -550
10 -550 20 -550 30 -550
20 -550 30 -550 40 -550
30 -550 40 -550 50 -550
40 -550 50 -550 60 -550
50 -550 60 -550 70 -550
60 -550 70 -550 80 -550
70 -550 80 -550 90 -550
80 -550 90 -550 100 -550
90 -550 100 -550 110 -550
100 -550 110 -550 120 -550
110 -550 120 -550 130 -550
120 -550 130 -550 140 -550
130 -550 140 -550 150 -550
140 -550 150 -550 160 -550
150 -550 160 -550 170 -550
160 -550 170 -550 180 -550
170 -550 180 -550 190 -550
180 -550 190 -550 200 -550
190 -550 200 -550 210 -550
200 -550 210 -550 220 -550
210 -550 220 -550 230 -550
220 -550 230 -550 240 -550
230 -550 240 -550 250 -550
240 -550 250 -550 260 -550
250 -550 260 -550 270 -550
260 -550 270 -550 280 -550
270 -550 280 -550 290 -550
280 -550 290 -550 300 -550
290 -550 300 -550 310 -550
300 -550 310 -550 320 -550
310 -550 320 -550 330 -550
320 -550 330 -550 340 -550
330 -550 340 -550 350 -550
340 -550 350 -550 360 -550
350 -550 360 -550 370 -550
360 -550 370 -550 380 -550
370 -550 380 -550 390 -550
380 -550 390 -550 400 -550
390 -550 400 -550 410 -550
400 -550 410 -550 420 -550
410 -550 420 -550 430 -550
420 -550 430 -550 440 -550
430 -550 440 -550 450 -550
440 -550 450 -550 460 -550
450 -550 460 -550 470 -550
460 -550 470 -550 480 -550
470 -550 480 -550 490 -550
480 -550 490 -550 500 -550