100
-1000 0
-998 -62
-992 -125
-982 -187
-968 -248
-951 -309
-929 -368
-904 -425
-876 -481
-844 -535
-809 -587
-770 -637
-728 -684
-684 -728
-637 -770
-587 -809
-535 -844
-481 -876
-425 -904
-368 -929
-309 -951
-248 -968
-187 -982
-125 -992
-62 -998
0 -1000
62 -998
125 -992
187 -982
248 -968
309 -951
368 -929
425 -904
481 -876
535 -844
587 -809
637 -770
684 -728
728 -684
770 -637
809 -587
844 -535
876 -481
904 -425
929 -368
951 -309
968 -248
982 -187
992 -125
998 -62
1000 0
998 62
992 125
982 187
968 248
951 309
929 368
904 425
876 481
844 535
809 587
770 637
728 684
684 728
637 770
587 809
535 844
481 876
425 904
368 929
309 951
248 968
187 982
125 992
62 998
0 1000
-62 998
-125 992
-187 982
-248 968
-309 951
-368 929
-425 904
-481 876
-535 844
-587 809
-637 770
-684 728
-728 684
-770 637
-809 587
-844 535
-876 481
-904 425
-929 368
-951 309
-968 248
-982 187
-992 125
-998 62
33
3
-49 0
-47 0
-48 1
3
-46 0
-44 0
-45 1
3
-43 0
-41 0
-42 1
3
-40 0
-38 0
-39 1
3
-37 0
-35 0
-36 1
3
-34 0
-32 0
-33 1
3
-31 0
-29 0
-30 1
3
-28 0
-26 0
-27 1
3
-25 0
-23 0
-24 1
3
-22 0
-20 0
-21 1
3
-19 0
-17 0
-18 1
3
-16 0
-14 0
-15 1
3
-13 0
-11 0
-12 1
3
-10 0
-8 0
-9 1
3
-7 0
-5 0
-6 1
3
-4 0
-2 0
-3 1
3
-1 0
1 0
0 1
3
2 0
4 0
3 1
3
5 0
7 0
6 1
3
8 0
10 0
9 1
3
11 0
13 0
12 1
3
14 0
16 0
15 1
3
17 0
19 0
18 1
3
20 0
22 0
21 1
3
23 0
25 0
24 1
3
26 0
28 0
27 1
3
29 0
31 0
30 1
3
32 0
34 0
33 1
3
35 0
37 0
36 1
3
38 0
40 0
39 1
3
41 0
43 0
42 1
3
44 0
46 0
45 1
3
47 0
49 0
48 1
100
-500 -550 -100 -550 300 -550
-490 -550 -90 -550 310 -550
-480 -550 -80 -550 320 -550
-470 -550 -70 -550 330 -550
-460 -550 -60 -550 340 -550
-450 -550 -50 -550 350 -550
-440 -550 -40 -550 360 -550
-430 -550 -30 -550 370 -550
-420 -550 -20 -550 380 -550
-410 -550 -10 -550 390 -550
-400 -550 0 -550 400 -550
-390 -550 10 -550 410 -550
-380 -550 20 -550 420 -550
-370 -550 30 -550 430 -550
-360 -550 40 -550 440 -550
-350 -550 50 -550 450 -550
-340 -550 60 -550 460 -550
-330 -550 70 -550 470 -550
-320 -550 80 -550 480 -550
-310 -550 90 -550 490 -550
-300 -560 100 -560 500 -560
-310 -560 90 -560 490 -560
-320 -560 80 -560 480 -560
-330 -560 70 -560 470 -560
-340 -560 60 -560 460 -560
-350 -560 50 -560 450 -560
-360 -560 40 -560 440 -560
-370 -560 30 -560 430 -560
-380 -560 20 -560 420 -560
-390 -560 10 -560 410 -560
-400 -560 0 -560 400 -560
-410 -560 -10 -560 390 -560
-420 -560 -20 -560 380 -560
-430 -560 -30 -560 370 -560
-440 -560 -40 -560 360 -560
-450 -560 -50 -560 350 -560
-460 -560 -60 -560 340 -560
-470 -560 -70 -560 330 -560
-480 -560 -80 -560 320 -560
-490 -560 -90 -560 310 -560
-500 -570 -100 -570 300 -570
-490 -570 -90 -570 310 -570
-480 -570 -80 -570 320 -570
-470 -570 -70 -570 330 -570
-460 -570 -60 -570 340 -570
-450 -570 -50 -570 350 -570
-440 -570 -40 -570 360 -570
-430 -570 -30 -570 370 -570
-420 -570 -20 -570 380 -570
-410 -570 -10 -570 390 -570
-400 -570 0 -570 400 -570
-390 -570 10 -570 410 -570
-380 -570 20 -570 420 -570
-370 -570 30 -570 430 -570
-360 -570 40 -570 440 -570
-350 -570 50 -570 450 -570
-340 -570 60 -570 460 -570
-330 -570 70 -570 470 -570
-320 -570 80 -570 480 -570
-310 -570 90 -570 490 -570
-300 -580 100 -580 500 -580
-310 -580 90 -580 490 -580
-320 -580 80 -580 480 -580
-330 -580 70 -580 470 -580
-340 -580 60 -580 460 -580
-350 -580 50 -580 450 -580
-360 -580 40 -580 440 -580
-370 -580 30 -580 430 -580
-380 -580 20 -580 420 -580
-390 -580 10 -580 410 -580
-400 -580 0 -580 400 -580
-410 -580 -10 -580 390 -580
-420 -580 -20 -580 380 -580
-430 -580 -30 -580 370 -580
-440 -580 -40 -580 360 -580
-450 -580 -50 -580 350 -580
-460 -580 -60 -580 340 -580
-470 -580 -70 -580 330 -580
-480 -580 -80 -580 320 -580
-490 -580 -90 -580 310 -580
-500 -590 -100 -590 300 -590
-490 -590 -90 -590 310 -590
-480 -590 -80 -590 320 -590
-470 -590 -70 -590 330 -590
-460 -590 -60 -590 340 -590
-450 -590 -50 -590 350 -590
-440 -590 -40 -590 360 -590
-430 -590 -30 -590 370 -590
-420 -590 -20 -590 380 -590
-410 -590 -10 -590 390 -590
-400 -590 0 -590 400 -590
-390 -590 10 -590 410 -590
-380 -590 20 -590 420 -590
-370 -590 30 -590 430 -590
-360 -590 40 -590 440 -590
-350 -590 50 -590 450 -590
-340 -590 60 -590 460 -590
-330 -590 70 -590 470 -590
-320 -590 80 -590 480 -590
-310 -590 90 -590 490 -590