3
1 4
-5 5
5 -5
10
1 10
-10 5
5 -10
5
3 5
-20 0
20 0
8
1 9
-14 58
6 24
2
2 8
-57 -113
42 -31
4
1 4
-4 -5
4 5
4
7 10
-989 991
286 -546
9
1 5
-288 218
929 -509
4
2 9
-886 -515
652 96
2
1 7
-366 691
677 693
8
1 6
-461 352
658 -796
9
1 3
-965 411
339 878
2
2 9
-681 855
602 439
4
1 5
-853 971
775 231
4
1 1
-86 239
587 -153
9
1 5
-320 -490
410 -38
7
7 3
-876 -376
438 889
7
1 5
-615 730
618 -474
10
1 8
-189 223
43 -318
4
1 1
-813 -751
211 -107
9
1 6
-102 -330
594 781
10
1 1
-568 52
869 -611
3
1 6
-949 316
335 707
2
2 6
-649 -888
636 401
10
1 8
-240 -510
795 -332
6
1 3
-985 688
322 -330
2
1 5
-471 324
413 640
2
6 6
-326 458
739 654
10
1 2
-329 430
324 216
2
1 4
-234 770
988 -504
8
1 2
-351 -461
106 438
4
1 4
-676 -165
519 298
10
1 10
-622 -387
968 81
10
1 1
-492 817
270 246
5
1 8
-126 -906
561 105
10
1 4
-470 -942
283 -994
2
1 10
-521 2
512 3
2
1 10
-521 -3
512 -2
2
1 10
-2 100
2 100
2
1 10
-2 100
2 -100
2
1 10
-2 -100
2 100
2
1 10
-2 -100
2 -100
2
1 3
-3 -9
3 -3
2
1 10
-12 0
12 0
2
1 10
-12 1
12 0
2
1 10
-12 0
12 1
2
1 10
-12 -1
12 0
2
1 10
-12 0
2 11
2
1 10
-12 0
2 -11
2
1 10
-2 11
12 0
2
1 10
-2 -11
12 0
3
2 10
-4 13
12 3
2
1 3
-9 -9
3 3
3
4 4
-102 781
692 -865
0