3
1 4
-5 5
5 -5
10
1 10
-10 5
5 -10
5
3 5
-20 0
20 0
8
1 9
-14 58
6 24
2
2 8
-57 -113
42 -31
4
1 4
-4 -5
4 5
9
5 6
-204 10
907 859
8
2 5
-185 553
591 -885
4
1 8
-119 -204
86 -270
7
1 8
-78 -822
645 418
5
1 5
-458 980
43 359
8
1 5
-13 -531
544 316
3
1 1
-235 -792
598 -629
6
1 2
-898 -921
999 729
5
9 9
-109 522
841 968
10
1 2
-400 -792
920 -738
7
1 3
-977 925
534 910
3
2 7
-535 447
275 716
10
1 8
-652 -810
666 326
9
1 4
-357 693
283 785
10
1 2
-375 716
828 -18
8
1 9
-610 592
748 618
4
2 8
-776 80
124 714
5
1 4
-449 -462
452 818
10
3 2
-303 -58
679 -85
5
2 10
-237 154
557 -412
6
1 10
-390 371
99 393
3
1 1
-764 -926
369 -636
4
1 4
-521 759
439 -120
3
1 8
-771 434
322 511
6
1 6
-430 -252
496 -432
4
2 9
-875 -420
385 -297
9
1 1
-984 172
99 829
8
1 10
-187 219
221 183
3
1 9
-280 629
395 -606
6
1 9
-237 490
873 684
2
1 10
-521 2
512 3
2
1 10
-521 -3
512 -2
2
1 10
-2 100
2 100
2
1 10
-2 100
2 -100
2
1 10
-2 -100
2 100
2
1 10
-2 -100
2 -100
2
1 3
-3 -9
3 -3
2
1 10
-12 0
12 0
2
1 10
-12 1
12 0
2
1 10
-12 0
12 1
2
1 10
-12 -1
12 0
2
1 10
-12 0
2 11
2
1 10
-12 0
2 -11
2
1 10
-2 11
12 0
2
1 10
-2 -11
12 0
3
2 10
-4 13
12 3
2
1 3
-9 -9
3 3
3
4 4
-102 781
692 -865
0