49
10 10
4
2 2 1
2 8 1
8 2 1
8 8 1
200 100
2
50 50 41
150 50 43
1000000 1000000
0
1000000 1000000
50
500000 999999 1
562666 996056 1
624344 984290 1
684061 964887 1
740876 938152 1
793892 904507 1
842272 864483 1
885255 818711 1
922163 767912 1
952412 712889 1
975527 654508 1
991142 593690 1
999012 531395 1
999012 468604 1
991142 406309 1
975527 345491 1
952412 287110 1
922163 232087 1
885255 181288 1
842272 135516 1
793892 95492 1
740876 61847 1
684061 35112 1
624344 15709 1
562666 3943 1
500000 1 1
437333 3943 1
375655 15709 1
315938 35112 1
259123 61847 1
206107 95492 1
157727 135516 1
114744 181288 1
77836 232087 1
47587 287110 1
24472 345491 1
8857 406309 1
987 468604 1
987 531395 1
8857 593690 1
24472 654508 1
47587 712889 1
77836 767912 1
114744 818711 1
157727 864483 1
206107 904507 1
259123 938152 1
315938 964887 1
375655 984290 1
437333 996056 1
1000000 1000000
1
500000 500000 499990
1000000 1000000
50
567804 408474 31988
578336 714031 83906
340467 304351 92919
895289 45991 35826
992703 804005 357
429001 483549 13344
138329 363237 92728
373674 859529 88432
64992 143621 47657
498318 487272 28787
379117 504668 18051
938022 927517 38491
768476 186627 99784
347541 77209 72693
51826 909266 29681
388356 556595 18550
639321 603357 21190
227347 260879 21139
308657 466920 47966
454786 91406 32937
244099 758895 19794
368372 664491 37354
614131 279317 63255
976297 174155 7131
666754 94108 16268
683101 704453 8657
532264 609509 15498
365228 548961 4150
773693 328377 37091
64414 766586 58697
718915 718861 24512
443635 554922 30092
992871 129484 5895
251385 264924 1187
903021 712013 63716
561588 936673 48827
656405 488905 58729
201545 289535 3583
571933 561373 1405
526691 799120 14648
618437 81065 29067
265124 245728 1568
871995 397108 72027
972755 612651 19381
18592 838880 9740
727768 620949 15077
192915 815247 32970
706669 864051 92885
443716 318866 3881
128325 894361 36207
1000000 1000000
50
332932 330838 326276
183225 2258 869
759697 494410 90928
83359 600010 7523
684759 824384 131364
219629 732661 43123
665836 150016 41286
259383 783201 14564
385161 900217 52793
73346 17511 15569
759045 53579 52566
992228 885699 2164
303877 957944 16478
708219 339710 18206
280833 786165 1834
45085 669466 30728
975493 267685 14568
26741 40498 16749
861147 455003 3327
561762 698751 36142
669891 444835 3841
626139 538149 26654
871953 791842 35592
363634 802938 30286
920728 295522 26677
785767 211197 6201
969320 612359 19854
797141 985539 3755
109812 720010 24454
896351 170576 80344
891912 947063 5485
236657 650522 184
792849 122616 5201
460822 901463 10087
645880 639721 24635
989397 541778 6900
671013 276755 5763
322822 826857 15727
164949 895944 27689
673392 625184 928
119713 778076 10354
711911 299769 8848
116412 953828 23263
776387 285949 37652
106581 793793 2315
563352 84109 2513
206192 842482 37382
952406 723918 27472
819991 241799 11181
896392 513760 35092
1000000 1000000
50
882459 379720 48119
266063 611937 105073
27742 335458 1449
154184 55666 28979
462104 75040 22914
784367 558994 97385
817982 862531 32761
943455 200331 47773
115334 57614 5675
806657 975071 6626
513441 720343 143976
442770 997550 603
933617 607379 51496
326769 424106 18985
627977 288591 136790
656139 108034 45826
66974 886538 39286
19341 69181 1114
71391 461491 26401
242414 54627 12711
251301 344139 51682
140758 788829 78354
488964 466452 34059
793114 802514 18283
324439 834608 35493
776627 170831 7806
11267 221041 11052
878912 831486 11085
302118 70863 41882
485160 533296 32412
503390 884282 11248
666659 904190 84589
815798 418722 12928
389281 993216 5881
232245 494128 9866
821865 959054 8086
949789 4790 4157
550995 541745 20165
600172 969630 8017
105777 894525 46
289041 914548 14056
833257 22384 1997
293721 429431 7363
372436 199342 25100
387636 349942 36588
675527 746642 845
910776 561098 87
81167 49430 15127
57498 694365 20745
571284 913076 3151
612461 500003
46
196229 70238 6753
362564 421579 22808
168213 332641 72380
381516 345429 38207
522193 252102 81573
187930 109056 19082
267011 498095 338
112845 124149 52589
306222 144149 46368
429941 352567 2662
410028 438814 6480
590232 343660 5270
520002 408283 57419
455238 480899 2233
414729 298701 12614
68443 61463 17038
33644 79019 17878
513577 111051 19221
347913 453853 10790
475030 102116 4490
382366 1763 1225
163946 245545 2784
587969 118995 7134
360953 380516 1126
155784 23049 12443
10147 490540 5996
57912 223059 16340
3825 114574 3460
393736 295198 5556
551156 55156 14955
582537 181672 2472
101582 289970 6188
609418 131172 404
315932 16543 11189
389916 206764 16858
21881 179987 12338
99637 244025 6720
222686 413252 16372
115994 462473 17019
38923 215189 654
393279 116263 18603
5622 176786 235
82223 377613 16313
410009 17623 13130
5109 155877 4768
477332 40708 9529
445842 652712
11
195234 644545 7320
162957 132406 20326
42779 462741 13758
142150 306846 98506
284873 175494 46598
282160 71440 55368
359006 359388 21381
86062 539462 46079
166624 629086 13660
314957 515900 112621
352144 386732 4922
700902 386895
46
451756 54636 46305
277283 145368 57674
516065 324433 4692
205578 80033 16474
564615 252006 80965
700465 82300 287
170417 371678 4468
488401 138568 5170
445277 156143 8637
87508 117670 70545
558147 379660 1489
370167 20142 11630
22625 188650 21593
211543 215267 7123
189140 21151 18765
607932 71558 17078
83066 21125 12925
168749 288564 17981
64037 338988 36077
448177 139171 4014
165890 147303 7481
394767 238076 85289
641486 308526 4741
644777 63555 5700
31348 259294 15732
368153 4478 542
588598 77624 1380
533165 91930 8506
557416 29106 9717
272131 344130 20736
520439 15703 10031
475641 337474 34778
616359 346344 16479
310833 272696 1630
228193 86871 5170
589942 15744 14727
117050 322137 1483
294772 44696 7576
295079 227211 267
399655 373484 4558
309762 30011 304
392520 39639 11017
13203 337490 9313
306775 290128 10298
128036 348733 20860
539661 378850 731
930886 184190
38
163730 4188 1895
166198 182933 149
104318 160382 6868
386986 61854 50795
83533 9513 1419
538648 174856 2447
834202 20848 15577
232735 20347 17862
116754 134246 7987
925449 51627 971
261334 10018 3947
691945 147868 1231
692974 10739 2494
695938 160467 1000
224899 109673 28509
726914 79432 39374
817913 55171 10426
87692 81938 34403
288319 62808 10796
869820 116320 30058
805154 41777 5666
850008 85494 1979
753912 155754 10963
144142 138071 5037
190182 5503 332
909139 50736 13544
731458 163062 3450
718675 165143 8208
310265 8994 7759
432865 20894 2638
468859 28907 19104
871807 28170 10695
277636 125934 25766
577088 72839 16154
633638 143532 20561
623186 99509 23552
506272 102801 18024
395139 144810 20520
11503 446754
26
1780 253126 919
8429 35312 223
7980 253162 95
2105 341471 1744
5818 243121 1929
10516 413837 381
4810 364908 1818
1851 430111 968
4987 89723 1528
7980 274318 2603
6066 202660 5371
410 194073 135
11342 382794 28
7613 237227 129
363 104954 33
3739 295769 29
8383 87064 2766
4416 395365 4094
8808 248006 729
11461 180754 16
8554 6452 646
5784 228033 5342
5403 379557 1198
7897 436671 2434
10543 215763 432
10249 268734 415
535218 430940
14
316153 354573 6782
215782 196376 120179
456925 236112 21857
416726 346463 77890
48555 24988 20698
37283 420374 1346
186300 14218 12917
247629 329047 14932
328240 305829 17110
529114 14563 3993
76415 83762 26306
49297 354282 268
115847 75895 12805
188131 375510 464
326824 191523
22
259468 145234 41611
212131 44197 28526
320847 58300 3044
83833 40777 11101
129172 155866 11264
305921 21556 15742
108184 64710 17189
249060 39318 1369
259510 27943 7958
53215 185779 3471
316165 184988 2726
47393 168538 6760
128759 190803 525
178215 120988 26801
146027 87207 4418
276426 24030 7492
234232 64835 1105
154266 30232 20977
117832 114716 19676
150141 162239 8281
136209 190627 213
141789 95066 4073
328091 330069
0
64411 487937
33
49796 183543 2913
51222 373709 12299
28303 152972 21630
51609 342502 6407
13888 266009 4481
63438 279484 126
38097 230414 18693
12875 379399 1015
62831 189044 506
27131 329035 7436
12926 474557 4849
32630 275107 9663
21003 334213 420
15632 127977 27
24589 36685 3804
43451 249054 368
55466 446309 6782
47565 208355 3519
58809 298062 4886
928 470727 795
51257 275472 1803
3849 265986 3711
28800 487928 7
37010 199652 2888
15790 457037 3923
22290 28957 2491
3949 349277 2653
2202 406697 673
39564 115762 10675
3207 481015 364
9468 212667 2624
29257 9685 5759
47065 465131 2375
532413 150335
44
63937 117095 1764
264875 40080 10039
302369 118567 11173
443203 86070 63091
256843 92243 2388
239792 83481 15177
48697 101412 11215
531950 35687 236
60732 40088 36295
310721 21488 12064
51216 84765 4345
337055 134940 15022
132886 47009 15591
113067 119535 14326
508127 116782 6275
344790 74308 23809
265763 137711 4767
106423 82008 3420
81003 1957 119
140000 130952 4285
105738 75534 716
372467 141675 4219
198380 1186 109
223107 73607 3565
324102 113990 7420
247707 38266 274
241461 133156 9966
460058 24010 525
383783 25541 20153
70066 106182 8122
26895 145404 291
521437 85448 948
344094 112191 8306
283751 139154 4834
391960 45281 875
261894 117769 1415
349516 40049 1877
339263 22029 13180
175070 132690 15094
292047 75157 21421
157191 122754 4922
153013 22731 14583
258695 116290 1458
206970 41680 22738
924492 373222
17
541792 243302 92421
12384 153419 1115
252660 253779 86317
257439 6930 3946
175673 38559 954
155628 37857 1838
630338 103070 72186
69304 32230 913
656912 326518 40322
386349 184370 44671
696592 349129 4606
810217 317334 47775
319099 311909 1732
66406 350469 18889
854709 118887 37648
803496 72710 11527
29096 170428 6948
718317 928220
20
135694 244592 40218
324885 598521 245300
103825 883020 8713
479581 256309 43480
668499 360145 36061
717182 465713 173
645831 529803 14007
527780 188102 16001
604237 222003 32828
659019 853586 47765
185103 388616 3082
471231 375411 10595
373178 264924 9003
577833 121392 9539
133958 19564 6622
176200 118727 88814
300289 864641 5514
511521 21814 7659
710958 234412 4254
485838 791490 3425
411030 69502
33
379576 4000 2128
14016 15385 115
136952 10083 6215
96548 35233 31589
383112 4233 389
25308 61511 1292
334959 36233 32017
160784 63526 50
49093 60088 7990
192558 61746 6756
175893 24759 3108
277376 32421 629
140271 38814 10924
220684 6438 817
180568 803 159
15199 42444 939
144562 6492 363
191127 44877 8089
237503 28878 25662
276050 7001 5504
160467 66796 2377
51735 42671 556
129158 6502 2328
159928 1541 1519
401 14769 5
146518 4427 746
207320 46826 4374
4296 48786 4202
73819 62510 923
60105 53944 2460
235511 326 237
307243 67963 500
36686 47847 7367
516684 177733
14
390908 55385 5546
26876 7791 3638
128405 147296 3351
163813 64714 15332
267589 175498 617
289198 48879 16212
185865 133646 36064
252639 147648 20134
459777 132216 2645
365728 18856 2107
427422 44903 25440
329850 15865 13972
139182 156868 2876
14329 57526 3606
576088 680475
11
435435 72486 271
72171 78945 59828
59763 465968 52785
90576 541577 24799
145279 506218 6649
136760 216509 22140
296790 491998 52501
310068 122651 60015
425593 355051 75650
201147 51713 49415
46195 403106 1578
175410 570708
21
59754 160048 20359
69526 363277 13110
139620 555420 13817
101254 412139 33476
98053 477616 26021
85142 7483 6927
123621 202174 19162
7456 348044 7418
145092 140890 10477
54899 540548 29550
148799 86128 17970
94143 108716 21384
79823 42917 25898
128499 82504 1481
59085 308058 7590
168794 368944 5784
66794 213540 11706
8861 462566 811
160745 505923 4111
66730 449909 12870
1617 406178 639
411923 633697
16
109817 366710 70650
126715 582370 27000
285656 181013 78687
119883 449755 10388
236361 629724 752
374065 73223 36614
128945 43929 11174
110362 61889 4563
251053 317240 50676
17221 581094 13913
51852 26228 9858
83601 91749 716
255653 549219 79132
169969 171242 616
147531 106272 31493
94249 293324 30
729903 608013
46
318829 286604 39210
92990 82799 68494
315436 195934 6974
589163 379159 37678
572391 228025 34328
293034 55458 14515
458260 418463 29427
135926 563178 9314
372491 17925 10049
399933 45472 12779
528795 588969 14950
473460 239984 34205
315046 576324 10419
415093 249764 189
506055 526930 37312
112754 218535 48320
490338 184051 4264
619054 315837 15713
511511 54885 42106
183891 418521 98136
387124 120730 21454
260879 540658 34556
55853 586049 16206
517381 125254 23790
379740 150026 5986
697528 7964 917
729128 568011 162
205735 547399 19082
63026 411930 10211
636403 522468 33698
251248 230714 3362
539847 574061 3509
368030 156485 3829
186809 28927 14404
698079 14443 2539
527689 98639 3658
701521 433020 27043
435154 599338 5415
592026 139501 4389
464335 509972 496
23724 447609 17472
213510 244039 24984
153754 268350 6528
638652 466119 4594
150798 35297 2879
691435 131320 21185
862648 731223
29
210801 545203 123464
436439 272627 192292
175802 296116 44939
38197 160620 11988
428565 528826 29766
1119 111176 37
283279 17210 3
475109 566822 16180
791217 606246 38329
9672 84974 3073
835624 666221 7544
795255 652096 3493
461279 531470 1690
167813 50142 1320
586123 405401 6546
15692 308545 5836
640976 18248 14134
262720 30615 22301
367230 638910 32168
73100 138776 12433
679628 75810 32092
802167 524309 13450
157828 408606 586
798585 48337 9279
739785 694838 25881
630735 580174 85399
644515 723121 6791
282982 147224 1406
449232 580696 11022
805440 226444
15
424864 16785 10745
313498 213641 11366
631270 28349 14581
646858 55752 12953
424778 110801 23504
613240 215226 6219
543743 57299 46494
9185 169415 8656
334060 7585 5674
407431 47272 11452
446270 74775 5072
487042 107234 27398
303704 54119 40678
121105 64212 55456
210299 185824 36333
526660 382853
43
180950 83226 5264
153685 281035 91981
425988 349131 31489
463657 189259 9150
48916 95147 25275
444712 229276 28592
343956 259226 67720
519943 2650 289
311363 137792 12519
61797 325780 2537
352127 136492 27463
500664 114795 6783
474819 26536 6454
271430 309063 15638
48241 198512 23528
234675 113021 10936
412755 205185 6123
367090 83969 9892
242722 53614 20046
2960 130916 216
386942 330866 7725
12578 363302 5031
519598 356908 660
452328 324809 3487
134780 33901 26397
514199 340839 4479
461933 111703 10942
40155 288134 1957
348429 187343 3665
307708 352179 1416
94652 19433 2797
485535 170994 12702
129995 379028 1548
261127 97082 3812
255794 100564 1935
64958 156481 19924
499036 14412 9019
227684 85566 7857
209406 21177 15074
293947 202096 6489
35683 173881 3639
118628 188290 2762
495104 357325 11205
702732 828437
45
447933 559900 25027
642574 584978 20720
215217 365199 144366
111479 254889 3201
74979 323627 318
36167 738068 15234
5380 615635 1262
452845 424276 21416
416603 402710 3059
493436 57068 15994
104133 199853 42575
625920 84204 24113
331303 617942 24557
462488 147963 60496
538320 427402 8781
88546 780256 3581
366275 93645 18518
177378 16084 6089
328902 190384 13771
137736 87445 52063
663754 153627 34080
156412 180160 8166
535052 457342 7875
521881 476485 4011
213341 184613 31790
376862 554020 32350
384737 390968 9188
265818 647099 4800
511703 7767 5678
315865 66100 24560
140522 713284 58530
47456 515456 19677
40690 488112 3997
602393 493284 22342
19371 25778 9863
694998 481921 5295
677879 34503 610
46027 801402 25321
538386 666860 35057
377104 649503 7760
686719 691479 13032
489197 427492 1783
17330 613331 7339
417128 413588 78
519183 372160 23246
235947 13079
7
95012 6357 3905
2360 11311 1573
208737 2957 520
78410 258 37
6001 12147 472
175146 5517 36
195283 6227 4128
435009 198906
50
122777 64294 43918
254670 87410 44492
338604 107389 34129
304821 65951 9517
250054 39393 1793
330529 48105 5829
236982 43164 1283
76751 119694 13372
248571 9439 8339
314940 11052 8420
194972 77994 15111
304893 101640 16
431685 72700 1456
293591 180448 6051
109789 166737 7016
172045 168877 11540
7365 143168 3822
76464 18471 4137
189725 29517 19947
27582 33204 23839
338160 28774 4284
41287 12356 503
390965 109384 12549
63691 113630 278
170458 7853 7586
67850 198450 126
343222 196340 1374
344194 194051 428
159797 32296 2068
245682 186420 10934
38785 96583 3714
250612 20256 566
65606 57532 890
272811 175339 2731
371506 96552 134
302500 94531 3354
334738 38007 1689
303578 190157 5078
433621 33493 49
360270 138929 3472
399246 145858 9793
198836 147054 5991
169993 58136 703
266443 162246 1755
148011 168923 11729
52379 89793 10768
59887 79941 1454
408298 52412 19155
334115 3215 701
347504 173214 9735
162146 42187
50
79080 16169 84
41976 36480 758
154129 1041 413
116300 16358 1162
16350 12987 11344
33328 5316 2856
26135 26470 4823
91431 12393 2952
66759 29869 3919
55126 13989 11605
34214 28897 2088
74436 17024 825
19039 27180 1147
132053 8499 6976
89368 20112 3300
76538 23756 331
35948 25846 110
27560 35515 789
81425 29799 3412
38627 5205 1517
93119 2905 2034
102407 5707 535
64069 5152 296
135751 37018 3630
125164 37566 907
5711 20277 1066
94480 34952 6544
157966 12216 2708
116917 19014 166
50220 39626 2473
128220 29761 4765
104869 24999 2468
28172 15937 700
154691 3518 627
41656 24763 1468
4660 39989 964
5466 36907 1943
151644 7694 1141
25818 1247 922
56685 39689 1465
40760 41665 81
33094 41800 372
31867 27469 78
140679 2052 1941
61993 1250 325
91939 16396 615
141675 11097 1642
44654 2177 2135
77430 13030 775
117402 17362 9
245268 385871
42
113874 42943 25097
84148 113472 31502
186382 135494 175
3731 46900 736
173355 165092 11997
118517 343170 15908
160632 62407 1992
54266 312290 39404
186035 30098 13934
38783 182090 38374
201274 252830 29725
173385 117043 9715
143492 138489 11509
149799 384779 77
39912 140526 281
179997 226445 1817
242004 205691 2504
193774 131802 6502
176448 327660 28265
159242 179846 3403
183762 111948 1462
139539 301180 8825
52479 261765 9752
4806 336450 1127
112935 295369 700
101427 286498 4345
89322 226333 16353
191281 112998 5797
149610 216626 24776
75004 40422 9123
144750 91867 19250
91731 56305 52
213152 336410 3450
181670 52565 8105
226895 75259 5881
158425 13929 4680
18915 78801 17073
22015 21972 972
18941 358515 750
158063 271833 11169
90228 176078 9666
131780 174812 4506
398689 329544
27
224492 276944 8161
43215 65381 35661
280481 180731 63493
166034 246883 38646
84491 299602 14833
109365 158601 34309
13395 42553 338
84022 92018 3716
24886 187469 22442
265608 252231 3866
311908 270216 11189
201293 3507 407
172562 107270 11391
299190 316417 7825
367777 258728 6551
357813 173796 3354
365862 206540 6220
272967 244890 930
5887 163 45
40249 134156 2626
126744 206039 13103
55344 293479 1472
157449 79225 17041
118355 111859 563
169691 202917 1227
348598 77200 47813
3566 43070 1795
103847 70941
47
33959 35671 1215
85123 5531 1817
101366 8965 155
98707 18038 4419
53026 13913 3094
88122 46584 2706
25592 34912 4542
76401 620 129
20865 37155 566
47461 34162 7984
70489 5371 5166
38353 50136 5635
77790 42229 450
67028 21245 3106
92864 59828 8080
50239 57078 5467
90747 8093 1315
73983 27126 1337
97358 545 336
68117 60799 3295
55590 25651 3028
27947 18716 7238
51061 564 462
58553 45405 1848
71418 23705 1474
6229 51125 4928
64907 14332 3652
88005 40553 2695
44346 4155 3897
76357 50622 2194
73224 64318 105
55517 45445 1145
44008 43032 137
27602 67036 2466
74677 29767 388
13715 20026 1199
63314 59672 1100
76144 37111 1645
99343 69720 470
31999 55199 1898
37902 61466 2480
4658 17800 4423
40013 11026 574
3375 45914 764
5441 9647 2152
10307 39790 5208
1103 34144 245
62827 299159
26
62554 264111 17
13504 173324 9266
51765 242833 1646
30557 288566 8560
58779 13952 3915
62486 169556 65
32673 38708 13350
31613 101988 8884
11111 188367 1034
53755 84234 4788
34452 57902 991
28206 276369 231
58855 223848 3741
26384 221130 16140
4357 117980 4213
62262 188189 293
5354 289138 2265
27291 246915 3800
31777 187270 4299
48789 165971 7757
24413 276952 1947
39110 204287 3361
40089 166273 107
21430 101088 766
48243 290210 407
44581 148324 394
45985 941751
6
3127 725674 2317
38807 107034 4910
40477 206650 1236
12931 622408 8160
38386 175979 6885
18249 912676 14512
175343 600963
27
142965 409921 12671
105010 360008 8509
153816 434543 12554
44312 430677 13038
127900 561658 17078
107812 421164 3229
69677 95817 48273
37329 154587 1062
40554 392714 15353
93213 566346 7336
110154 53011 20
172200 146906 1457
165578 508371 3167
3372 189563 3316
170710 284175 1958
33838 572 134
80694 36763 6178
76122 428729 7788
18452 390116 1941
160043 112144 8130
59478 448951 8671
242 349537 55
113112 404031 6896
151406 250045 11053
2995 161377 2011
90730 288078 31557
45211 530702 39100
267694 307514
30
60565 43617 20157
65255 147230 58885
73068 304576 1195
166649 121444 23046
238064 278329 28368
159387 300478 2440
85968 306579 770
140570 274730 28381
188042 157676 12343
55052 222394 5190
155677 66822 85
264660 192100 886
34882 262069 29314
215787 49414 4610
260161 304511 1063
236878 7751 7006
55714 288604 3655
3442 154946 2234
254740 153214 8633
120546 169746 580
76924 254252 7723
141845 127213 59
257767 257662 148
197537 248177 12524
59164 244845 141
211001 211660 11469
38614 226345 6105
186425 221642 12952
242015 240798 6311
199359 11572 11564
250247 233609
49
159818 64730 60295
129080 120211 1850
221883 227442 1933
28633 190427 13554
214431 183058 28448
22546 11891 5557
228371 81295 330
187504 141957 11284
20450 83841 7701
91188 152305 28100
222289 128759 1225
32522 105674 10719
208502 122359 3122
71250 212862 8760
51201 14793 4759
115526 12195 6166
30022 16176 842
50955 8329 1418
128287 203413 22301
31214 158087 12526
217355 45184 173
37268 79581 3269
200969 232110 1274
121643 116334 1237
232672 56826 940
108654 186206 281
226933 37207 8920
59682 63731 16159
21310 132458 13020
183244 200556 3462
90200 77236 2088
191401 209675 2526
17691 31257 3583
66590 177373 1925
231409 45637 569
208980 228000 3201
54492 215012 7136
113092 134359 164
86031 91092 7538
244900 54328 5307
152005 168243 17440
45676 192268 1780
115355 19991 273
71567 93390 6457
13427 171686 5674
32707 44974 6277
52377 79494 400
249895 44888 10
131124 1353 1001
397115 295373
37
186555 224427 67092
155041 138634 11526
204199 26028 4072
41889 205433 38853
197904 39007 2018
49071 33209 8522
193072 27781 1930
251325 168421 13991
109536 153689 29590
197466 110388 7919
132660 45337 14574
15642 76896 6537
216898 47146 12011
317900 151612 14143
137824 133711 4358
316225 231051 35503
245297 262162 2702
37606 166276 454
365950 98709 1923
392104 114440 1013
230709 58098 5455
138458 110119 4933
112426 119507 2737
388894 37726 7594
182227 10416 9878
249650 199549 438
196014 47857 5723
115372 112549 3026
281438 121648 32464
190172 154473 1340
128774 116322 5162
272939 17354 15989
246838 122686 1269
317690 280641 11586
338422 80756 1136
69407 110035 13566
168809 139683 1878
8 4
2
2 2 2
6 2 2
6 20
2
3 5 3
3 16 2
50 16
4
23 15 1
37 1 1
43 12 4
14 9 1
50 16
5
23 15 1
37 1 1
43 12 4
14 9 1
30 3 2
53466 12450
0
10 11
4
2 1 1
8 1 1
2 8 2
8 8 1
48 48
16
12 12 10
12 36 10
36 36 10
36 12 10
15 24 2
24 33 2
33 24 2
24 15 2
4 24 4
24 44 4
44 24 4
24 4 4
11 24 2
24 37 2
37 24 2
24 11 2
