1 2 1 5 5 2 2 0
3.5 2.2 4.8 -9.6 -1.2 -4.4 -8.9 12.4
0.0 0.0 0.0 1.0 1.0 1.0 1.0 0.0
-1000 -1000 -1000 1000 1000 1000 1000 -1000
-0.1 -0.1 -0.1 0.1 0.1 0.1 0.1 -0.1
0 2 3 0 0 -4 -6 0
3 0 0 -4 -6 0 0 2
0 -4 -6 0 0 2 3 0
-6 0 0 2 3 0 0 -4
-6 0 0 -4 3 0 0 2
0 -4 3 0 0 2 -6 0
3 0 0 2 -6 0 0 -4
0 2 -6 0 0 -4 3 0
0 4 3 0 0 -2 -6 0
3 0 0 -2 -6 0 0 4
0 -2 -6 0 0 4 3 0
-6 0 0 4 3 0 0 -2
-6 0 0 -2 3 0 0 4
0 -2 3 0 0 4 -6 0
3 0 0 4 -6 0 0 -2
0 4 -6 0 0 -2 3 0
-5 0 0 5 5 0 0 -5
-4 0 -2 2 4 0 3 -3
-4.00001 0 -2 2 4 0 3 -3
-4 0 -2 2 4.00001 0 3 -3
-4 0 -2 2 4 0 2.01 -2.01
-4 0 -2 2 4 0 8.1 -8.1
-100 -100 -100 -50 -50 -50 -50 -100
-1000 0 -1000 1 1000 1 1000 0
0 -1000 1 -1000 1 1000 0 1000
-1000 -999 -999 -1000 1000 999 999 1000
-212.504 -843.698 -224.117 -748.560 -412.454 725.711 -944.561 -168.238
936.392 722.028 704.749 308.834 -17.570 -162.903 233.631 447.303
741.178 999.983 660.013 164.848 566.678 -968.721 628.196 -913.493
-16.296 119.015 452.363 -846.054 -352.639 -752.942 -919.327 410.632
-201.686 705.754 -403.263 -527.433 -315.046 -867.527 728.790 -977.665
-137.152 -455.006 -882.428 -456.386 145.266 551.611 413.112 74.949
643.676 -220.075 994.402 -93.289 81.855 160.600 -843.696 -330.758
805.427 940.796 -236.505 -123.226 -855.443 -651.962 -700.153 746.070
-229.903 330.298 -5.978 -968.909 -6.669 326.239 -16.913 603.359
579.808 754.765 -303.447 -150.123 -649.546 -677.761 384.257 -38.138
476.289 69.394 -294.662 45.131 170.511 -419.892 782.477 -835.366
171.874 86.409 44.776 683.527 -630.740 787.852 -12.931 -661.425
-486.713 405.080 -810.133 0.150 -674.668 -639.247 43.347 -52.280
-765.029 452.456 -111.601 -885.351 268.571 -965.220 233.348 -253.029
527.827 -257.447 -309.914 -982.852 -452.094 -422.052 -189.418 -83.563
-931.126 681.211 -707.260 130.775 737.492 -343.928 417.869 640.286
289.050 936.620 -459.391 -682.129 839.067 -304.536 882.414 976.527
729.614 -80.147 432.179 213.800 -260.148 695.980 -394.527 -659.979
-254.230 52.063 -385.748 324.490 862.346 979.494 83.744 315.031
778.703 -594.174 -487.692 -174.409 -180.122 635.566 367.385 77.448
-670.169 -495.392 671.823 156.233 733.978 659.174 -642.740 798.944
-876.177 -690.190 -609.550 -342.619 322.860 -283.089 940.078 -491.924
254.920 -71.308 245.854 660.291 -871.273 67.060 -665.134 -28.830
321.942 170.673 525.042 -285.868 -922.285 -336.211 -714.820 294.090
132.439 -24.359 -524.613 -461.280 -683.272 316.387 383.772 394.582
195.111 878.605 -691.818 -681.145 75.384 -116.112 453.920 263.595
-582.714 -528.688 -206.372 -563.820 283.124 108.763 -572.964 772.489
832.013 -319.781 467.361 92.977 -470.225 646.989 -328.509 -159.090
176.239 -130.995 -752.683 -358.974 -431.837 833.576 796.867 552.359
-50.800 -919.854 -241.934 -654.023 91.031 -119.732 523.211 -515.764
664.447 969.116 -487.876 115.882 670.938 384.223 675.697 841.070
-429.477 262.844 786.576 939.162 -733.350 -792.422 -706.388 -586.712
-330.088 315.286 818.548 -781.765 743.837 -857.328 -679.480 -285.247
-653.863 -147.860 -485.067 11.132 281.920 399.908 594.474 -156.734
436.645 407.765 437.552 599.024 -294.770 447.306 374.849 -366.528
34.095 -740.697 553.925 347.980 -867.795 -732.141 -269.919 -903.765
36.097 707.709 -46.129 338.251 685.071 76.788 818.348 65.512
251.452 123.066 -658.363 781.958 -558.311 -345.462 386.725 -332.571
183.570 -658.647 -443.136 -568.876 -360.278 642.215 477.756 850.961
209.413 -960.634 -426.049 231.184 -593.795 41.808 -565.651 -801.588
759.313 737.050 751.718 552.050 414.633 -1.604 -883.525 937.407
367.391 595.787 -209.424 311.304 -818.225 648.151 409.106 623.417
121.029 175.731 -485.629 -283.117 59.207 855.959 145.081 307.764
407.043 -550.047 934.005 600.885 -780.822 683.673 -917.371 -628.358
-899.293 155.933 -789.118 816.623 830.759 39.723 -665.935 -291.728
904.475 486.373 476.230 688.795 -229.190 104.274 895.352 -76.342
-856.220 240.996 708.608 314.384 598.099 -227.434 184.448 -819.221
214.741 -359.373 -282.999 573.823 -115.286 -399.157 177.472 -914.671
-361.769 415.869 664.052 -162.842 428.940 -890.296 -356.812 106.239
110.573 -53.265 534.919 147.260 819.573 117.828 -303.093 -463.256
-239.038 -105.570 849.123 459.450 -212.062 357.063 -836.336 247.058
-834.137 156.111 641.932 -397.722 416.218 -50.286 248.336 197.606
95.502 839.592 285.582 -747.031 -31.847 -952.866 -79.691 989.826
524.570 -566.318 173.751 -141.983 -219.569 169.446 -881.547 -307.310
-380.537 -260.625 -976.300 692.295 164.264 200.173 393.183 -979.284
714.773 -758.370 951.815 -607.194 -824.495 925.121 -910.384 387.903
844.674 -684.732 -103.591 13.786 -536.710 -173.452 -54.971 -740.332
148.072 208.021 -432.160 -219.520 -595.987 -386.634 989.492 -562.757
-428.255 752.391 -878.827 -166.216 -736.245 -262.656 -124.755 470.763
846.883 739.880 710.844 489.068 327.106 401.672 -532.558 950.800
-471.223 27.317 -5.097 -39.800 688.684 -133.895 -426.243 102.081
-380.788 -760.232 611.518 151.304 -134.812 904.726 -591.398 649.307
926.220 353.269 -415.877 -696.678 -775.249 235.026 -753.773 822.463
-392.422 582.385 7.624 884.774 17.781 -594.362 -187.522 -372.073
-416.229 973.749 -477.146 -223.735 -541.065 -467.480 -725.549 25.390
900.916 -369.507 986.224 989.954 -760.204 -206.812 173.333 -437.312
354.460 -35.743 -498.352 817.880 -23.337 -789.334 461.701 -528.574
90.921 -293.595 500.021 -260.279 570.753 -168.498 -604.583 688.511
935.824 86.769 -577.164 199.885 -629.649 87.941 -348.181 -462.521
521.371 -702.207 -41.636 -972.162 -524.122 -683.591 -819.703 789.534
-523.400 844.823 421.536 401.126 581.986 -329.973 252.994 -878.722
281.393 525.821 -292.615 572.718 -615.496 751.397 -782.511 897.950
-486.312 -609.195 621.057 -356.200 486.172 -133.283 -660.063 694.585
386.976 296.303 57.530 -763.311 -645.213 330.884 -941.280 795.457
-196.053 -649.982 453.115 -418.628 318.981 -242.643 -991.011 -690.953
401.113 589.112 -61.503 813.584 526.318 -845.042 647.963 316.755
-720.509 -301.324 451.453 617.043 -397.993 -671.137 -872.835 -936.261
111.320 844.660 -996.902 909.835 -427.231 -799.671 409.659 642.165
-41.119 -492.022 -784.013 -170.209 20.339 -91.847 371.642 -222.325
184.833 892.080 364.694 900.209 273.569 -680.631 -464.029 617.320
-302.149 806.295 -701.972 630.027 -374.453 -276.431 274.854 965.689
483.792 -733.066 305.700 -504.414 33.576 -135.405 338.613 -211.799
481.695 954.407 -420.828 805.651 -899.087 -50.985 890.721 251.337
-22.518 293.958 -121.372 612.744 -755.560 21.724 -425.714 -703.380
-262.409 -873.343 146.616 -754.397 -152.481 434.850 -560.789 -117.797
886.481 668.420 -565.692 956.941 -585.968 440.573 167.611 -640.474
-248.860 472.246 -881.571 162.377 943.157 118.901 687.222 667.349
-820.393 -195.322 -335.325 -761.452 325.810 -88.316 188.417 999.674
267.523 662.801 206.538 -198.739 561.151 -217.393 643.272 163.961
-492.805 698.922 313.685 811.324 772.954 -572.138 -922.924 -551.298
-966.727 -149.059 465.987 308.319 637.362 -102.660 -111.456 -762.566
942.750 968.470 52.566 613.136 -998.883 654.001 -571.230 883.404
419.069 268.267 551.193 791.187 916.591 516.875 890.856 53.700
-596.865 -143.902 -335.079 61.192 917.467 831.051 605.852 -146.038
-599.293 -6.081 -816.594 -635.320 418.856 -956.650 54.904 910.433
-586.864 563.521 -613.577 -620.848 897.941 390.268 -232.738 763.349
426.826 573.309 216.552 929.567 -480.212 292.554 988.986 -903.127
-453.599 -701.584 354.914 920.281 878.883 714.321 200.049 -761.995
-90.336 976.778 -642.204 -753.172 -151.028 -317.212 880.364 664.215
-185.657 -426.730 -852.065 -977.077 113.454 -424.756 211.846 -195.762
243.994 905.352 -35.321 19.347 -275.445 -730.008 -91.299 637.622
-805.210 771.864 -165.621 420.983 106.539 -160.878 -927.191 -98.965
-24.595 -809.601 410.860 290.207 233.839 675.251 -762.876 -198.195
-949.819 -924.098 451.158 501.403 226.498 838.732 -21.095 716.472
138.937 354.034 356.130 755.106 831.381 147.510 -142.756 -697.781
759.986 234.756 69.328 233.685 448.377 -445.540 914.324 -934.230
77.026 679.454 -4.294 713.054 -571.411 -226.700 19.405 525.038
-777.351 -284.982 -315.886 -186.060 242.840 142.600 -263.369 51.042
147.839 -455.088 -200.415 17.498 341.083 -128.069 598.713 -915.018
-232.106 -862.725 -792.560 -479.028 417.217 407.340 309.409 -488.437
321.812 -386.088 -86.581 -416.880 -391.624 -492.317 875.435 -886.640
-111.105 0.949 -462.520 -620.430 -865.094 430.274 -873.917 777.322
-79.222 -118.685 75.658 -503.944 397.717 4.669 458.966 694.190
-813.675 115.656 -855.930 -647.623 -510.631 -149.365 -497.826 891.254
71.027 922.955 797.443 -451.654 -59.981 -961.374 -467.452 -709.602
-494.328 -906.043 -410.957 580.256 128.870 -55.297 -195.318 -827.487
-466.823 -463.190 280.301 264.436 960.097 -119.369 -867.109 -924.730
970.859 -198.375 892.875 974.116 -574.586 401.422 194.079 -571.497
302.303 -503.430 93.640 672.525 -904.391 414.255 -119.286 -789.047
200.104 417.113 -57.193 -849.193 -311.024 -339.146 -174.417 891.911
695.529 -402.181 -310.651 270.150 -691.140 158.275 -44.338 -157.494
-752.249 -593.139 -799.545 266.390 534.005 -246.366 435.382 -982.289
772.440 -967.069 975.271 -693.661 -593.710 532.254 562.879 -973.990
-743.033 334.670 -417.967 -735.200 846.575 651.850 -481.921 743.220
94.794 -954.688 -412.191 -138.162 383.992 492.794 951.025 -662.416
-687.322 342.477 -670.939 -582.396 18.097 -594.585 -312.863 725.218
375.480 902.259 -689.004 -302.830 -743.129 -763.572 -114.916 -38.772
363.647 -204.249 663.941 923.530 -412.820 734.649 -194.651 -627.915
-909.106 552.965 -329.536 -919.871 796.319 -873.996 723.589 -202.688
-219.957 -712.086 -189.572 -296.648 -699.669 626.423 -879.344 -210.669
833.289 -332.572 231.360 386.911 -381.296 618.405 398.880 2.492
-919.849 218.387 -119.009 946.721 295.896 744.092 -268.003 273.398
712.037 889.161 -620.040 662.408 -752.276 -297.248 810.322 -109.138
-668.956 152.289 -906.273 -801.633 -488.336 -848.160 346.629 -733.977
479.666 993.248 563.725 902.359 521.779 -820.128 -455.844 -962.905
425.711 -833.404 485.429 -376.893 467.519 878.323 129.436 418.934
-742.034 -522.923 528.265 -545.096 524.368 -110.058 -378.723 599.141
-258.201 796.874 869.861 -579.799 935.152 -26.139 679.750 489.328
59.849 -16.994 666.891 -477.599 -169.609 592.744 -572.671 765.442
795.873 -297.641 902.644 -194.331 -995.319 -250.701 -107.001 -427.619
-640.124 -363.207 -858.373 645.802 610.000 469.054 577.075 98.018
-567.776 456.725 -224.465 -932.962 197.518 -800.377 710.610 -514.949
-318.939 875.440 -838.180 792.116 -303.312 -945.423 237.795 861.323
-146.327 533.158 909.409 -7.710 653.945 -430.055 -954.961 -345.692
107.058 43.445 -661.476 167.316 -483.523 -441.436 564.962 -310.349
309.328 -103.733 -718.545 -148.552 -826.375 -759.840 185.023 -523.389
451.496 525.971 259.783 -391.342 -755.765 -46.988 -305.344 349.967
-295.338 -291.225 239.305 -986.970 532.142 385.478 -61.823 74.549
-294.808 715.123 839.920 953.207 633.656 197.030 288.626 -451.325
796.752 799.886 -738.839 441.158 -499.268 -694.024 966.260 -1.657
7.306 481.001 990.830 863.527 112.064 -501.698 -94.678 384.506
-70.268 -770.311 39.386 396.952 608.613 651.110 467.916 109.931
238.844 224.272 -454.402 390.713 741.021 -201.949 691.803 -114.332
494.302 886.043 875.831 304.790 250.076 -896.954 97.659 121.503
-174.849 -804.197 -778.081 -885.276 627.644 86.506 189.278 -581.111
-998.558 -884.400 -235.604 -698.908 612.321 406.690 -921.218 -664.332
-178.751 416.845 -49.451 -52.724 874.632 725.736 239.390 642.670
-871.649 -92.700 136.881 384.559 314.835 -514.803 -841.279 -665.378
-970.828 -582.039 -457.917 -962.899 98.651 -437.076 -207.165 266.006
170.017 -107.165 941.197 192.387 790.392 -747.087 171.592 -239.656
-391.729 -986.657 262.257 -758.405 835.357 211.983 122.796 556.661
365.659 -801.702 -425.839 -619.712 580.496 101.262 447.085 -605.553
-327.697 568.721 -363.946 -736.860 -235.902 -302.070 -14.169 731.265
390.243 298.122 -898.199 238.497 -433.187 -857.904 240.172 -730.328
303.071 -761.529 123.715 361.253 -226.572 293.925 154.279 -911.794
-802.071 128.847 -768.460 810.073 589.671 -371.784 -337.230 -306.960
504.708 -568.318 886.714 610.744 519.267 292.299 -126.070 -663.532
0.0 0.0 0.0 0.0 0.0 0.0 0.0 0.0