10
8 0.95
-10 -5
-5 -10
5 -10
10 -5
10 5
5 10
-5 10
-10 5
8 0.39269908169872414
-10 -5
-5 -10
5 -10
10 -5
10 5
5 10
-5 10
-10 5
8 0.39269908169872414
-1000000 -500000
-500000 -1000000
500000 -1000000
1000000 -500000
1000000 500000
500000 1000000
-500000 1000000
-1000000 500000
8 0
-10 -5
-5 -10
5 -10
10 -5
10 5
5 10
-5 10
-10 5
4 3.14159265
-1 -1
1 -1
1 1
-1 1
4 1.6
-1 -1
1 -1
1 1
-1 1
4 3.14159265
-1000000 -1000000
1000000 -1000000
1000000 1000000
-1000000 1000000
4 1.6
-1000000 -1000000
1000000 -1000000
1000000 1000000
-1000000 1000000
4 3.14159265
-1000000000 -1000000000
1000000000 -1000000000
1000000000 1000000000
-1000000000 1000000000
4 1.6
-1000000000 -1000000000
1000000000 -1000000000
1000000000 1000000000
-1000000000 1000000000