78.566952471
93.879332093
118.948313144
149.279951691
110.500499988
1.000000000
100.000000000
399.300000000
404.243500000
409.124320000
419.231340000
439.111110000
501.300000000
506.243500000
511.124320000
521.231340000
541.111110000
401.300000000
406.243500000
411.124320000
421.231340000
441.111110000
200.838477631
207.829642377
214.732164216
229.025648975
254.918287340
300.300000000
305.243500000
310.124320000
320.231340000
340.111110000
260.838477631
267.829642377
274.732164216
289.025648975
317.139889326
300.300000000
305.243500000
310.124320000
320.231340000
340.111110000
300.300000000
305.243500000
310.124320000
320.231340000
340.111110000
265.838477631
272.829642377
279.732164216
294.025648975
322.139889326
501.300000000
506.243500000
511.124320000
521.231340000
541.111110000
603.300000000
608.243500000
613.124320000
623.231340000
643.111110000
503.300000000
508.243500000
513.124320000
523.231340000
543.111110000
301.000000000
301.000000000
305.774284218
328.464712942
356.918287340
402.300000000
407.243500000
412.124320000
422.231340000
442.111110000
323.518521715
334.616761790
345.574284218
368.264712942
412.895128659
402.300000000
407.243500000
412.124320000
422.231340000
442.111110000
402.300000000
407.243500000
412.124320000
422.231340000
442.111110000
362.300000000
367.243500000
372.124320000
382.231340000
422.566718931
401.300000000
406.243500000
411.124320000
421.231340000
441.111110000
503.300000000
508.243500000
513.124320000
523.231340000
543.111110000
403.300000000
408.243500000
413.124320000
423.231340000
443.111110000
202.647692886
209.673900409
216.611020710
230.976150671
256.918287340
302.300000000
307.243500000
312.124320000
322.231340000
342.111110000
262.447692886
269.473900409
276.411020710
290.776150671
319.031311901
302.300000000
307.243500000
312.124320000
322.231340000
342.111110000
302.300000000
307.243500000
312.124320000
322.231340000
342.111110000
267.497692886
274.523900409
281.461020710
295.826150671
324.081311901
200.838477631
207.829642377
214.732164216
229.025648975
254.918287340
301.000000000
301.000000000
305.774284218
328.464712942
356.918287340
202.647692886
209.673900409
216.611020710
230.976150671
256.918287340
41.300000000
46.243500000
51.124320000
61.231340000
81.111110000
121.300000000
126.243500000
131.124320000
141.231340000
161.111110000
100.000000000
100.000000000
131.124320000
141.231340000
161.111110000
121.300000000
126.243500000
131.124320000
141.231340000
161.111110000
121.300000000
126.243500000
131.124320000
141.231340000
161.111110000
121.300000000
126.243500000
131.124320000
141.231340000
161.111110000
300.300000000
305.243500000
310.124320000
320.231340000
340.111110000
402.300000000
407.243500000
412.124320000
422.231340000
442.111110000
302.300000000
307.243500000
312.124320000
322.231340000
342.111110000
121.300000000
126.243500000
131.124320000
141.231340000
161.111110000
201.300000000
206.243500000
211.124320000
221.231340000
241.111110000
201.300000000
206.243500000
211.124320000
221.231340000
241.111110000
201.300000000
206.243500000
211.124320000
221.231340000
241.111110000
201.300000000
206.243500000
211.124320000
221.231340000
241.111110000
201.300000000
206.243500000
211.124320000
221.231340000
241.111110000
260.838477631
267.829642377
274.732164216
289.025648975
317.139889326
323.518521715
334.616761790
345.574284218
368.264712942
412.895128659
262.447692886
269.473900409
276.411020710
290.776150671
319.031311901
100.000000000
100.000000000
131.124320000
141.231340000
161.111110000
201.300000000
206.243500000
211.124320000
221.231340000
241.111110000
201.300000000
206.243500000
211.124320000
221.231340000
241.111110000
100.000000000
100.000000000
100.000000000
207.125292850
235.918287340
201.300000000
206.243500000
211.124320000
221.231340000
241.111110000
201.300000000
206.243500000
211.124320000
221.231340000
241.111110000
300.300000000
305.243500000
310.124320000
320.231340000
340.111110000
402.300000000
407.243500000
412.124320000
422.231340000
442.111110000
302.300000000
307.243500000
312.124320000
322.231340000
342.111110000
121.300000000
126.243500000
131.124320000
141.231340000
161.111110000
201.300000000
206.243500000
211.124320000
221.231340000
241.111110000
100.000000000
100.000000000
100.000000000
207.125292850
235.918287340
201.300000000
206.243500000
211.124320000
221.231340000
241.111110000
201.300000000
206.243500000
211.124320000
221.231340000
241.111110000
161.300000000
166.243500000
171.124320000
215.025638030
238.276929937
300.300000000
305.243500000
310.124320000
320.231340000
340.111110000
402.300000000
407.243500000
412.124320000
422.231340000
442.111110000
302.300000000
307.243500000
312.124320000
322.231340000
342.111110000
121.300000000
126.243500000
131.124320000
141.231340000
161.111110000
201.300000000
206.243500000
211.124320000
221.231340000
241.111110000
201.300000000
206.243500000
211.124320000
221.231340000
241.111110000
201.300000000
206.243500000
211.124320000
221.231340000
241.111110000
201.300000000
206.243500000
211.124320000
221.231340000
241.111110000
161.300000000
166.243500000
171.124320000
215.025638030
238.276929937
265.838477631
272.829642377
279.732164216
294.025648975
322.139889326
362.300000000
367.243500000
372.124320000
382.231340000
422.566718931
267.497692886
274.523900409
281.461020710
295.826150671
324.081311901
121.300000000
126.243500000
131.124320000
141.231340000
161.111110000
201.300000000
206.243500000
211.124320000
221.231340000
241.111110000
201.300000000
206.243500000
211.124320000
221.231340000
241.111110000
161.300000000
166.243500000
171.124320000
215.025638030
238.276929937
161.300000000
166.243500000
171.124320000
215.025638030
238.276929937
201.300000000
206.243500000
211.124320000
221.231340000
241.111110000
