78.56695
93.87933
118.94831
149.27995
110.50050
1.00000
100.00000
399.30000
404.24350
409.12432
419.23134
439.11111
501.30000
506.24350
511.12432
521.23134
541.11111
401.30000
406.24350
411.12432
421.23134
441.11111
200.83848
207.82964
214.73216
229.02565
254.91829
300.30000
305.24350
310.12432
320.23134
340.11111
260.83848
267.82964
274.73216
289.02565
317.13989
300.30000
305.24350
310.12432
320.23134
340.11111
300.30000
305.24350
310.12432
320.23134
340.11111
265.83848
272.82964
279.73216
294.02565
322.13989
501.30000
506.24350
511.12432
521.23134
541.11111
603.30000
608.24350
613.12432
623.23134
643.11111
503.30000
508.24350
513.12432
523.23134
543.11111
301.00000
301.00000
305.77428
328.46471
356.91829
402.30000
407.24350
412.12432
422.23134
442.11111
323.51852
334.61676
345.57428
368.26471
412.89513
402.30000
407.24350
412.12432
422.23134
442.11111
402.30000
407.24350
412.12432
422.23134
442.11111
362.30000
367.24350
372.12432
382.23134
422.56672
401.30000
406.24350
411.12432
421.23134
441.11111
503.30000
508.24350
513.12432
523.23134
543.11111
403.30000
408.24350
413.12432
423.23134
443.11111
202.64769
209.67390
216.61102
230.97615
256.91829
302.30000
307.24350
312.12432
322.23134
342.11111
262.44769
269.47390
276.41102
290.77615
319.03131
302.30000
307.24350
312.12432
322.23134
342.11111
302.30000
307.24350
312.12432
322.23134
342.11111
267.49769
274.52390
281.46102
295.82615
324.08131
200.83848
207.82964
214.73216
229.02565
254.91829
301.00000
301.00000
305.77428
328.46471
356.91829
202.64769
209.67390
216.61102
230.97615
256.91829
41.30000
46.24350
51.12432
61.23134
81.11111
121.30000
126.24350
131.12432
141.23134
161.11111
100.00000
100.00000
131.12432
141.23134
161.11111
121.30000
126.24350
131.12432
141.23134
161.11111
121.30000
126.24350
131.12432
141.23134
161.11111
121.30000
126.24350
131.12432
141.23134
161.11111
300.30000
305.24350
310.12432
320.23134
340.11111
402.30000
407.24350
412.12432
422.23134
442.11111
302.30000
307.24350
312.12432
322.23134
342.11111
121.30000
126.24350
131.12432
141.23134
161.11111
201.30000
206.24350
211.12432
221.23134
241.11111
201.30000
206.24350
211.12432
221.23134
241.11111
201.30000
206.24350
211.12432
221.23134
241.11111
201.30000
206.24350
211.12432
221.23134
241.11111
201.30000
206.24350
211.12432
221.23134
241.11111
260.83848
267.82964
274.73216
289.02565
317.13989
323.51852
334.61676
345.57428
368.26471
412.89513
262.44769
269.47390
276.41102
290.77615
319.03131
100.00000
100.00000
131.12432
141.23134
161.11111
201.30000
206.24350
211.12432
221.23134
241.11111
201.30000
206.24350
211.12432
221.23134
241.11111
100.00000
100.00000
100.00000
207.12529
235.91829
201.30000
206.24350
211.12432
221.23134
241.11111
201.30000
206.24350
211.12432
221.23134
241.11111
300.30000
305.24350
310.12432
320.23134
340.11111
402.30000
407.24350
412.12432
422.23134
442.11111
302.30000
307.24350
312.12432
322.23134
342.11111
121.30000
126.24350
131.12432
141.23134
161.11111
201.30000
206.24350
211.12432
221.23134
241.11111
100.00000
100.00000
100.00000
207.12529
235.91829
201.30000
206.24350
211.12432
221.23134
241.11111
201.30000
206.24350
211.12432
221.23134
241.11111
161.30000
166.24350
171.12432
215.02564
238.27693
300.30000
305.24350
310.12432
320.23134
340.11111
402.30000
407.24350
412.12432
422.23134
442.11111
302.30000
307.24350
312.12432
322.23134
342.11111
121.30000
126.24350
131.12432
141.23134
161.11111
201.30000
206.24350
211.12432
221.23134
241.11111
201.30000
206.24350
211.12432
221.23134
241.11111
201.30000
206.24350
211.12432
221.23134
241.11111
201.30000
206.24350
211.12432
221.23134
241.11111
161.30000
166.24350
171.12432
215.02564
238.27693
265.83848
272.82964
279.73216
294.02565
322.13989
362.30000
367.24350
372.12432
382.23134
422.56672
267.49769
274.52390
281.46102
295.82615
324.08131
121.30000
126.24350
131.12432
141.23134
161.11111
201.30000
206.24350
211.12432
221.23134
241.11111
201.30000
206.24350
211.12432
221.23134
241.11111
161.30000
166.24350
171.12432
215.02564
238.27693
161.30000
166.24350
171.12432
215.02564
238.27693
201.30000
206.24350
211.12432
221.23134
241.11111
