Case #1: 169
1 12
1 13
1 15
1 18
1 29
1 37
1 48
1 49
1 50
1 62
2 8
2 12
2 28
2 46
3 4
3 7
3 20
4 7
4 24
4 39
5 10
5 18
5 22
5 23
5 60
6 50
6 56
7 20
7 24
8 12
8 16
8 28
8 47
8 63
9 10
9 18
9 30
10 18
10 20
10 22
10 23
10 30
11 24
11 35
11 40
11 44
11 58
12 15
12 46
12 63
13 37
13 49
13 62
14 18
14 25
14 26
14 34
14 43
14 46
14 54
14 55
15 33
15 50
15 51
15 53
15 57
15 61
15 63
16 21
16 33
16 38
16 42
16 47
16 53
16 56
16 59
17 20
17 26
17 43
18 19
18 23
18 26
18 29
18 30
18 39
18 46
18 48
18 60
19 22
19 32
19 39
19 41
19 60
20 22
20 24
20 26
20 30
20 34
20 39
20 43
20 62
21 33
21 38
21 61
22 32
22 39
22 41
22 60
24 35
24 36
24 39
24 44
24 52
24 62
25 27
25 34
25 54
25 55
26 30
26 43
27 34
27 55
29 46
31 35
31 36
31 45
31 52
32 39
33 53
33 61
34 43
34 54
35 36
35 40
35 45
35 52
36 39
36 40
36 45
36 48
36 52
37 44
37 48
37 62
38 42
38 57
38 59
38 61
39 48
40 48
40 58
41 60
42 59
44 48
44 58
44 62
47 53
47 63
48 58
49 62
50 56
50 57
51 53
51 63
53 63
56 57
56 59
57 59
57 61
Case #2: 283
1 2
1 3
1 31
1 49
1 93
2 3
2 31
2 59
2 66
2 71
2 83
3 44
3 49
3 71
3 86
3 95
4 6
4 12
4 20
4 23
4 24
4 27
4 47
4 51
4 53
4 71
4 74
4 75
5 40
5 42
5 45
5 57
5 91
6 53
6 75
7 36
7 48
7 66
7 83
7 93
8 24
8 25
8 79
9 10
9 34
9 61
9 72
9 73
9 89
10 61
10 89
11 17
11 54
11 84
12 24
12 60
12 63
12 73
12 74
12 81
12 84
12 90
12 94
13 18
13 39
13 47
13 74
13 78
14 29
14 36
14 44
14 62
14 80
14 91
14 99
15 16
15 20
15 21
15 23
15 35
15 67
16 23
16 27
16 35
16 67
17 41
17 47
17 54
17 81
17 84
18 74
18 78
18 92
19 30
19 43
19 65
20 23
20 35
20 51
20 53
20 85
21 35
21 67
22 39
22 47
22 54
22 70
23 26
23 27
23 28
23 74
24 55
24 59
24 71
24 79
24 88
25 36
25 55
25 79
25 80
26 27
26 28
26 47
27 35
27 47
27 51
28 47
28 74
28 100
29 30
29 43
29 99
30 43
30 65
30 68
30 91
31 66
31 93
32 69
32 96
32 98
33 44
33 71
33 76
33 86
33 95
33 98
34 40
34 72
34 89
34 91
35 51
35 67
36 44
36 48
36 55
36 59
36 80
36 83
36 93
37 38
37 58
37 97
38 45
38 50
38 58
38 63
38 97
39 47
39 54
39 70
39 74
39 84
40 45
40 72
40 73
40 91
41 46
41 52
41 60
41 69
41 81
41 90
41 91
41 97
42 45
42 57
42 64
43 65
43 80
43 99
44 49
44 91
44 93
44 95
44 98
45 50
45 63
45 64
45 73
46 56
46 60
46 63
46 82
46 97
47 54
47 69
47 70
47 71
47 78
47 100
48 83
49 93
50 57
50 64
50 91
50 97
51 53
51 75
51 85
52 81
52 90
53 75
53 85
54 84
55 59
55 79
55 88
56 63
56 82
57 64
57 91
58 63
58 82
58 97
59 71
59 83
59 88
60 63
60 90
61 73
61 89
62 80
62 99
63 73
63 82
65 68
65 91
66 83
66 93
68 91
69 71
69 91
69 96
69 98
71 76
71 77
71 86
71 87
71 96
72 73
74 84
74 92
74 100
76 77
76 87
76 96
76 98
77 87
78 92
78 100
80 99
81 84
81 90
81 94
82 97
86 95
87 96
90 94
91 97
91 98
92 100
96 98
Case #3: 282
1 4
1 40
1 86
1 96
2 12
2 31
2 34
2 36
2 41
2 63
3 5
3 7
3 21
3 25
3 42
3 79
3 94
3 97
4 15
4 28
4 49
4 51
4 86
4 93
4 95
4 96
5 21
5 24
5 57
5 79
5 94
6 8
6 9
6 18
6 23
6 44
6 71
6 97
7 20
7 24
7 25
7 42
7 49
7 67
7 70
7 76
7 79
8 20
8 23
8 67
8 97
9 18
9 23
9 44
9 45
9 60
9 67
10 14
10 62
10 69
10 71
10 77
10 81
10 92
10 97
11 15
11 54
11 65
11 75
11 80
11 99
12 22
12 34
12 41
12 84
13 40
13 64
13 86
13 93
13 96
13 100
14 35
14 69
15 16
15 30
15 32
15 49
15 54
15 55
15 63
15 80
15 87
15 95
15 98
16 30
16 38
16 55
16 58
16 66
17 47
17 60
17 81
18 45
18 71
19 22
19 34
19 46
19 48
19 52
19 82
19 85
19 90
20 67
20 76
20 97
21 79
22 34
22 37
22 48
22 73
22 78
22 84
23 44
23 67
24 57
24 70
24 79
24 94
25 42
25 76
25 97
26 35
26 38
26 56
26 66
27 39
27 49
27 64
28 51
28 89
28 95
29 31
29 34
29 36
29 63
30 58
30 87
30 88
31 36
31 63
32 55
32 80
33 50
33 70
33 94
34 36
34 53
34 63
35 38
35 56
35 69
35 91
37 48
37 54
37 73
37 74
37 78
37 82
38 66
39 49
39 64
39 70
39 100
40 86
40 96
41 63
41 78
41 84
43 75
43 80
43 85
43 99
45 60
45 61
45 71
46 52
46 65
46 83
46 85
47 60
47 72
47 77
47 81
47 92
48 73
48 82
49 63
49 64
49 67
49 70
49 93
50 70
50 94
50 100
51 58
51 89
51 96
51 100
52 54
52 65
52 90
53 63
53 77
54 65
54 74
54 78
54 90
56 66
56 91
57 94
58 66
58 88
58 89
58 100
59 68
59 89
59 95
59 98
60 61
60 63
60 67
60 71
60 77
60 81
61 71
62 72
62 81
62 92
63 67
63 77
63 78
64 93
64 100
65 83
65 99
66 91
66 97
66 100
68 87
68 89
68 98
69 91
69 97
70 94
70 100
71 81
71 97
72 81
72 92
74 82
74 90
75 80
75 99
76 97
77 92
78 84
80 85
82 90
83 85
83 99
85 99
86 93
87 88
87 89
87 98
88 89
89 95
94 97
94 100
95 98
96 100
97 100
Case #4: 238
1 71
1 74
1 76
2 6
2 47
2 61
3 19
3 46
3 47
3 56
3 73
4 18
4 32
4 54
4 62
4 63
4 64
5 8
5 20
5 21
5 22
5 45
5 50
5 61
5 62
5 65
5 70
5 78
5 81
6 28
6 47
6 56
6 61
6 67
6 73
7 17
7 22
7 23
7 63
7 70
7 81
7 85
8 10
8 20
8 69
9 15
9 18
9 38
9 41
9 42
9 45
10 20
10 49
10 69
11 24
11 51
11 78
12 31
12 34
12 68
12 75
12 79
13 19
13 26
13 58
13 82
14 43
14 59
14 84
15 38
15 42
15 64
16 34
16 37
16 57
16 80
17 22
17 81
18 41
18 45
18 62
18 64
19 26
19 47
19 56
19 58
19 67
19 82
20 21
20 49
21 24
21 49
21 50
22 65
22 81
22 85
23 70
23 81
24 49
24 50
24 51
24 78
25 31
25 37
25 39
25 75
26 58
26 82
27 29
27 36
27 52
27 60
27 64
27 74
27 83
27 84
28 34
28 40
28 61
28 66
28 67
28 79
29 60
29 77
29 83
30 36
30 44
30 48
30 55
30 74
30 76
31 34
31 37
31 75
32 54
32 63
32 64
33 39
33 40
33 61
33 66
33 68
33 72
33 79
34 37
34 42
34 64
34 67
34 79
34 80
35 44
35 51
35 59
35 64
35 71
35 74
36 48
36 52
36 74
37 39
37 45
37 57
38 41
38 64
39 45
39 61
39 68
39 72
39 75
40 66
40 79
41 64
42 45
42 64
42 80
43 53
43 59
43 84
43 86
44 48
44 55
44 59
44 60
44 71
44 76
45 57
45 61
45 62
45 80
46 56
46 73
47 61
47 73
48 52
48 60
49 59
49 69
50 78
51 59
51 64
51 70
52 60
53 59
53 69
53 86
54 63
55 76
56 67
56 73
57 80
58 67
59 60
59 69
59 77
59 83
59 84
60 77
61 66
62 63
62 65
63 64
63 65
63 70
63 85
64 70
64 74
65 85
68 72
68 75
68 79
70 78
70 81
71 74
71 76
74 76
77 83
83 84
84 86
Case #5: 174
1 4
1 33
1 43
1 44
1 61
2 9
2 25
2 35
2 41
2 48
2 55
3 12
3 13
3 14
3 15
3 18
3 28
3 45
3 54
3 56
3 58
3 60
4 22
4 24
4 33
4 61
5 17
5 28
5 30
6 19
6 36
6 39
6 46
6 47
7 9
7 21
7 28
7 36
7 38
7 48
7 55
7 61
7 62
8 26
8 49
8 63
9 48
9 55
10 12
10 14
10 42
10 53
11 17
11 20
11 37
11 52
12 14
12 26
12 53
12 60
12 63
13 29
13 40
13 45
13 54
13 59
14 17
14 23
14 28
14 31
14 42
15 32
15 56
15 60
16 17
16 20
16 30
17 20
17 22
17 23
17 30
17 52
18 26
18 54
18 58
19 36
19 45
19 46
20 30
20 37
20 61
21 25
21 38
21 48
22 23
22 24
22 33
22 37
22 42
22 47
22 52
22 61
23 31
23 42
24 61
25 38
25 41
25 48
26 47
26 49
26 54
26 58
26 59
26 60
27 36
27 39
27 50
27 51
28 30
28 36
28 45
28 61
29 40
29 45
29 46
29 47
30 61
31 42
32 56
32 58
32 60
33 43
33 44
34 41
34 57
34 62
35 41
35 55
36 39
36 45
36 50
36 51
36 62
37 52
37 61
39 41
39 47
39 50
39 51
39 57
40 47
40 59
41 47
41 55
41 57
41 62
42 47
42 49
42 53
42 63
43 44
45 46
46 47
47 49
47 59
49 63
51 57
51 62
53 63
54 59
55 62
56 58
57 62
58 60
Case #6: 192
1 4
1 14
1 28
2 30
2 38
2 45
3 11
3 61
3 67
4 14
4 27
4 28
4 30
4 34
4 45
4 55
5 19
5 24
5 46
5 47
5 68
6 7
6 10
6 23
6 68
7 10
7 23
7 36
7 37
7 68
8 36
8 37
8 44
8 51
8 61
9 33
9 43
9 49
10 68
11 28
11 36
11 44
11 51
11 61
11 67
12 40
12 52
12 58
13 17
13 27
13 32
13 39
13 50
13 56
13 70
14 27
14 28
14 57
14 69
15 28
15 34
15 38
15 55
16 39
16 54
16 56
17 22
17 32
17 39
17 54
18 48
18 59
18 63
18 65
19 24
19 25
19 36
19 53
19 68
20 31
20 41
20 57
20 69
21 26
21 54
21 56
21 64
22 26
22 32
22 35
22 50
22 54
22 57
22 70
23 24
23 37
23 47
23 61
23 68
24 46
24 47
24 53
24 60
24 61
25 26
25 28
25 33
25 42
25 49
25 53
25 60
25 66
26 28
26 33
26 54
26 57
26 64
27 31
27 45
27 50
27 56
27 69
28 34
28 36
28 57
28 60
28 61
28 67
29 33
29 43
29 62
29 63
29 65
30 38
30 45
31 41
31 50
31 69
32 70
33 43
33 49
33 56
33 64
33 65
34 55
35 50
35 70
36 37
36 44
36 68
37 61
38 45
38 55
39 54
39 56
40 52
40 58
40 65
41 50
41 57
42 53
42 60
42 66
43 49
43 60
43 62
44 51
46 47
47 68
48 63
48 65
49 60
50 57
50 70
51 61
52 59
52 65
53 60
53 66
54 56
56 64
57 69
58 65
59 60
59 62
59 63
59 65
60 61
60 62
61 67
62 63
63 65
Case #7: 283
1 38
1 39
1 47
1 71
1 79
1 94
2 4
2 56
2 72
2 74
2 98
3 36
3 54
3 62
4 45
4 72
4 74
5 17
5 40
5 70
6 10
6 43
6 53
6 61
6 65
6 67
6 74
6 97
7 14
7 17
7 58
7 69
7 82
7 83
7 86
7 90
7 94
8 13
8 46
8 52
8 57
8 88
8 100
9 15
9 25
9 31
9 44
9 51
9 66
10 45
10 61
10 67
10 72
10 97
11 13
11 32
11 57
12 18
12 34
12 55
12 63
12 78
13 23
13 24
13 32
13 38
13 40
13 42
13 56
13 57
13 80
13 88
13 98
14 59
14 66
14 69
14 75
15 25
15 31
15 89
16 22
16 49
16 73
16 89
17 40
17 70
17 82
17 90
18 34
18 55
18 91
19 29
19 44
19 64
19 68
19 78
20 59
20 69
20 85
20 99
21 58
21 81
21 83
21 90
22 49
22 59
22 66
22 73
22 85
23 24
23 32
24 32
24 50
24 80
24 83
25 44
25 49
25 86
25 89
26 34
26 41
26 55
26 91
26 92
27 30
27 36
27 37
27 53
27 62
27 65
28 84
28 92
28 93
28 95
28 96
29 34
29 42
29 64
29 78
30 36
30 51
30 54
30 65
30 76
30 77
30 87
31 66
31 89
32 50
32 52
32 57
32 83
33 35
33 40
33 70
33 82
34 42
34 63
34 78
34 91
34 92
35 70
35 82
36 54
36 62
37 53
37 62
38 42
38 47
38 71
38 79
38 88
38 92
38 96
39 47
39 84
39 94
39 95
39 96
40 70
40 80
40 81
40 90
41 48
41 55
41 78
41 92
41 94
41 95
42 43
42 64
42 68
42 92
42 98
43 44
43 53
43 54
43 74
43 76
43 77
43 87
43 98
44 51
44 68
44 78
44 86
44 87
44 94
45 67
45 72
45 74
46 52
46 100
47 79
47 96
48 92
48 93
48 95
49 85
49 86
49 89
50 83
51 87
52 57
52 83
52 94
52 100
53 54
53 62
53 65
54 62
54 76
55 78
55 91
56 65
56 72
56 98
58 83
58 90
59 66
59 69
59 75
59 85
60 69
60 85
60 86
60 99
61 67
63 78
64 68
65 72
65 97
66 73
66 89
67 74
69 75
69 86
69 99
70 82
71 88
71 94
72 97
73 89
74 98
76 77
77 87
78 94
80 81
80 83
81 83
81 90
83 94
84 95
84 96
85 86
85 99
88 94
88 100
92 93
92 96
93 95
94 95
94 100
Case #8: 284
1 22
1 23
1 80
1 92
2 13
2 14
2 30
2 36
2 71
3 30
3 43
3 77
3 91
4 8
4 53
4 59
4 68
4 69
4 70
4 83
4 91
5 15
5 45
5 64
5 78
6 23
6 65
6 74
6 80
6 92
7 45
7 78
7 83
8 36
8 58
8 64
8 68
8 69
8 78
9 41
9 49
9 54
9 76
9 84
10 12
10 29
10 33
10 48
10 60
10 72
10 89
10 90
11 12
11 29
11 48
11 62
11 72
11 87
11 95
11 96
12 37
12 48
12 60
12 89
12 91
12 92
13 14
13 16
13 30
13 37
14 16
14 36
15 45
15 55
15 64
16 36
16 37
16 46
17 20
17 47
17 49
17 73
17 81
17 86
18 27
18 46
18 52
18 57
19 28
19 38
19 45
19 55
19 58
19 63
19 64
20 81
20 86
20 96
21 38
21 40
21 44
21 51
21 66
21 88
22 23
22 35
22 82
22 92
23 38
23 65
23 80
23 82
23 91
24 31
24 39
24 86
25 59
25 78
25 83
26 32
26 76
26 84
26 85
26 97
27 52
27 57
28 38
28 51
28 56
28 58
28 63
28 88
29 48
29 72
30 37
30 43
30 71
30 91
31 38
31 39
31 49
31 65
31 74
31 75
31 86
32 38
32 40
32 49
32 66
32 79
32 84
32 97
33 48
33 89
34 61
34 62
34 93
34 95
34 96
34 100
35 82
35 91
35 92
36 43
36 46
36 58
36 68
36 71
37 46
37 50
37 52
37 57
37 60
37 91
38 44
38 45
38 49
38 65
38 66
38 88
39 49
39 86
40 47
40 51
40 66
40 76
40 79
40 97
41 47
41 54
41 67
41 76
42 53
42 59
42 69
42 70
42 78
42 98
43 68
43 71
43 77
44 88
45 55
45 78
45 83
45 91
46 50
46 52
46 58
47 49
47 51
47 54
47 58
47 67
47 73
47 76
48 89
49 54
49 84
49 86
50 52
51 56
51 58
51 88
52 57
53 69
53 70
54 67
55 64
56 88
57 60
58 63
58 64
59 70
59 78
59 83
59 98
61 93
61 96
61 99
61 100
62 87
62 95
62 99
62 100
64 78
65 74
65 75
68 77
68 91
68 94
69 78
70 98
72 87
72 90
73 81
74 75
74 86
74 92
76 84
76 85
76 97
77 91
77 94
78 83
79 97
80 92
81 96
81 99
82 91
83 91
84 85
86 92
86 96
87 90
87 99
90 99
91 92
91 94
92 96
93 100
95 96
96 99
99 100
Case #9: 105
1 12
1 25
1 33
2 6
2 10
2 16
2 32
2 35
3 9
3 13
3 27
3 36
3 39
4 9
4 18
4 19
4 22
4 38
5 10
5 16
5 17
5 23
5 30
6 7
6 16
6 32
6 34
6 35
6 39
7 20
7 34
7 35
8 11
8 12
8 15
8 21
8 25
8 30
9 18
9 19
9 22
9 31
9 36
9 38
9 39
10 16
10 23
10 30
10 35
11 21
11 25
11 30
11 33
12 15
12 19
12 25
12 26
12 33
13 27
13 36
13 39
14 20
14 29
14 34
14 39
15 19
15 30
15 37
16 17
16 23
16 39
17 30
17 31
17 39
18 19
18 28
18 31
19 22
19 26
19 28
20 24
20 29
20 30
20 34
20 35
20 36
20 39
21 30
22 38
24 29
24 34
25 33
26 28
26 30
26 31
26 33
27 39
28 31
29 34
30 33
30 35
30 37
32 35
34 39
36 39
Case #10: 144
1 4
1 25
1 29
1 32
1 41
1 42
1 45
1 52
2 18
2 19
2 35
2 49
3 9
3 14
3 16
3 18
3 25
3 28
3 48
4 13
4 41
4 52
5 13
5 22
5 25
5 33
5 50
6 25
6 26
6 30
6 36
6 37
7 35
7 43
7 44
7 46
7 49
8 17
8 20
8 22
8 26
8 37
8 50
9 28
9 48
9 51
10 14
10 15
10 16
10 47
11 13
11 24
11 25
11 52
12 23
12 27
12 30
12 36
12 38
12 39
13 17
13 22
13 25
13 32
13 33
13 41
13 49
13 52
14 16
14 47
14 48
14 51
15 16
15 47
16 47
17 20
17 21
17 22
17 23
17 38
17 49
17 53
18 25
18 28
18 29
18 35
18 43
18 49
19 35
19 49
20 26
20 53
21 23
21 27
21 38
22 33
23 27
23 30
23 34
23 39
24 25
24 52
25 29
25 37
25 50
25 52
26 36
26 37
27 38
27 39
28 49
28 51
29 31
29 40
29 42
29 43
29 44
30 34
30 36
31 32
31 40
31 42
32 40
32 41
32 42
32 44
32 45
32 49
35 43
35 49
36 38
36 53
37 50
38 53
40 44
41 45
43 44
43 46
44 46
44 49
47 49
47 51
48 51
49 51
Case #11: 273
1 6
1 52
1 79
2 10
2 19
2 24
2 30
2 50
2 53
2 66
2 72
2 73
2 87
3 8
3 9
3 35
3 48
3 74
3 87
3 88
4 7
4 40
4 53
5 8
5 87
5 88
6 12
6 13
6 16
6 17
6 22
6 23
6 32
6 37
6 39
6 43
6 51
6 52
6 53
6 56
6 57
6 59
6 61
6 64
6 70
6 75
6 79
6 89
6 91
7 10
7 38
7 40
7 53
8 9
8 14
8 15
8 17
8 18
8 19
8 20
8 21
8 26
8 28
8 29
8 31
8 33
8 35
8 36
8 41
8 42
8 45
8 46
8 47
8 48
8 49
8 58
8 60
8 62
8 63
8 67
8 68
8 71
8 72
8 74
8 76
8 77
8 78
8 80
8 81
8 82
8 83
8 84
8 85
8 87
8 88
8 90
8 92
8 93
8 95
9 74
10 19
10 25
10 27
10 38
10 40
10 53
10 66
11 30
11 53
11 65
11 69
12 43
12 64
13 22
13 37
13 43
13 51
13 89
14 18
14 62
15 21
15 84
16 22
16 57
17 22
17 23
17 52
17 61
17 78
17 89
18 62
18 63
18 85
19 38
19 44
19 53
19 55
19 72
20 58
20 82
20 90
20 93
21 41
21 47
21 84
22 43
22 57
22 59
22 62
22 78
22 89
23 61
24 50
24 53
24 54
24 73
25 27
25 53
26 45
26 67
27 40
27 53
28 71
28 72
28 76
28 92
29 58
29 93
30 50
30 53
30 65
30 66
30 69
31 48
31 68
31 81
32 75
32 89
32 91
33 58
33 78
33 80
33 83
34 38
34 53
34 86
35 48
35 60
35 81
36 78
36 80
37 51
38 44
38 53
38 86
39 52
39 56
39 75
39 89
40 53
41 47
41 95
42 45
42 49
42 67
42 77
43 51
43 59
43 64
44 53
44 55
44 86
45 49
45 67
45 72
45 76
46 63
46 85
47 62
47 78
47 84
47 85
47 90
47 95
48 49
48 68
48 72
48 81
48 87
49 72
49 77
50 53
50 54
51 64
52 61
52 79
52 89
53 54
53 55
53 65
53 66
53 69
53 73
53 86
53 94
56 75
57 59
57 70
58 78
58 90
58 93
59 70
60 81
61 79
62 78
62 85
63 85
66 69
66 94
69 94
71 72
72 76
72 87
74 88
75 89
76 92
78 80
78 90
80 83
82 90
84 85
87 88
89 91
Case #12: 115
1 5
1 25
1 26
2 4
2 39
3 6
3 8
3 20
3 23
3 28
3 29
3 37
3 42
4 6
4 15
4 24
4 39
4 43
5 15
5 21
5 22
5 25
5 26
6 15
6 17
6 24
6 37
7 12
7 14
7 21
7 34
7 37
8 10
8 20
8 26
8 28
8 29
8 31
8 35
8 36
9 11
9 25
9 26
10 13
10 31
10 35
11 25
11 26
11 33
11 38
12 34
12 37
12 42
13 31
13 35
13 38
14 18
14 21
14 26
14 34
14 36
15 17
15 21
15 22
15 24
15 27
15 43
16 19
16 22
16 40
17 21
17 37
18 32
18 34
18 36
19 22
19 27
19 40
20 28
21 26
21 37
22 25
22 30
22 40
23 28
23 41
23 42
25 26
25 30
25 38
26 31
26 33
27 40
27 43
28 36
28 41
30 35
30 38
30 39
30 40
30 43
31 33
31 38
32 34
32 36
32 41
32 42
33 38
34 42
35 38
36 41
37 42
39 43
40 43
41 42
Case #13: 195
1 3
1 35
2 5
2 27
2 41
3 34
3 35
4 31
4 42
4 79
5 27
5 28
5 41
5 70
6 28
6 54
6 70
7 33
7 92
8 15
8 78
9 22
9 94
9 98
10 21
10 25
10 39
10 45
10 59
11 14
11 23
11 72
11 87
12 67
12 84
13 28
13 57
13 83
13 86
14 23
14 48
14 72
14 73
14 78
14 84
15 30
15 51
15 78
16 24
16 68
16 96
17 66
17 87
17 94
17 98
18 19
18 55
18 74
18 99
19 74
20 32
20 46
20 82
21 25
22 98
23 73
24 68
25 45
26 29
26 47
26 63
27 28
27 30
27 57
28 54
28 57
28 70
29 47
29 62
30 38
30 51
30 59
30 78
30 95
31 35
31 42
31 61
31 64
31 78
31 79
31 81
31 84
31 88
31 91
31 95
32 68
32 82
32 84
33 65
33 92
34 35
34 71
34 75
34 80
35 47
35 64
35 75
35 81
36 48
36 100
37 42
37 69
38 52
38 59
38 95
39 59
39 93
40 68
40 76
40 77
40 96
40 97
42 69
42 81
43 49
43 62
44 56
44 90
45 59
45 90
46 82
47 62
47 63
47 64
47 75
48 73
48 76
48 84
48 100
49 62
49 64
50 52
50 95
52 95
53 56
53 90
53 92
55 88
55 99
56 90
57 58
57 59
57 60
57 65
57 86
57 89
58 86
58 89
59 65
59 90
59 93
60 89
61 88
61 99
62 64
64 84
65 90
65 92
66 72
66 87
66 94
67 82
67 84
68 76
68 84
68 96
69 81
71 75
71 80
72 87
73 100
74 99
76 77
76 84
77 97
78 95
79 91
82 84
83 85
83 86
85 86
88 91
88 99
90 92
94 98
Case #14: 157
1 18
1 34
1 47
1 52
1 54
2 4
2 9
2 33
2 37
2 45
2 50
2 55
3 28
3 32
3 53
3 56
4 16
4 21
4 25
4 37
4 50
5 13
5 17
5 50
6 15
6 27
6 35
6 46
7 47
7 51
7 54
8 18
8 19
8 23
8 28
8 30
8 31
8 36
8 40
8 44
8 56
8 57
9 22
9 24
9 31
9 45
10 11
10 14
10 22
10 24
10 26
10 29
10 31
10 46
11 14
11 24
11 35
11 46
12 30
12 40
12 44
13 17
13 20
13 21
13 25
13 32
13 41
13 50
14 24
14 29
15 18
15 24
15 27
15 31
15 35
15 46
16 17
16 25
16 50
17 25
17 50
18 19
18 24
18 31
18 38
18 48
18 49
18 51
18 54
19 36
19 41
19 49
20 31
20 32
20 39
20 45
20 56
21 25
21 33
21 37
21 45
22 24
22 26
22 31
23 28
23 42
23 44
23 57
24 26
24 29
24 35
27 46
28 32
28 42
28 53
28 56
30 40
30 44
31 39
31 45
31 56
32 40
32 41
32 42
32 53
32 56
33 37
33 45
33 55
34 41
34 47
34 52
35 46
36 40
36 41
38 41
38 43
38 48
38 49
39 56
40 41
40 42
40 44
41 43
41 47
41 48
41 49
41 50
42 44
43 48
44 57
45 55
47 48
47 51
47 54
48 51
51 54
Case #15: 9
1 2
1 4
1 5
1 6
2 3
2 4
2 5
3 4
3 5
Case #16: 49
1 3
1 4
1 7
1 8
1 20
2 13
2 17
2 18
3 7
3 8
3 10
3 11
4 7
4 8
4 16
4 20
5 8
5 13
5 14
5 15
5 19
6 7
6 11
6 17
7 10
7 11
7 17
8 11
8 13
8 16
8 20
9 12
9 13
9 17
9 18
9 19
9 21
10 11
11 13
11 17
12 17
12 21
13 19
14 15
14 19
15 19
15 21
17 18
19 21
Case #17: 89
1 14
1 15
1 16
1 17
1 23
1 24
2 20
2 22
2 26
2 27
2 32
3 6
3 7
3 9
3 10
3 12
3 15
3 18
3 19
3 22
3 29
4 10
4 27
4 29
4 31
4 32
5 9
5 11
5 15
5 16
5 34
6 9
6 12
6 13
6 16
6 18
6 25
6 34
7 8
7 12
7 13
7 19
8 13
8 19
8 28
9 11
9 15
9 34
10 15
10 29
10 32
10 33
11 15
12 13
12 18
13 25
13 28
14 17
14 19
14 25
14 30
15 16
15 23
15 24
16 17
16 23
16 25
17 25
19 21
19 28
19 30
20 22
20 26
20 29
21 28
21 30
22 29
24 32
24 33
25 28
25 30
26 27
26 29
27 29
27 31
27 32
28 30
31 32
32 33
Case #18: 271
1 18
1 26
1 31
1 43
1 83
2 4
2 9
2 10
2 29
2 58
3 22
3 37
3 39
3 62
3 76
4 9
4 10
4 56
4 91
5 32
5 41
5 47
5 74
5 82
6 13
6 17
6 60
6 92
7 28
7 50
7 64
7 78
8 22
8 26
8 75
8 80
9 29
9 56
9 72
9 87
10 58
10 63
10 91
11 20
11 42
11 52
11 58
11 65
11 81
11 85
11 100
12 32
12 38
12 60
12 92
12 95
13 17
13 32
13 76
13 92
14 40
14 45
14 73
14 77
14 98
15 27
15 30
15 32
15 42
15 48
15 49
15 58
15 84
15 94
16 56
16 58
16 70
16 88
17 22
17 60
17 76
18 22
18 31
18 36
18 43
18 71
19 53
19 59
19 69
20 44
20 81
20 85
21 23
21 58
21 72
21 87
21 99
22 26
22 30
22 31
22 35
22 36
22 39
22 41
22 44
22 51
22 52
22 56
22 57
22 60
22 61
22 65
22 66
22 67
22 75
22 76
22 79
22 85
22 94
22 95
22 96
23 56
23 87
23 99
24 25
24 28
24 55
24 86
25 28
25 55
25 56
25 78
26 31
26 80
26 83
27 30
27 49
28 78
29 58
29 72
30 49
30 79
30 94
32 34
32 37
32 38
32 41
32 47
32 48
32 62
32 74
32 76
32 82
32 84
32 89
32 92
32 96
33 58
33 61
33 70
33 81
33 88
34 54
34 82
34 84
34 90
35 41
35 54
35 67
35 84
35 90
36 71
36 97
37 39
37 62
37 96
38 57
38 66
38 89
38 95
39 96
40 45
40 50
40 56
40 64
40 73
41 47
41 54
41 82
42 51
42 58
42 94
42 100
43 71
44 61
44 81
44 85
45 64
45 98
46 93
46 97
47 74
48 57
48 58
48 75
48 80
48 89
49 79
49 84
50 56
50 64
50 78
51 52
51 94
51 100
52 65
52 100
53 55
53 69
53 86
54 82
54 90
55 56
55 86
56 61
56 68
56 70
56 73
56 77
56 78
56 87
56 91
56 99
57 66
57 75
57 89
58 63
58 72
58 81
58 88
58 98
58 99
59 69
60 92
60 95
61 70
61 81
62 76
63 68
63 91
63 98
64 98
65 85
66 95
67 79
67 84
68 77
68 91
68 98
69 86
70 88
71 93
71 97
72 87
73 77
75 80
77 98
79 84
80 83
84 90
93 97
Case #19: 50
1 8
1 9
1 12
1 13
2 3
2 7
2 10
2 13
2 14
2 19
2 21
3 14
3 16
3 19
3 20
4 5
4 8
4 9
4 10
4 12
4 18
5 10
5 18
6 14
6 15
6 20
7 11
7 14
7 15
7 17
8 9
8 12
9 16
9 19
9 20
10 12
10 13
10 18
11 17
11 20
12 13
13 19
13 21
14 15
14 20
15 17
15 20
16 19
17 20
19 21
Case #20: 283
1 12
1 30
1 57
1 69
2 19
2 22
2 52
3 28
3 35
3 56
3 60
3 61
3 77
3 97
4 10
4 42
4 44
4 67
4 72
4 75
4 76
4 78
4 83
4 89
5 10
5 36
5 58
6 11
6 37
6 47
6 49
6 91
7 8
7 9
7 54
7 59
7 89
8 9
8 16
8 34
8 47
8 59
8 85
8 88
9 16
9 29
9 89
10 18
10 36
10 42
10 53
10 58
10 62
10 72
11 17
11 21
11 49
11 91
11 92
12 27
12 29
12 30
12 69
12 75
12 89
12 99
13 20
13 46
13 51
14 35
14 43
14 61
14 63
14 74
14 95
14 97
15 32
15 38
15 51
16 26
16 29
16 85
17 32
17 33
17 39
17 40
17 49
17 64
17 92
18 62
18 72
19 52
19 92
19 94
20 25
20 46
20 51
20 88
20 89
21 91
21 92
22 47
22 52
22 91
22 94
23 35
23 63
23 65
23 87
23 96
23 100
24 45
24 86
24 99
25 70
25 84
25 88
25 89
26 29
26 48
26 85
26 98
27 29
27 41
27 55
27 57
27 69
28 35
28 56
28 58
28 77
28 86
29 41
29 89
29 98
30 45
30 57
30 86
30 99
31 44
31 58
31 60
32 34
32 38
32 40
32 51
32 89
32 92
33 40
33 64
34 38
34 40
34 47
34 88
35 56
35 63
35 86
35 90
35 97
36 53
36 58
36 62
36 67
36 68
36 86
37 39
37 47
37 49
38 46
38 51
38 88
39 47
39 49
39 64
40 47
40 64
41 48
41 55
41 98
42 44
42 93
43 61
43 74
43 95
44 58
44 60
44 61
44 89
44 93
45 86
45 99
46 51
46 88
47 57
47 64
47 80
47 85
47 86
47 91
48 55
48 57
48 85
48 98
50 68
50 71
50 75
50 81
50 86
50 99
51 89
52 94
53 62
54 59
54 70
54 89
55 57
57 69
57 85
57 86
58 60
58 66
58 77
58 79
58 86
58 93
59 70
59 84
59 88
60 61
60 66
60 73
60 77
60 79
61 89
61 95
61 97
62 67
62 72
62 83
63 87
65 80
65 90
65 96
66 79
67 68
67 76
67 78
67 83
68 75
68 78
68 81
68 86
70 84
70 89
71 75
71 81
72 83
73 77
73 79
74 95
75 78
75 81
75 89
75 99
76 78
77 79
80 82
80 86
80 87
80 90
80 96
82 86
82 90
84 88
86 90
86 99
87 96
87 100
91 92
91 94
92 94
95 97
96 100
Case #21: 146
1 10
1 15
1 20
1 24
1 42
1 50
1 52
2 10
2 18
2 34
2 36
2 39
3 10
3 20
3 24
3 31
3 40
3 43
3 47
3 49
3 52
4 11
4 16
4 21
4 32
4 36
5 22
5 26
5 28
5 30
5 37
5 43
6 9
6 18
6 38
6 39
6 48
7 8
7 9
7 29
7 39
7 44
7 45
8 9
8 38
8 44
8 48
9 38
9 39
10 16
10 22
10 23
10 24
10 36
10 39
10 40
10 49
10 54
11 18
11 21
11 36
12 28
12 37
12 43
13 14
13 15
13 17
13 20
13 25
13 35
14 17
14 20
14 41
15 20
15 25
15 35
15 41
15 42
16 32
16 36
16 54
17 35
17 41
18 21
18 34
18 36
18 48
19 25
19 27
19 42
19 46
20 25
20 41
20 43
20 51
20 52
21 32
21 48
21 54
22 23
22 26
22 28
22 30
22 54
23 30
23 31
23 40
24 33
24 47
24 49
24 52
25 42
25 46
25 51
26 28
27 42
27 46
27 51
27 53
28 37
29 44
29 45
30 31
30 43
31 40
31 43
32 54
33 47
33 49
34 39
35 41
37 43
38 48
39 45
39 50
42 50
42 53
43 51
43 53
44 48
45 50
45 53
46 51
47 49
50 53
51 53
Case #22: 275
1 41
1 51
1 59
1 68
2 8
2 52
2 86
3 14
3 33
3 42
3 69
4 8
4 39
4 75
5 8
5 25
5 45
6 8
6 31
6 74
6 79
7 13
7 19
7 28
7 51
7 96
8 9
8 10
8 12
8 25
8 31
8 35
8 37
8 38
8 39
8 45
8 46
8 51
8 52
8 53
8 55
8 62
8 74
8 75
8 79
8 80
8 86
9 12
9 46
10 35
10 55
10 75
11 26
11 40
11 47
11 53
11 56
11 66
11 70
11 85
11 92
11 93
12 46
12 86
13 51
13 96
14 20
14 33
14 42
14 71
15 17
15 31
15 33
15 42
15 45
15 60
15 77
15 82
15 83
15 94
16 30
16 51
16 54
16 88
16 93
17 23
17 32
17 33
17 48
17 82
17 83
18 47
18 53
18 67
19 28
19 30
19 51
19 65
19 93
19 96
20 33
20 42
20 71
20 76
21 47
21 50
21 53
21 67
21 90
22 24
22 33
22 76
22 91
23 32
23 33
24 33
24 61
24 76
24 94
25 38
25 45
26 40
26 47
26 53
26 64
26 95
27 51
27 88
27 93
28 51
28 65
29 40
29 53
29 58
29 95
30 51
30 54
30 93
31 45
31 46
31 74
32 33
32 48
33 36
33 42
33 45
33 48
33 53
33 60
33 61
33 63
33 69
33 71
33 76
33 77
33 82
33 83
33 91
33 94
34 44
34 51
34 89
35 37
35 39
35 45
35 55
35 75
36 48
36 82
37 38
37 45
37 62
38 45
38 62
39 45
39 46
39 75
40 53
40 58
40 66
40 95
41 51
41 68
42 69
42 76
42 82
42 94
43 53
43 73
43 84
44 49
44 51
44 72
44 89
45 46
45 94
46 52
46 74
46 86
47 50
47 53
47 67
47 73
47 85
48 82
49 51
49 72
49 78
50 53
50 73
50 90
51 54
51 56
51 59
51 65
51 68
51 72
51 78
51 88
51 89
51 93
51 96
52 74
52 86
53 57
53 58
53 64
53 66
53 67
53 70
53 73
53 81
53 84
53 85
53 87
53 90
53 92
53 93
53 95
56 59
56 68
56 72
56 93
57 73
57 81
57 84
57 85
59 68
60 63
60 77
60 83
61 94
63 83
64 95
66 87
66 92
68 72
68 89
70 92
72 78
72 89
72 93
72 96
73 84
73 85
74 79
74 80
76 91
76 94
79 80
81 85
85 93
87 92
88 93
93 96
Case #23: 291
1 27
1 44
1 48
1 75
1 94
2 6
2 8
2 13
2 18
2 33
2 84
2 88
2 89
3 22
3 34
3 79
3 91
4 25
4 37
4 40
4 61
5 11
5 29
5 53
5 57
5 59
5 60
5 96
6 8
6 13
6 33
6 96
7 54
7 77
7 86
7 90
7 93
8 53
8 59
8 89
8 96
8 99
9 15
9 39
9 75
9 76
10 11
10 22
10 33
10 36
10 68
10 79
10 84
10 88
10 89
10 91
10 96
11 19
11 22
11 29
11 56
11 58
11 73
11 96
11 98
12 14
12 21
12 28
12 30
12 42
12 47
12 50
12 74
13 18
13 33
14 23
14 47
14 50
14 92
15 21
15 30
15 39
15 51
15 75
15 83
15 98
16 36
16 63
16 91
17 27
17 71
17 78
17 94
18 33
19 21
19 29
19 43
19 47
19 64
19 74
19 87
20 27
20 55
20 67
20 71
20 78
21 30
21 51
21 74
21 98
22 34
22 56
22 58
22 79
23 47
23 50
23 87
23 92
24 29
24 53
24 60
24 85
25 35
25 37
25 40
25 43
26 45
26 66
26 95
27 67
27 71
27 75
27 93
27 94
28 42
28 46
28 50
29 37
29 43
29 60
29 85
30 39
30 42
30 51
30 66
30 78
30 83
30 89
30 99
31 38
31 69
31 72
31 73
31 77
31 86
31 90
32 38
32 69
32 72
32 73
32 98
33 88
33 96
34 56
34 63
34 91
35 40
35 43
35 61
35 99
35 100
36 63
36 68
36 91
37 43
37 61
37 81
37 85
38 69
38 73
39 44
39 76
39 78
39 83
40 61
41 66
41 80
41 87
41 97
42 46
42 66
42 80
43 52
43 65
43 70
43 87
43 99
43 100
44 48
44 75
44 76
44 78
44 94
45 49
45 65
45 66
45 82
45 87
45 95
45 97
46 50
46 80
46 87
47 64
47 74
47 87
48 94
49 82
49 95
50 87
50 92
52 62
52 65
52 70
53 57
53 59
53 60
53 85
53 99
54 67
54 77
54 93
55 56
55 67
55 73
55 77
55 78
55 89
56 58
56 63
56 73
56 89
57 60
59 96
61 81
61 85
61 99
62 65
62 70
62 82
63 68
63 89
63 91
64 74
65 82
65 87
66 80
66 95
66 97
66 99
67 93
68 89
69 72
70 82
70 95
70 99
71 78
72 86
72 98
73 77
73 98
75 76
75 93
75 98
77 90
78 89
78 94
79 91
80 87
81 85
82 95
84 88
84 89
85 99
86 90
86 93
86 98
87 97
93 98
95 99
99 100
Case #24: 272
1 4
1 46
1 60
1 77
2 15
2 65
2 84
3 14
3 30
3 49
3 75
4 46
4 60
5 37
5 45
5 46
5 66
5 91
6 15
6 31
6 35
6 65
6 71
6 84
6 93
7 55
7 79
7 86
8 14
8 42
8 46
8 50
9 22
9 27
9 29
9 32
10 17
10 38
10 57
10 89
11 25
11 43
11 63
11 69
11 97
12 19
12 39
12 63
12 76
12 99
13 14
13 15
13 22
13 23
13 25
13 29
13 39
13 51
13 81
13 87
13 95
13 98
14 21
14 26
14 37
14 42
14 46
14 49
14 66
14 67
14 75
14 78
14 98
15 17
15 24
15 25
15 26
15 31
15 34
15 35
15 52
15 57
15 58
15 61
15 63
15 65
15 72
15 74
15 80
15 84
15 88
15 90
15 93
16 33
16 36
16 41
16 59
17 28
17 33
17 38
17 44
17 46
17 47
17 73
17 83
17 88
17 89
18 52
18 82
18 88
18 90
19 39
19 76
20 51
20 67
20 96
20 98
21 62
21 67
21 78
21 98
22 27
22 29
22 51
23 32
23 81
23 95
23 99
24 46
24 74
24 94
25 39
25 63
25 69
25 76
25 80
25 92
26 72
26 74
26 75
26 93
26 94
27 51
27 67
27 96
28 38
28 73
29 32
29 81
30 46
30 49
30 75
30 91
30 94
31 35
31 65
32 81
33 36
33 40
33 41
33 46
33 48
33 64
33 73
34 47
34 52
34 56
34 57
34 82
35 71
35 72
36 40
36 53
36 59
37 42
37 45
37 50
37 66
38 53
38 73
39 76
39 87
39 95
39 99
40 53
40 73
41 48
41 54
41 59
42 50
43 58
43 63
43 69
43 92
43 97
44 47
44 56
44 83
45 46
45 50
46 50
46 55
46 60
46 64
46 77
46 79
46 91
46 94
47 56
47 82
47 88
48 54
48 64
49 66
49 91
51 96
51 98
52 82
52 90
53 73
54 59
54 64
54 86
55 64
55 77
55 79
55 86
56 57
56 83
57 83
57 89
58 61
58 63
58 70
58 85
58 92
60 77
60 79
61 68
61 70
61 80
62 78
62 98
63 76
63 97
64 86
65 84
66 91
67 96
67 98
68 70
68 80
69 92
70 80
70 85
71 72
71 93
72 93
74 93
74 94
75 94
77 79
78 98
79 86
80 85
80 92
82 88
83 89
85 92
87 95
88 90
95 99
Case #25: 273
1 10
1 22
1 56
1 60
1 73
2 7
2 35
2 39
2 46
2 49
2 59
3 20
3 21
3 24
3 58
3 82
4 35
4 41
4 77
5 30
5 35
5 54
5 83
5 92
6 11
6 21
6 29
6 36
6 88
7 21
7 39
7 49
8 21
8 22
8 26
8 73
8 89
9 35
9 38
9 59
9 84
9 90
10 16
10 50
10 56
10 60
11 25
11 29
11 37
11 56
11 88
12 29
12 36
12 56
12 71
13 21
13 40
13 44
13 83
13 93
13 95
14 56
14 72
14 91
15 18
15 30
15 35
15 51
15 52
15 92
16 33
16 50
16 56
16 81
17 23
17 35
17 48
17 52
18 21
18 30
18 51
19 21
19 44
19 95
20 42
20 56
20 58
20 68
20 82
21 24
21 25
21 30
21 33
21 34
21 36
21 39
21 40
21 42
21 43
21 47
21 48
21 49
21 50
21 51
21 54
21 55
21 57
21 58
21 60
21 62
21 63
21 65
21 66
21 67
21 70
21 72
21 73
21 76
21 77
21 79
21 80
21 84
21 87
21 88
21 89
21 90
21 94
21 95
22 26
22 56
22 73
23 28
23 35
23 48
23 55
23 62
24 45
24 61
24 70
24 82
25 34
25 37
25 69
25 88
26 27
26 56
26 89
27 56
27 63
27 71
27 89
28 35
28 39
28 46
28 55
29 36
29 56
30 54
30 92
31 53
31 56
31 65
31 67
31 81
32 35
32 41
32 77
32 79
32 85
33 50
33 65
33 81
34 45
34 69
34 70
35 38
35 41
35 44
35 46
35 52
35 56
35 59
35 64
35 74
35 75
35 77
35 78
35 83
35 85
35 92
35 93
36 71
36 76
37 56
37 69
38 64
38 84
38 87
39 46
39 55
40 54
40 83
41 77
42 57
42 58
42 68
42 86
43 66
43 74
43 75
43 94
44 93
44 95
45 56
45 61
45 69
45 70
47 56
47 57
47 86
48 51
48 52
48 62
49 59
49 90
50 60
51 52
53 56
53 67
53 72
53 91
54 83
55 62
56 61
56 68
56 69
56 71
56 81
56 82
56 86
56 91
57 86
59 90
60 73
61 82
63 71
63 76
63 89
64 74
64 87
64 94
65 67
65 81
66 75
66 78
66 80
67 72
68 86
71 76
72 91
74 75
74 94
75 78
77 79
78 80
78 85
79 80
79 85
80 85
83 93
84 87
84 90
87 94
Case #26: 151
1 6
1 8
1 20
1 29
1 45
2 4
2 14
2 23
2 48
2 55
3 25
3 29
3 34
3 43
3 54
4 23
4 26
4 48
4 54
4 55
5 20
5 40
5 45
6 8
6 20
6 24
6 34
7 12
7 14
7 38
8 29
8 34
9 17
9 19
9 20
9 22
9 24
9 27
10 39
10 47
10 52
11 17
11 18
11 22
11 30
11 37
11 44
11 47
11 52
11 53
12 14
12 15
12 16
12 38
12 51
12 54
12 55
13 24
13 28
13 33
13 34
13 41
14 18
14 38
14 46
14 55
15 16
15 35
15 36
15 46
15 51
16 35
16 38
17 20
17 22
17 29
17 40
17 45
18 21
18 42
18 46
18 51
18 53
19 24
19 27
19 41
20 24
20 40
20 45
21 46
21 51
22 25
22 27
22 33
22 41
22 44
22 54
23 55
24 41
25 33
25 34
25 54
26 48
26 54
27 41
28 33
28 34
29 34
29 45
30 37
30 39
30 47
31 42
31 50
31 53
32 42
32 50
32 51
33 34
33 41
35 36
35 38
35 46
36 46
37 39
37 44
37 50
37 51
37 54
38 46
39 47
39 49
39 50
39 52
40 45
42 50
42 51
42 53
43 48
43 54
46 51
47 52
48 54
49 50
49 52
49 53
50 51
50 53
51 54
52 53
54 55
Case #27: 17
1 2
1 4
1 5
1 6
2 3
2 7
2 9
2 10
3 6
3 7
4 5
4 8
6 7
6 8
7 9
7 10
9 10
Case #28: 207
1 3
1 18
1 53
1 58
2 10
2 34
2 63
3 18
3 40
3 53
3 56
3 65
4 9
4 30
4 31
4 70
5 17
5 33
5 38
5 50
5 62
5 68
5 71
6 12
6 14
6 17
6 25
6 35
6 42
6 46
6 67
6 71
7 13
7 24
7 66
7 68
8 57
8 71
9 19
9 20
9 23
9 28
9 30
9 31
9 60
9 69
9 70
9 74
10 29
10 34
10 51
10 53
10 58
10 63
10 69
11 24
11 38
11 62
11 73
12 14
12 17
12 37
12 45
12 48
12 55
13 36
13 66
13 68
14 37
14 42
14 55
15 28
15 43
15 50
15 70
16 18
16 29
16 58
17 32
17 39
17 40
17 48
17 50
17 61
17 71
17 72
18 29
18 40
18 58
19 20
19 47
19 50
19 74
20 30
20 47
20 59
21 35
21 46
21 57
21 60
21 67
22 27
22 33
22 36
22 44
23 34
23 49
23 52
23 60
23 69
24 60
24 62
24 66
24 68
24 73
24 74
25 42
25 67
26 33
26 50
26 74
27 33
27 36
27 44
27 66
27 74
28 43
28 70
29 34
29 40
29 58
29 60
29 63
30 59
30 70
31 70
32 39
32 48
32 61
32 72
33 36
33 50
33 68
33 74
34 41
34 51
34 52
34 60
34 63
35 46
35 57
35 71
36 44
36 66
36 68
37 55
38 62
38 68
38 73
39 72
40 48
40 60
40 64
40 65
40 72
41 51
41 52
41 54
41 69
42 48
42 55
42 60
42 67
43 70
45 48
45 55
46 67
47 50
47 59
48 55
48 61
48 72
49 52
49 54
49 69
50 59
50 70
50 74
51 69
52 54
53 56
53 58
53 64
54 69
56 64
56 65
57 60
57 71
59 70
60 62
60 67
60 71
60 74
62 71
64 65
66 74
68 73
Case #29: 28
1 2
1 9
1 10
1 13
2 3
2 4
2 9
2 10
2 11
2 12
3 4
3 5
3 7
3 8
3 11
4 5
4 6
4 12
4 13
5 8
6 8
6 13
7 8
7 9
7 11
9 11
10 13
12 13
Case #30: 115
1 9
1 11
1 14
1 16
1 22
2 4
2 7
2 17
2 27
2 36
2 39
2 42
3 13
3 28
3 30
3 37
3 41
4 17
4 20
4 33
4 40
5 8
5 9
5 14
5 21
5 22
6 19
6 31
6 34
6 38
7 8
7 9
7 15
7 26
7 29
7 32
7 36
7 42
8 9
8 15
8 21
9 14
9 16
9 26
9 28
9 30
10 24
10 28
10 41
11 16
11 22
12 18
12 19
12 25
12 33
12 34
12 38
12 43
13 30
13 35
13 37
14 22
15 31
15 34
15 38
16 22
16 30
16 35
17 20
17 40
17 42
18 25
18 34
18 42
19 34
19 38
19 43
20 33
20 40
20 42
21 22
21 41
22 35
22 41
23 27
23 28
23 36
23 39
24 28
24 39
24 41
25 33
25 42
26 28
26 29
26 32
26 36
27 36
27 39
28 30
28 39
28 41
29 32
29 36
30 35
31 34
31 38
33 38
33 42
34 42
34 43
35 37
35 41
37 41
39 41
Case #31: 133
1 6
1 16
1 18
1 19
1 21
1 25
1 27
1 37
1 42
1 49
2 5
2 29
3 20
3 21
3 24
3 36
3 38
4 11
4 19
4 28
4 37
4 44
5 14
5 29
5 48
5 50
6 18
6 42
7 9
7 34
7 35
7 37
7 48
8 13
8 45
8 47
9 48
10 13
10 22
10 39
11 37
11 44
11 50
12 30
12 39
12 41
12 44
13 22
13 23
13 39
13 44
13 45
13 46
13 47
14 15
14 17
14 29
14 44
14 50
15 17
15 44
15 46
16 18
16 19
16 20
16 26
16 32
16 40
16 43
16 46
17 20
17 29
17 46
18 42
19 26
19 28
19 37
19 41
20 27
20 29
20 38
20 42
20 46
20 49
21 24
21 27
21 36
22 26
22 30
22 39
22 41
22 45
22 47
23 26
23 33
23 40
23 45
23 46
24 27
24 38
25 42
25 49
26 33
26 40
26 41
26 45
27 38
27 49
28 41
28 44
30 39
30 41
31 34
31 37
31 50
32 43
32 46
33 40
34 35
34 37
34 50
35 48
35 50
37 50
39 44
40 43
40 46
41 44
42 49
43 46
44 46
45 47
48 50
Case #32: 165
1 2
1 34
1 52
2 23
2 28
2 34
2 52
3 12
3 20
3 25
3 35
3 37
3 38
3 39
4 9
4 13
4 27
4 29
4 32
4 33
5 6
5 8
5 16
5 31
5 53
5 55
5 56
5 59
6 16
6 18
6 40
6 50
6 55
6 56
7 15
7 57
7 58
7 60
8 14
8 16
8 28
8 30
8 31
8 34
8 35
8 41
8 45
9 13
9 21
9 28
9 46
9 52
9 54
10 24
10 26
10 36
10 47
10 57
10 60
11 22
11 24
11 26
11 48
11 49
12 38
12 39
13 21
13 29
14 17
14 25
14 35
14 38
14 39
14 43
15 47
15 57
15 60
16 18
17 25
17 35
19 21
19 36
19 46
19 51
19 54
19 61
20 25
20 38
20 43
21 29
21 36
21 51
21 54
22 24
22 37
22 42
22 48
22 49
23 28
23 34
24 26
24 36
24 37
24 46
25 35
25 43
26 49
26 60
27 29
27 32
27 33
28 34
28 35
28 46
28 52
29 33
29 36
29 40
30 31
30 34
30 40
30 41
30 45
31 40
31 53
32 33
33 34
33 40
33 52
34 40
34 45
34 52
35 46
36 40
36 46
36 61
37 39
37 42
37 44
37 46
38 39
38 43
39 42
39 44
40 50
40 53
41 45
42 44
42 49
42 58
46 54
46 61
47 57
47 60
48 49
49 58
49 60
50 53
50 56
50 59
51 54
53 59
55 56
56 59
58 60
Case #33: 271
1 43
1 61
1 72
1 81
2 9
2 35
2 39
2 60
2 98
3 29
3 59
3 80
3 84
4 7
4 70
4 98
5 7
5 34
5 41
5 70
5 98
6 37
6 73
6 82
6 86
6 92
7 70
7 98
8 49
8 56
8 69
8 97
9 35
9 39
9 70
10 19
10 26
10 32
10 56
11 25
11 28
11 53
11 82
11 90
11 100
12 18
12 40
12 47
12 94
13 20
13 28
13 34
13 55
13 82
13 93
14 44
14 58
14 78
14 87
14 91
15 19
15 49
15 56
16 53
16 63
16 65
16 96
17 38
17 46
17 53
17 64
17 90
17 100
18 47
18 48
18 99
19 32
19 34
19 49
19 56
19 69
20 36
20 55
20 70
20 93
21 22
21 27
21 33
21 53
21 76
22 27
22 53
23 67
23 75
23 88
23 89
24 34
24 36
24 57
24 69
24 93
25 46
25 53
25 90
26 32
26 41
26 56
27 53
27 76
28 55
28 82
28 100
29 53
29 75
29 84
29 88
30 54
30 66
30 82
30 83
31 48
31 52
31 82
31 86
31 99
32 34
32 41
33 50
33 53
33 67
33 76
34 41
34 45
34 47
34 62
34 69
34 71
34 72
34 74
34 77
34 79
34 81
34 93
34 94
34 95
35 70
35 98
36 57
36 70
36 93
37 68
37 73
37 82
37 92
38 46
38 53
38 64
38 96
39 44
39 58
39 60
39 70
40 45
40 85
40 94
41 56
41 70
42 59
42 70
42 78
42 80
42 91
43 45
43 74
43 81
43 85
44 58
44 60
45 74
45 85
45 94
46 53
46 90
47 48
47 82
47 94
48 82
48 99
49 56
49 69
50 53
50 67
50 76
50 89
51 53
51 63
51 65
52 82
52 86
52 92
53 63
53 64
53 65
53 67
53 75
53 76
53 80
53 82
53 84
53 88
53 89
53 96
53 100
54 66
54 68
54 82
54 83
55 70
55 100
56 70
56 97
57 69
57 70
57 97
58 70
58 87
59 78
59 80
61 71
61 72
61 79
62 77
62 95
63 64
63 65
63 96
64 96
66 82
67 88
67 89
68 73
68 82
68 83
69 97
70 80
70 87
70 91
70 97
70 98
70 100
71 77
71 79
71 95
72 79
72 81
73 82
73 83
74 81
75 88
75 89
77 95
78 91
80 84
82 83
82 86
82 92
84 88
86 92
86 99
87 91
90 100
Case #34: 277
1 8
1 26
1 63
1 68
1 69
2 9
2 10
2 35
2 51
2 55
3 4
3 5
3 19
3 23
3 58
3 75
3 85
3 87
3 99
4 5
4 21
4 33
4 75
4 91
4 94
5 14
5 19
5 27
5 33
6 17
6 25
6 52
6 59
7 20
7 23
7 33
7 71
8 30
8 37
8 45
8 62
8 63
8 69
9 10
9 35
9 50
9 76
10 47
10 51
10 55
10 76
10 81
10 97
11 36
11 43
11 53
11 56
11 61
11 62
11 70
11 84
11 92
12 28
12 38
12 82
12 84
12 98
13 18
13 35
13 50
13 76
13 90
14 20
14 27
14 33
14 71
14 79
15 38
15 84
15 92
15 98
16 36
16 42
16 61
16 86
17 25
17 26
17 29
17 35
17 45
17 48
17 54
17 59
17 68
17 69
17 74
18 40
18 47
18 67
18 76
18 90
19 20
19 23
19 27
19 78
20 23
20 71
20 78
20 79
21 36
21 47
21 69
21 77
21 91
21 94
22 49
22 70
22 82
22 88
22 93
23 31
23 33
23 83
23 91
23 96
24 31
24 58
24 66
24 73
25 52
25 74
26 30
26 45
26 63
26 68
27 78
27 79
28 53
28 65
28 82
28 84
29 46
29 54
29 64
29 74
29 80
30 45
30 63
31 42
31 58
31 73
32 35
32 40
32 54
32 67
33 71
33 91
34 39
34 47
34 60
34 83
34 89
34 91
35 40
35 45
35 50
35 54
35 55
35 90
36 42
36 58
36 61
36 62
36 69
36 73
36 77
36 86
36 87
37 41
37 45
37 62
38 84
38 98
39 60
39 83
39 96
40 67
40 90
41 44
41 45
41 62
41 95
41 98
42 61
42 73
43 49
43 56
43 70
43 88
44 62
44 95
45 82
45 88
45 98
46 64
46 80
47 67
47 69
47 76
47 81
47 83
47 89
47 91
48 59
48 69
49 70
49 88
49 93
50 76
51 55
52 59
52 64
52 74
53 65
53 70
53 82
53 84
54 67
54 80
55 97
56 88
57 92
57 95
57 98
58 66
58 73
58 87
59 64
59 67
59 69
60 91
60 96
61 86
62 92
62 95
64 67
64 74
64 80
65 82
66 73
67 69
67 80
68 69
70 82
72 81
72 97
75 77
75 85
75 94
77 85
77 87
77 94
78 79
81 97
82 88
82 98
83 89
83 96
84 92
85 87
85 99
87 99
88 93
91 96
92 95
92 98
95 98
Case #35: 152
1 34
1 39
1 40
1 43
1 52
1 56
2 6
2 20
2 25
2 32
2 36
2 55
3 6
3 15
3 26
3 36
4 7
4 10
4 13
4 15
4 26
5 21
5 22
5 28
5 37
5 49
6 15
6 36
6 55
7 10
7 13
7 18
7 26
8 28
8 30
8 35
8 53
9 11
9 14
9 24
9 35
9 38
9 42
9 53
10 26
11 19
11 24
11 25
11 26
11 28
11 33
11 35
11 41
11 51
12 23
12 31
12 47
12 49
13 15
13 16
13 18
13 33
14 17
14 24
14 38
15 16
15 26
15 54
15 55
16 33
16 51
16 54
17 19
17 24
17 38
18 26
18 33
19 24
19 27
19 29
19 38
19 41
19 42
20 25
20 45
20 55
21 22
21 29
21 37
21 49
22 28
22 30
22 37
22 42
22 53
23 49
25 28
25 32
25 45
25 49
25 50
26 32
26 33
26 36
27 29
27 41
27 46
27 51
28 30
28 35
28 49
29 42
29 43
29 46
29 49
30 53
31 44
31 47
31 49
32 36
33 51
34 39
34 40
34 47
34 48
34 52
35 53
38 42
39 47
39 56
40 52
41 51
42 53
43 46
43 48
43 49
43 52
43 56
44 47
44 49
44 56
45 50
45 55
46 48
47 48
47 56
48 52
49 50
49 55
49 56
50 55
51 54
Case #36: 272
1 42
1 60
1 73
1 92
2 12
2 17
2 34
2 63
3 5
3 10
3 13
3 30
3 67
3 89
4 83
4 98
5 13
5 89
6 44
6 46
6 71
6 80
7 10
7 12
7 16
7 19
7 20
7 37
8 12
8 35
8 41
9 10
9 25
9 30
9 52
9 55
10 16
10 17
10 19
10 21
10 22
10 23
10 25
10 29
10 30
10 32
10 37
10 40
10 41
10 45
10 46
10 50
10 56
10 60
10 66
10 70
10 72
10 86
10 90
11 29
11 33
11 53
11 60
12 19
12 20
12 26
12 34
12 35
12 38
12 41
12 46
12 51
12 63
12 64
12 78
12 85
12 89
13 67
13 89
14 17
14 34
14 38
14 90
15 61
15 62
15 81
15 95
16 20
16 32
17 34
17 63
17 70
17 90
18 36
18 38
18 40
18 78
18 90
19 37
19 64
19 66
20 32
20 85
21 32
21 45
21 85
22 27
22 28
22 56
22 69
22 70
23 39
23 50
23 74
23 86
23 91
23 93
23 96
24 72
24 86
24 97
24 99
25 52
25 65
25 66
25 68
26 36
26 46
26 76
26 78
27 51
27 69
27 70
28 47
28 56
28 69
29 49
29 53
29 54
29 60
29 72
29 75
29 79
29 92
30 55
30 67
31 50
31 58
31 91
31 94
32 85
33 53
33 60
34 38
35 41
35 45
35 85
36 40
36 76
36 78
36 88
38 78
38 90
39 74
39 91
39 94
40 44
40 46
40 48
40 77
40 80
40 88
40 90
41 45
42 43
42 60
42 79
42 92
43 49
43 60
43 75
43 79
43 82
43 87
44 46
44 48
44 80
45 85
46 48
46 71
46 76
47 51
47 56
47 69
47 81
49 72
49 75
49 82
49 87
50 58
50 59
50 83
50 91
51 63
51 69
51 70
52 55
52 65
52 89
53 54
53 60
53 73
54 73
54 92
55 67
55 89
56 61
56 81
57 74
57 86
57 89
57 93
57 97
57 99
58 59
58 94
59 83
59 98
60 73
60 87
60 89
61 62
61 81
62 84
62 95
63 70
64 65
64 66
64 68
64 89
65 68
65 89
66 68
67 89
71 76
71 77
71 80
71 88
72 86
72 87
72 99
73 92
74 89
74 93
74 94
74 96
75 79
76 88
77 80
77 88
79 92
82 87
83 98
84 95
86 93
86 97
87 89
87 99
89 99
91 94
93 96
97 99
Case #37: 275
1 2
1 33
1 41
1 64
1 66
2 33
2 49
2 66
2 76
3 13
3 27
3 28
3 53
3 57
4 18
4 58
4 64
4 83
4 84
5 14
5 34
5 38
5 85
5 95
6 56
6 61
6 76
6 81
6 94
7 27
7 34
7 38
7 42
7 87
8 19
8 27
8 46
8 47
8 91
9 33
9 49
9 64
9 67
9 68
10 31
10 69
10 76
10 92
10 93
11 12
11 17
11 27
11 35
11 52
12 17
12 35
12 51
12 85
13 27
13 35
13 51
13 53
14 15
14 82
14 85
14 95
15 39
15 75
15 82
15 85
16 64
16 74
16 78
16 81
16 94
17 52
17 63
17 85
18 25
18 64
18 65
18 83
19 47
19 80
19 85
19 91
20 25
20 65
20 67
20 68
20 76
21 27
21 39
21 44
21 75
21 86
22 27
22 40
22 45
23 30
23 37
23 59
23 76
23 89
24 55
24 64
24 76
24 77
25 64
25 65
25 67
26 27
26 48
26 50
26 79
26 87
27 28
27 34
27 35
27 39
27 43
27 44
27 45
27 46
27 48
27 52
27 64
27 73
27 76
27 82
27 87
27 90
27 91
27 95
28 44
28 57
28 72
29 43
29 48
29 60
29 79
29 85
30 37
30 59
30 64
30 96
31 32
31 70
31 76
31 93
32 64
32 70
32 84
32 93
33 49
33 64
34 38
34 95
35 51
36 69
36 76
36 92
37 64
37 74
37 89
38 42
38 85
39 75
39 82
40 45
40 60
40 73
40 85
41 54
41 64
41 66
41 71
42 50
42 85
42 87
43 48
43 60
43 73
44 72
44 86
45 73
46 47
46 85
47 85
48 79
49 68
49 76
50 79
50 85
50 87
51 53
51 85
52 63
52 90
53 57
53 85
54 62
54 64
54 71
54 96
55 64
55 77
55 88
56 61
56 64
56 88
56 94
57 72
57 85
58 70
58 76
58 83
58 84
59 62
59 76
59 96
60 73
60 85
61 76
61 77
61 88
62 71
62 76
62 96
63 80
63 85
63 90
64 67
64 74
64 84
64 88
64 92
64 93
64 94
64 96
65 76
65 83
66 71
66 76
67 68
68 76
69 76
69 92
70 76
70 84
71 76
72 85
72 86
74 78
74 89
75 85
75 86
76 77
76 78
76 81
76 83
76 85
76 89
77 88
78 81
78 89
79 85
80 85
80 90
80 91
81 94
82 95
85 86
90 91
92 93
Case #38: 179
1 3
1 32
1 59
1 66
2 7
2 15
2 17
2 28
2 33
2 38
2 40
2 43
2 46
2 47
2 48
2 49
2 64
3 11
3 26
3 32
3 34
3 58
3 59
4 8
4 43
4 60
5 39
5 50
5 51
6 18
6 20
6 44
6 65
7 8
7 21
7 43
7 47
8 14
8 21
8 43
8 60
9 24
9 35
9 45
10 23
10 29
10 36
10 37
10 62
11 12
11 34
11 58
12 30
12 31
12 34
12 58
13 17
13 26
13 33
13 41
13 54
14 21
14 47
14 60
14 64
15 38
15 46
15 61
16 19
16 22
16 53
16 57
17 26
17 30
17 31
17 33
17 34
17 49
17 54
18 44
18 56
18 65
19 22
19 37
19 49
19 57
19 65
20 35
20 44
20 45
20 64
21 47
22 37
22 53
23 25
23 28
23 36
23 37
23 39
23 40
23 49
24 28
24 35
24 45
24 46
24 52
25 28
25 39
25 50
26 27
26 30
26 41
26 54
26 58
26 60
26 64
27 41
27 42
27 43
27 60
27 63
28 36
28 40
28 50
28 52
28 55
29 37
29 52
29 53
29 62
30 31
30 58
31 34
32 34
32 59
32 66
33 41
33 48
35 45
35 52
35 53
35 57
35 65
36 39
36 52
36 55
36 62
37 49
37 53
38 61
38 64
39 50
39 51
39 55
40 49
41 48
41 63
42 43
42 60
43 48
43 60
43 63
45 46
45 61
45 64
46 61
47 64
48 63
50 51
50 55
51 55
52 53
52 62
53 57
56 65
57 65
59 66
60 64
61 64
Case #39: 281
1 20
1 36
1 44
1 78
1 82
2 13
2 18
2 27
2 41
2 69
2 74
2 75
2 79
2 96
3 14
3 15
3 25
3 55
3 91
3 92
4 22
4 26
4 40
4 63
4 80
5 34
5 38
5 46
5 91
6 8
6 29
6 31
6 88
6 98
7 23
7 44
7 60
7 78
7 87
8 29
8 50
8 65
8 84
8 98
9 13
9 19
9 72
9 75
10 22
10 34
10 46
10 63
10 91
11 20
11 36
11 59
11 62
11 76
11 95
12 15
12 24
12 42
12 45
12 91
13 19
13 27
13 75
14 15
14 17
14 25
14 53
14 70
15 24
15 53
15 70
15 91
16 21
16 41
16 58
16 69
16 79
17 25
17 37
17 55
17 70
18 41
18 79
19 27
19 72
20 36
20 59
20 64
20 76
20 78
21 22
21 26
21 42
21 48
21 58
21 70
21 74
21 79
22 26
22 42
22 46
22 63
23 39
23 47
23 77
23 78
23 87
23 89
24 42
24 45
24 70
25 55
26 40
26 74
27 72
27 74
27 83
28 50
28 54
28 66
28 84
29 31
29 47
29 54
29 56
29 66
29 84
30 32
30 43
30 49
30 77
30 92
30 99
31 39
31 47
31 78
31 88
32 37
32 49
32 92
33 37
33 48
33 51
33 71
34 46
34 91
35 57
35 73
35 85
35 94
36 62
36 82
36 99
37 43
37 49
37 55
37 66
37 68
37 70
37 71
37 92
37 94
38 42
38 46
38 91
39 47
39 78
40 74
40 80
41 69
41 79
42 45
42 46
42 70
42 91
43 49
43 66
43 77
44 60
44 77
44 78
44 82
47 56
47 66
47 77
48 51
48 57
48 61
48 70
48 71
50 65
50 66
50 68
50 84
50 90
51 61
51 85
51 94
52 68
52 81
52 90
52 93
53 70
54 66
54 84
55 92
56 66
57 61
57 67
57 68
57 73
57 85
57 93
58 69
58 74
59 64
59 76
59 83
59 95
59 99
60 77
60 87
61 85
62 86
62 95
62 99
63 74
63 80
63 91
63 92
64 78
64 83
65 90
65 98
66 68
66 77
67 68
67 73
67 94
68 90
68 93
68 94
69 74
70 71
72 75
72 79
72 96
72 97
73 94
74 80
74 83
74 92
74 99
75 96
77 82
77 87
77 89
78 88
79 96
79 97
81 88
81 90
81 93
82 99
83 99
85 94
86 95
86 99
87 89
88 90
88 93
88 98
90 98
91 92
92 99
95 99
96 97
Case #40: 262
1 10
1 12
1 31
1 33
2 17
2 43
2 72
2 83
3 4
3 20
3 40
3 63
3 77
3 92
4 30
4 38
4 77
4 92
5 35
5 37
5 53
5 91
6 28
6 44
6 46
6 47
6 50
6 54
7 15
7 19
7 29
7 32
7 53
7 71
7 81
7 84
8 11
8 60
8 64
8 65
8 69
9 19
9 29
9 37
9 71
9 84
10 12
10 31
10 57
11 13
11 60
11 62
11 64
11 78
11 83
12 33
12 42
12 57
13 27
13 51
13 60
13 62
14 45
14 61
14 81
14 85
15 32
15 34
15 84
16 41
16 43
16 72
16 74
16 82
17 69
17 72
17 82
17 83
18 35
18 85
18 91
19 29
19 37
19 53
20 40
20 63
20 88
21 23
21 32
21 56
21 86
21 93
22 28
22 54
22 66
23 25
23 32
23 58
23 59
23 81
23 86
24 36
24 39
24 52
24 57
24 70
25 48
25 58
25 67
25 86
26 40
26 46
26 55
26 88
27 31
27 33
27 51
27 60
27 62
27 65
27 69
28 44
28 54
28 66
29 71
30 36
30 38
30 40
30 77
31 33
31 57
31 62
31 68
32 34
32 81
32 93
33 36
33 39
33 42
33 57
33 69
33 70
33 76
33 92
34 56
34 84
34 93
35 37
35 85
35 91
36 38
36 40
36 57
36 70
36 92
37 53
37 73
37 82
37 84
37 85
38 92
39 52
39 57
39 76
40 44
40 50
40 57
40 75
40 77
40 88
41 74
41 82
41 89
42 57
43 62
43 72
43 74
43 75
43 83
44 50
44 66
44 75
44 84
44 86
45 61
45 81
46 50
47 50
47 54
48 58
48 67
48 80
48 86
48 90
49 55
49 63
49 88
50 54
50 66
51 60
52 70
52 76
53 81
53 91
54 66
55 63
55 88
56 84
56 86
56 93
57 62
57 68
57 75
58 59
58 67
58 90
59 69
59 79
59 80
59 81
59 87
59 90
60 65
61 69
61 81
61 82
61 85
62 68
62 75
62 83
63 88
63 92
64 69
64 78
65 69
69 78
69 81
69 83
70 76
71 84
72 82
73 75
73 82
73 84
74 75
74 89
75 82
75 84
75 89
78 83
79 80
79 87
79 90
80 86
80 90
81 85
81 91
82 85
82 89
84 86
85 91
87 90
Case #41: 280
1 22
1 24
1 60
1 80
2 3
2 7
2 14
2 24
2 51
2 62
2 63
2 66
2 73
2 76
3 16
3 20
3 66
3 83
3 89
3 93
4 35
4 36
4 67
4 98
5 40
5 59
5 61
5 64
5 65
5 91
6 18
6 53
6 78
6 86
6 88
7 14
7 45
7 73
8 12
8 38
8 46
8 47
8 61
8 91
8 99
9 38
9 46
9 47
9 99
10 17
10 37
10 52
10 54
11 20
11 27
11 41
11 71
11 78
11 87
11 92
11 94
12 38
12 60
12 61
12 65
13 34
13 45
13 51
13 60
13 63
13 75
13 76
14 45
14 51
15 24
15 65
15 80
15 81
16 35
16 49
16 83
17 21
17 44
17 52
17 54
17 58
17 82
18 41
18 53
18 78
18 92
19 48
19 70
19 71
19 83
19 87
19 92
20 27
20 48
20 66
20 93
20 94
21 32
21 52
21 64
21 72
21 79
21 82
21 91
21 97
22 24
22 60
22 90
23 25
23 30
23 35
23 43
23 50
23 58
23 67
23 85
24 28
24 63
24 80
24 81
24 90
25 30
25 50
25 57
25 72
26 37
26 52
26 74
27 29
27 66
27 68
27 69
27 78
27 88
28 33
28 55
28 63
28 75
28 90
28 95
29 39
29 42
29 68
29 69
30 43
30 72
31 56
31 62
31 77
31 96
32 59
32 64
32 65
33 75
33 95
34 63
34 76
35 49
35 67
35 98
36 43
36 67
36 72
36 98
37 52
37 54
37 58
37 74
38 60
38 99
39 42
39 66
39 68
40 64
40 91
41 78
41 92
42 66
42 69
42 96
43 67
43 72
44 58
44 82
44 84
45 51
45 60
45 73
45 77
46 47
46 49
46 60
46 72
46 83
46 92
47 99
48 70
48 83
48 89
48 93
48 94
49 72
49 83
49 98
50 57
50 85
51 76
52 57
52 72
52 74
53 60
53 69
53 77
53 88
53 92
53 96
54 58
55 60
55 90
55 95
56 62
56 77
57 72
57 74
57 85
58 74
58 84
58 85
58 97
59 64
59 65
60 65
60 75
60 77
60 80
60 90
60 92
60 95
61 65
61 91
62 66
62 73
62 77
62 96
63 75
63 76
64 91
65 80
66 68
66 96
69 88
69 96
70 71
70 94
71 87
71 94
72 91
72 98
73 77
74 85
75 95
77 96
78 86
78 88
79 82
79 84
79 97
80 81
82 84
83 89
83 92
84 97
86 88
87 92
89 93
Case #42: 36
1 4
1 5
1 15
2 4
2 7
2 10
2 11
2 12
2 15
2 16
3 6
3 9
3 12
3 13
4 5
4 6
4 16
5 8
5 15
6 9
6 12
6 14
6 16
7 14
7 16
8 10
8 15
9 12
10 11
10 13
10 15
11 12
11 13
12 13
12 14
14 16
Case #43: 131
1 12
1 16
1 22
1 23
1 40
1 42
1 43
2 4
2 33
2 41
3 5
3 13
3 14
3 34
3 46
4 6
4 7
4 26
4 33
4 41
4 48
5 8
5 34
5 37
5 39
5 40
5 46
6 7
6 15
6 20
6 26
6 36
6 45
7 15
7 33
7 44
8 14
8 27
8 37
8 46
9 16
9 22
9 40
9 43
10 15
10 16
10 17
10 40
11 29
11 30
11 31
11 37
11 38
11 42
11 47
12 16
12 17
12 42
13 14
13 19
13 34
14 19
14 27
14 37
14 38
14 46
15 17
15 18
15 19
15 25
15 28
15 35
15 38
15 39
15 45
16 40
17 38
17 42
18 19
18 24
18 39
19 24
19 34
19 38
20 26
20 36
20 48
21 23
21 30
21 31
21 32
21 42
22 40
22 43
23 31
23 40
23 42
24 34
24 39
25 28
25 35
25 36
25 39
25 45
26 48
27 37
28 45
29 37
29 47
30 31
30 32
30 42
31 32
31 37
31 40
33 41
33 44
34 39
35 39
36 39
36 40
36 45
36 48
37 38
37 40
37 47
38 42
38 47
39 40
41 44
41 48
Case #44: 251
1 44
1 58
1 89
2 13
2 29
2 33
2 46
3 7
3 10
3 39
3 80
4 14
4 38
4 42
4 74
5 18
5 39
5 52
5 60
6 22
6 26
6 68
6 71
6 73
7 10
7 60
7 70
7 80
8 24
8 32
8 44
8 58
9 11
9 45
9 53
10 14
10 16
10 23
10 32
10 39
10 44
10 70
10 74
11 30
11 40
11 45
11 53
11 56
12 17
12 19
12 39
12 44
12 51
12 85
13 29
13 46
13 67
13 69
13 82
13 89
14 38
14 70
14 74
15 16
15 40
15 43
16 23
16 28
16 30
16 40
16 43
16 55
16 74
17 19
17 52
17 85
18 50
18 52
18 60
19 51
19 52
19 69
20 31
20 62
20 78
20 79
20 86
21 22
21 68
21 71
22 26
22 67
22 68
22 71
22 83
23 25
23 27
23 34
23 35
23 55
23 61
23 65
23 66
23 81
24 32
24 46
24 58
25 61
25 62
25 79
25 81
26 32
26 36
26 73
26 83
27 28
27 34
27 43
27 55
27 79
28 43
28 55
29 32
29 33
29 76
29 82
29 84
30 40
30 42
30 49
30 54
30 56
30 64
30 74
31 43
31 59
31 62
31 78
31 79
32 33
32 36
32 44
32 46
32 57
32 65
32 77
32 83
33 46
34 35
34 79
35 79
35 81
36 68
36 73
36 84
37 47
37 61
37 63
37 66
37 77
37 87
38 42
38 49
38 59
38 64
38 70
39 44
39 52
39 60
39 80
39 85
40 43
40 45
40 53
41 44
41 51
41 88
41 89
42 49
42 74
43 45
43 59
43 79
44 51
44 58
44 89
45 53
45 56
45 59
46 58
46 89
47 61
47 63
47 75
47 83
48 67
48 72
48 82
48 84
49 64
50 52
50 60
50 69
51 69
51 88
52 69
52 85
54 56
54 59
54 64
56 59
57 63
57 75
57 77
57 83
58 89
59 60
59 64
59 69
59 70
60 69
60 70
60 80
61 66
62 78
62 79
62 86
63 75
63 77
65 66
65 77
65 87
66 87
67 68
67 82
67 84
68 71
68 73
68 84
69 88
69 89
72 82
72 84
75 83
76 82
76 84
77 87
78 86
79 81
82 84
88 89
Case #45: 282
1 18
1 34
1 40
2 14
2 24
2 53
2 57
2 60
2 88
2 94
3 9
3 43
3 46
3 68
4 11
4 17
4 55
4 59
4 99
5 28
5 71
6 29
6 41
6 50
6 54
6 58
6 74
6 78
6 85
6 89
6 97
7 18
7 27
7 38
7 53
7 60
7 75
7 88
7 90
8 10
8 28
8 87
8 92
9 46
9 61
9 68
10 31
10 71
10 87
10 92
11 55
11 59
11 64
11 82
11 90
12 53
12 57
12 91
13 50
13 65
13 76
13 86
13 90
14 24
14 26
14 38
14 56
14 72
14 75
14 88
15 45
15 46
15 61
15 70
15 73
15 98
16 20
16 22
16 49
16 93
17 59
17 82
17 99
18 34
18 36
18 40
18 53
18 55
18 90
18 91
18 95
18 100
19 25
19 31
19 93
20 49
20 63
20 67
20 92
20 93
21 22
21 33
21 37
21 47
22 33
22 37
22 49
22 63
22 67
22 93
23 34
23 36
23 77
23 81
23 96
24 26
24 94
25 31
25 92
25 93
26 56
26 94
27 30
27 31
27 89
27 90
28 71
28 87
29 30
29 39
29 48
29 54
29 78
29 90
30 48
30 74
30 89
30 90
31 71
31 89
31 92
31 93
32 38
32 56
32 62
32 80
32 83
33 47
33 67
34 36
34 40
34 77
34 81
34 95
35 41
35 48
35 58
35 74
35 85
36 42
36 55
36 77
36 95
36 96
37 47
37 52
37 63
38 56
38 72
38 75
39 44
39 54
39 65
39 86
39 90
39 97
40 57
40 81
40 100
41 58
41 85
42 51
42 55
42 79
42 96
43 46
43 63
43 68
43 92
43 98
44 50
44 86
44 97
45 69
45 70
45 73
46 61
46 98
47 52
47 63
47 67
48 74
48 78
48 85
49 67
50 63
50 64
50 81
50 82
50 86
50 89
50 90
50 97
50 99
51 66
51 79
51 81
51 96
51 99
52 63
53 57
53 60
53 91
54 97
55 79
55 90
55 99
56 83
56 94
57 81
57 91
57 94
57 100
58 74
59 82
60 88
61 68
61 73
61 84
62 80
62 83
63 67
63 68
63 80
63 81
63 84
63 89
63 93
64 82
64 90
65 76
65 86
65 90
66 81
66 96
68 84
69 70
69 73
69 98
70 98
71 87
72 75
73 84
73 98
74 89
75 88
76 90
78 85
79 99
80 81
80 83
80 84
80 94
80 98
81 94
81 96
81 99
82 99
83 94
84 98
91 100
92 93
Case #46: 279
1 18
1 61
1 64
1 67
1 93
2 14
2 40
2 50
2 62
2 70
2 71
2 89
2 94
3 32
3 81
3 89
4 54
4 69
4 76
4 90
4 97
5 25
5 27
5 66
6 13
6 14
6 70
7 23
7 35
7 43
7 63
8 18
8 22
8 28
8 30
8 82
9 13
9 26
9 45
9 52
9 57
9 65
9 83
9 96
9 98
10 16
10 45
10 56
10 68
11 13
11 36
11 41
11 47
11 64
11 67
11 70
11 83
12 39
12 53
12 84
12 99
13 14
13 33
13 40
13 43
13 52
13 70
13 83
14 40
14 62
14 70
15 16
15 20
15 45
15 68
16 20
16 56
16 68
17 55
17 73
17 81
17 89
18 22
18 67
18 82
18 83
18 93
19 25
19 27
19 35
19 38
19 43
19 52
20 34
20 44
20 45
20 56
20 72
20 76
20 88
20 91
21 78
21 80
21 86
22 28
22 93
23 38
23 63
23 74
24 30
24 46
24 83
24 98
25 27
25 38
25 44
25 66
26 39
26 45
26 53
26 65
26 92
27 51
27 52
27 66
28 30
28 49
28 76
28 77
28 93
28 97
29 48
29 58
29 76
29 80
29 95
30 46
30 49
30 59
30 82
30 83
31 60
31 75
31 79
31 90
32 33
32 71
32 81
32 89
33 40
33 71
33 81
33 94
34 37
34 56
34 57
34 76
34 77
34 85
34 92
34 98
34 100
35 38
35 63
36 41
36 47
37 57
37 96
37 98
38 44
38 63
38 74
39 45
39 53
39 99
40 50
40 94
41 47
41 54
41 78
41 97
42 54
42 60
42 69
42 75
43 52
44 51
44 66
44 72
44 87
45 52
45 56
45 68
45 88
45 91
45 99
46 59
46 98
47 64
47 97
48 80
48 95
49 59
49 77
50 94
51 52
51 66
51 72
51 87
52 72
52 91
53 84
53 92
53 99
54 69
54 75
54 78
54 97
55 73
55 89
56 92
56 99
57 65
57 92
57 96
58 76
58 80
59 77
59 85
59 98
59 100
60 69
60 75
60 90
61 64
61 93
61 97
62 70
63 74
64 67
64 97
65 92
66 87
67 83
69 90
70 78
70 89
71 89
71 94
72 91
73 78
73 89
75 78
75 79
75 90
75 95
76 77
76 90
76 95
76 97
77 85
78 86
78 89
78 95
79 90
80 86
80 95
81 89
82 83
83 98
84 99
85 100
86 95
88 91
90 95
92 99
93 97
96 98
98 100
Case #47: 59
1 2
1 5
1 6
1 12
1 15
1 18
1 20
1 24
2 6
2 9
2 11
2 22
3 4
3 8
3 14
3 22
3 23
4 22
4 23
5 10
5 12
5 18
5 20
6 9
6 17
7 16
7 19
7 21
7 22
7 23
8 11
8 14
8 23
9 11
9 15
9 17
10 15
10 18
11 14
11 22
11 23
12 20
12 24
13 15
13 16
13 19
13 21
14 22
15 17
15 18
15 19
15 23
16 21
16 22
18 20
19 21
19 23
20 24
22 23
Case #48: 40
1 3
1 5
1 7
1 11
1 12
1 13
1 17
2 9
2 11
2 13
2 16
2 17
3 12
3 15
3 16
3 17
4 5
4 7
4 9
4 14
5 7
5 13
5 14
6 8
6 16
6 17
7 9
7 14
8 15
8 16
8 17
9 13
10 11
10 13
11 13
11 17
12 17
15 16
15 17
16 17
Case #49: 17
1 2
1 5
1 6
1 8
1 9
2 4
2 8
3 4
3 5
3 7
4 7
4 8
4 9
5 6
5 7
5 9
6 9
Case #50: 21
1 2
1 7
1 8
2 3
2 5
2 6
2 7
2 9
3 4
3 8
3 9
4 8
4 9
4 10
5 6
5 7
6 7
6 9
6 10
7 10
9 10
