10
10 1 33
21 18 14
6 19 1
17 21 27
8 24 12
22 9 17
34 16 22
28 24 31
11 10 15
14 7 16
19 25 11
25 29 61
41 66 70
94 14 13
1 87 48
14 65 22
22 48 34
11 97 93
38 72 6
3 11 47
36 42 43
1 1 23
19 15 2
3 1 22
5 1 25
13 15 14
3 20 3
19 22 25
16 15 12
16 12 3
43 33 97
77 10 45
87 24 46
89 24 43
58 61 89
1 0 19
8 17 19
25 13 34
10 2 15
9 7 11
10 11 4
7 12 4
2 2 4
16 15 3
8 2 11
4 4 13
13 4 7
9 14 6
7 4 11
16 49 6
99 57 54
55 91 39
5 37 68
54 66 36
28 7 32
32 86 66
68 59 18
52 68 68
10 5 65
9 2 10
11 6 7
3 11 1
10 7 2
1 2 1
6 9 7
11 1 4
11 8 9
4 5 2
5 6 8
64 85 30
77 83 28
57 35 71
85 51 95
38 81 46
3 36 1
33 59 86
93 47 19
27 28 10
7 0 44
45 3 4
39 39 5
39 13 18
45 32 4
42 15 40
21 26 1
20 41 18
37 28 37
76 54 43
80 18 56
49 22 78
13 56 16
36 88 36
49 14 28
4 0 17
8 10 10
11 8 10
10 3 12
15 13 7
74 50 61
73 6 82
52 42 35
37 60 59
9 4 45
13 22 23
12 34 29
27 39 19
10 29 16
41 45 30
4 36 17
26 44 8
19 10 28
4 23 5
81 20 27
25 55 40
70 50 78
33 39 19
33 88 99
58 20 22
61 66 22
56 1 77
44 82 66
6 3 9
9 6 7
5 5 3
9 3 9
1 10 10
4 1 4
6 5 7
14 45 43
9 79 37
40 82 53
31 95 17
94 71 65
90 86 93
