10
2 1 26
16 4 24
16 9 7
2 5 5
2 4 7
1 1 2
1 3 3
9 8 1
4 1 40
36 4 23
28 36 32
35 29 15
18 1 8
10 7 8
4 8 6
5 1 10
2 5 1
2 1 24
16 4 10
9 15 5
1 5 1
2 5 1
2 1 46
23 27 22
22 36 14
2 8 3
5 2 4
5 3 28
29 2 29
20 29 10
11 22 12
26 26 7
5 22 8
10 6 4
3 10 6
1 8 9
3 2 4
2 5 5
4 3 27
17 24 11
20 24 2
27 28 6
27 17 2
1 10 6
3 9 5
1 10 5
8 8 7
5 2 2
3 1 1
2 2 1
2 3 3
3 3 2
1 1 3
3 2 7
10 1 1
5 8 5
10 4 10
2 7 3
5 2 19
10 16 3
7 5 19
12 3 19
11 16 15
17 10 3
7 10 2
4 9 6
5 1 8
9 7 10
8 8 5
2 0 33
12 33 31
12 20 3
8 9 2
1 6 4
