10
17 6 43
6 5 12
16 23 26
37 40 40
1 15 34
6 39 24
10 18 1
34 27 32
6 43 32
24 19 24
23 40 10
26 25 32
37 35 38
41 36 43
19 43 29
4 15 7
3 13 34
30 31 5
2 19 10
9 13 17
3 1 20
3 18 11
13 6 9
18 11 18
19 12 16
9 7 1
14 11 18
10 11 13
3 3 3
6 12 6
14 1 11
9 11 8
3 12 19
18 19 16
12 11 15
29 18 17
1 7 13
15 3 15
9 9 1
5 13 2
7 16 1
8 3 12
16 13 9
3 4 6
14 3 11
9 10 12
15 15 11
2 8 5
12 8 11
10 15 14
6 18 5
5 13 10
10 15 7
12 18 6
6 9 13
14 6 2
17 5 4
9 15 12
7 17 3
7 4 5
4 4 9
7 18 2
4 12 9
1 14 5
4 17 1
4 4 5
12 20 10
10 4 15
16 4 12
20 3 19
12 13 8
13 3 18
2 13 20
20 6 14
4 20 14
10 2 9
7 16 14
6 15 11
3 5 16
17 13 13
3 12 7
17 14 4
2 2 18
14 8 13
17 7 5
14 13 15
10 2 3
15 17 2
10 8 3
19 14 1
7 20 13
16 20 7
9 5 6
12 19 19
34 23 41
20 10 33
31 27 31
27 9 2
34 23 11
37 23 16
26 24 34
27 6 14
37 1 1
7 25 28
7 36 13
35 41 25
2 14 3
5 16 16
4 33 42
36 36 5
33 36 32
24 10 39
14 17 19
18 26 37
6 35 23
19 4 26
25 17 41
35 28 37
38 25 14
3 4 42
26 13 17
34 12 20
12 11 23
7 23 12
32 23 20
27 29 19
39 25 1
9 33 10
6 39 21
15 5 8
20 18 8
11 17 10
4 17 11
7 20 15
6 6 16
1 19 2
15 8 1
10 18 6
15 9 3
4 9 12
15 11 6
11 8 4
11 16 16
14 19 15
4 7 17
16 9 12
10 9 18
5 20 9
1 17 4
18 2 12
16 16 19
8 13 16
18 20 19
5 5 17
16 18 1
3 9 7
20 13 18
7 3 4
4 4 4
17 10 7
9 16 1
4 12 5
6 19 5
17 3 2
1 1 2
2 3 1
3 1 1
2 3 2
1 3 2
1 3 2
3 1 3
2 2 1
3 3 3
1 1 1
1 3 2
1 2 3
3 3 3
2 2 3
3 3 2
1 1 1
3 3 1
14 17 13
14 13 13
1 14 12
11 12 2
9 3 11
12 15 4
11 17 16
2 13 20
4 4 19
17 16 15
10 3 5
12 10 11
6 10 16
14 5 6
17 15 3
13 16 3
19 18 8
13 2 41
15 11 13
33 24 22
20 23 28
38 41 11
7 6 11
10 20 40
22 12 9
15 30 38
26 4 27
11 16 11
21 40 34
29 19 42
38 3 25
17 17 11
8 3 3
7 15 19
7 2 14
7 9 16
5 13 7
11 13 6
11 16 11
20 13 10
3 8 19
5 10 8
12 8 4
6 2 15
19 4 14
5 2 14
9 14 13
15 15 9
11 4 4
1 4 7
1 13 4
14 13 11
10 14 3
1 13 9
13 9 7
6 7 10
4 15 15
9 5 10
2 9 6
3 2 13
14 6 8
14 3 2
11 13 6
2 12 8
14 20 14
16 18 20
14 2 13
11 3 1
11 14 15
2 1 3
17 14 7
16 15 7
15 3 9
20 16 5
19 8 12
11 11 20
19 20 20
9 18 5
12 2 16
11 7 8
20 13 2
3 2 3
5 12 13
18 10 15
16 5 11
11 1 8
3 13 7
6 2 10
6 5 8
3 5 14
7 11 3
16 5 9
15 11 14
9 15 6
16 11 10
10 14 3
14 5 14
7 11 8
11 4 5
9 3 10
6 2 9
11 9 16
12 8 20
17 3 8
12 2 19
7 20 17
16 12 14
8 5 3
1 12 7
20 3 19
9 18 17
11 7 1
7 9 11
16 17 11
6 20 12
6 1 11
17 17 2
2 13 4
14 4 3
1 2 20
24 8 25
3 14 2
18 12 3
26 22 6
26 23 13
13 11 20
21 19 1
10 4 8
15 3 13
16 18 10
12 14 4
25 4 24
18 15 10
10 1 8
15 3 9
20 1 18
24 12 17
24 17 10
24 17 8
16 6 26
5 23 16
25 25 11
26 5 17
10 16 5
8 19 7
1 1 14
5 3 4
20 3 17
16 16 13
13 17 7
11 14 12
20 19 10
14 4 19
7 4 5
3 8 1
15 16 2
6 14 17
16 13 14
10 2 10
1 8 20
17 12 10
12 19 19
15 7 17
13 6 13
15 12 5
16 10 3
6 13 11
19 9 15
2 9 8
22 14 31
14 28 16
23 24 20
29 14 3
30 11 14
12 12 2
1 6 1
31 4 24
21 19 9
28 18 1
21 2 26
4 2 10
30 7 30
14 8 11
11 22 18
4 29 1
13 28 31
3 28 15
14 1 22
14 28 23
7 28 14
18 15 20
31 23 1
13 3 18
2 15 13
20 12 1
9 9 11
10 2 10
19 11 9
13 20 16
4 8 5
11 13 14
18 3 13
6 2 10
17 6 17
7 4 1
6 9 6
17 6 15
3 14 12
1 6 13
8 18 6
5 16 8
1 6 6
1 4 9
7 6 16
43 22 35
16 29 30
32 21 12
15 23 12
28 34 11
36 19 17
18 5 29
29 5 10
36 27 35
16 35 10
17 1 15
30 17 34
29 19 10
33 22 1
18 3 17
34 8 27
5 15 26
2 25 6
1 29 2
1 4 30
12 10 4
3 29 13
27 29 24
10 4 34
12 32 20
28 14 35
5 31 23
22 14 15
23 9 36
28 23 29
32 1 20
7 10 22
18 25 20
21 34 33
1 8 4
16 6 5
2 21 32
21 19 23
24 2 5
6 2 17
11 10 7
1 20 34
7 2 26
34 20 18
16 10 13
16 16 18
3 16 2
20 11 16
7 8 6
14 14 19
4 7 19
20 14 14
15 2 4
3 9 13
11 1 1
20 20 13
7 16 19
12 4 16
17 12 18
11 3 15
3 14 9
3 10 19
12 1 5
7 16 10
4 20 2
1 9 16
11 3 2
20 7 17
18 10 7
9 8 4
7 18 10
10 17 4
4 8 5
9 19 13
3 14 14
1 20 10
16 20 8
18 7 6
1 7 7
1 15 16
13 1 11
10 13 19
5 18 5
14 5 14
7 9 5
3 11 8
9 12 10
