10
49 850 47
15 4 8
5 39 15
21 16 1
18 26 46
17 30 25
38 1 36
20 38 47
28 35 14
12 31 2
35 46 13
31 13 46
8 32 40
27 23 11
7 22 36
13 28 36
31 4 18
47 24 37
20 5 40
22 2 7
41 21 3
44 26 47
46 11 44
26 16 20
23 28 25
24 6 33
46 44 22
41 9 11
28 23 4
17 28 3
2 32 18
25 39 31
29 40 42
22 47 4
10 19 14
21 22 24
22 6 4
10 21 6
11 36 14
26 40 18
39 9 13
23 26 15
45 7 8
42 34 13
33 32 8
6 13 40
47 37 38
44 44 13
44 13 40
10 32 31
40704 24936 24009
32328 76579 63418
77362 27126 29367
14853 89834 37942
58405 66450 99010
37261 81257 77727
17923 98483 67155
64319 99877 99667
72744 52277 49369
65549 76001 10237
89441 8212 82858
63140 90386 40657
55525 37675 11737
53822 89029 60775
25843 80907 5459
19588 76723 36700
32909 36861 68000
20168 22626 16006
90484 80988 9111
99683 96414 22839
32101 6798 18625
73356 92632 99956
84179 83906 25393
91353 85855 60855
26597 52591 63587
44761 99805 95971
25491 30988 70964
27057 20468 34599
15484 83306 41601
82582 14585 25973
29674 14777 87204
82764 15792 29988
29225 47898 39595
76605 34889 21732
20036 96130 92505
52829 94683 28160
12545 40432 53666
40092 9023 43417
76511 66190 36577
54956 65614 40289
61294 67405 31101
4917 85406 65207
44335 99869 99837
52086 29274 92706
76524 10796 69416
33437 30400 29391
37562 53281 16801
75849 72896 33903
98477 46359 68194
49 2036 6
3 1 6
6 4 6
1 4 1
7 1 1
2 4 7
4 3 3
5 5 4
1 4 6
2 7 5
7 7 6
4 6 6
3 4 4
6 6 3
3 5 7
4 6 2
2 3 6
3 1 2
6 6 2
1 7 4
3 3 4
2 2 5
4 4 5
4 1 2
5 7 6
5 4 5
2 7 1
1 7 3
6 1 6
4 3 2
3 3 5
7 1 4
1 2 7
5 2 7
2 2 6
4 1 7
7 5 1
6 1 4
6 4 2
4 3 4
3 6 3
2 5 7
4 5 7
2 3 7
7 3 6
4 7 4
5 2 3
4 4 3
5 4 3
5 1 2
34497 16798 83802
66929 72412 27996
61475 83532 89100
78526 46543 78589
59948 88751 28259
19531 12361 7663
51448 37136 50119
72305 86427 27992
43484 95773 38316
49349 9172 61231
99647 55853 13195
84886 34462 74874
89974 75862 35972
80425 90746 94118
39395 78444 42547
82099 36063 60008
40015 43036 42353
48087 76209 41459
71622 51112 38414
4322 51326 28026
27475 95204 31341
38500 6461 35975
34364 64272 79295
31953 57641 20412
2944 84504 98115
21336 48762 24712
10191 1066 83708
18529 33286 21005
70537 68439 88852
57965 18103 17968
59195 52684 54609
97225 34126 8289
63926 89714 40950
61460 6743 50829
32625 98211 44637
36883 38957 24481
25728 5871 38322
3761 96849 75937
39861 47215 52689
21436 88550 79655
81080 81416 20707
85468 92239 20609
23458 53315 95318
77782 88395 58725
54591 82891 63708
85057 37873 77335
68931 97127 12070
21607 96007 77470
54349 30457 23488
49 973 12
10 9 11
5 10 8
8 1 11
5 13 11
9 1 9
1 10 6
7 8 9
3 1 2
12 10 9
5 7 4
13 10 9
9 10 12
12 4 12
5 4 11
4 11 7
12 6 2
12 11 7
5 1 6
9 10 5
13 1 2
12 10 3
10 7 2
5 10 8
2 12 12
5 10 10
11 10 4
10 3 6
13 9 1
5 11 4
6 5 9
2 13 6
9 5 2
10 8 4
5 13 9
9 6 13
10 8 12
6 5 1
12 9 4
6 9 13
9 12 9
4 10 8
5 10 5
5 7 8
2 8 7
9 4 10
13 12 8
7 3 7
3 6 5
5 12 2
4762 68445 35221
31552 61430 3211
68516 34382 7951
2611 9857 96403
7891 11461 33282
11639 19682 50496
87602 20022 28944
25052 27951 57599
36679 45441 35404
71189 64195 15214
58161 77842 42740
11635 20886 1407
92191 10615 24556
59166 37566 36498
88468 76640 26267
2388 13221 30351
53433 44061 71498
72389 45771 38275
22018 95155 37627
85647 95647 9500
23141 52736 2951
40119 91161 97510
66294 47024 20924
79720 2106 62471
45895 28319 7638
72975 15431 43480
38623 86513 61275
52662 6146 79527
54618 24462 18524
513 81258 91274
45376 55587 69354
50759 21013 51397
52201 53910 47990
52114 17484 59742
71088 75817 44588
75000 72487 31583
7798 9522 97809
82491 36937 97389
35929 63673 38331
46399 2365 19752
48981 53650 30385
76844 21330 3683
61850 28668 11172
19204 85396 88389
47087 85274 86349
66437 57964 26047
39783 87825 97160
27169 31770 52335
30370 16994 17871
49 549 50
22 32 46
3 24 46
25 21 5
41 37 10
19 42 35
23 50 48
11 1 43
7 44 6
50 30 13
23 37 48
33 12 34
13 6 28
25 23 6
9 49 28
23 43 36
29 11 43
34 18 21
14 17 21
35 39 15
26 28 45
12 33 16
5 6 10
30 45 19
37 42 18
46 15 12
28 19 24
3 43 21
12 19 48
22 37 12
24 45 32
20 17 25
8 6 10
49 1 28
19 31 48
9 2 48
48 6 5
23 14 1
43 48 11
7 47 10
46 8 38
10 18 33
7 38 12
20 17 12
4 28 34
28 27 42
41 16 1
32 48 10
46 35 37
18 27 6
17486 33306 82610
52171 87843 59134
71431 12477 19475
48433 41657 49908
59518 2628 29488
96506 15926 78330
88041 24140 88258
82186 27700 98651
19932 23873 29175
23598 29843 32253
18889 22303 67562
65363 49048 65850
95063 99433 95044
10113 57221 68253
1921 97770 99730
36508 88921 60639
13970 57772 42216
49053 90122 88706
57694 27862 35957
77965 449 81263
37443 9161 86600
98882 50453 78605
39681 6429 29635
59550 96299 6722
25846 89561 92285
8645 36942 91341
8733 5137 39901
60318 37642 75811
23945 13124 37075
35757 13230 65578
84542 14741 52602
70479 43298 59731
57488 616 66125
97750 48165 65724
52350 92576 7942
49127 73548 67557
51408 77367 80733
22673 53623 40722
74736 42527 51840
33518 66804 74722
61286 89912 91534
51456 19384 55950
82295 76305 73273
56773 83036 42917
34016 51747 22108
32123 63254 34053
60878 47403 42618
98139 6200 39389
40416 27303 85721
50 124 18
2 14 17
5 3 7
9 12 16
3 10 8
1 10 1
9 10 12
12 6 12
18 12 9
15 4 1
5 4 14
4 7 9
18 2 14
18 10 10
7 4 12
5 14 9
9 2 6
14 10 10
17 17 2
16 16 5
12 8 11
5 17 10
14 14 13
14 13 16
16 10 8
15 5 19
4 17 15
5 4 6
6 1 2
9 9 6
15 7 8
19 15 4
1 11 18
3 5 10
1 1 9
10 9 19
14 3 7
17 5 16
8 16 1
11 9 14
1 4 2
17 19 17
14 10 1
6 9 11
3 4 12
1 10 16
7 17 8
16 1 14
19 7 19
18 9 8
16 3 8
56519 62904 26212
7603 3172 51574
62755 7279 44464
95235 901 72485
93304 23973 77776
75430 73338 45844
27772 93684 75050
79196 62392 90756
2353 5214 43302
87971 31945 29742
9819 51054 86338
3382 13184 62232
15713 80146 70131
26952 46012 65075
96551 47704 82943
36220 12831 85143
75497 45992 24375
47592 41999 50914
19035 29537 10073
907 84206 80973
80321 13815 1125
28202 63671 66768
88489 70124 92607
27282 44761 91640
57136 32429 8549
71338 97463 58183
70004 1487 50706
40855 69471 96300
59542 84907 48756
77717 89418 30883
31028 42455 32233
31155 94005 28974
28580 50981 43936
78799 20478 6069
57652 52544 64174
18067 4513 36507
56352 15524 45358
57967 35700 31586
15540 67583 59262
49943 81953 25249
95204 83046 33398
7583 82084 33154
62505 36921 65355
58933 52996 16482
40990 14971 28740
75455 32981 97060
73595 5067 69947
11381 82478 71670
85200 1032 63191
98369 54439 14759
50 287 15
6 7 15
5 4 12
11 1 5
4 16 4
9 5 5
16 1 11
7 10 3
4 4 9
7 2 1
10 12 13
5 15 3
14 12 11
3 6 4
7 4 5
3 1 4
3 15 8
5 10 4
1 12 9
2 5 4
3 13 16
9 14 11
4 14 5
9 4 7
6 7 9
16 5 7
1 4 7
2 11 6
8 3 12
12 6 9
13 14 3
10 10 12
6 11 4
6 11 8
16 1 15
3 7 9
5 12 4
9 3 14
9 4 5
3 10 16
9 10 15
6 2 8
7 4 6
3 16 10
16 9 16
16 14 8
15 15 3
3 10 3
6 3 2
16 2 4
11 10 4
24948 59230 8107
46864 51591 21095
84753 49709 88293
8679 92429 1476
45546 24307 57333
41141 98758 90995
4146 65713 80059
40644 73091 68225
9890 64982 81689
57918 64966 72111
23065 93879 89446
22631 14877 70894
8024 42698 25235
15195 65697 97721
5436 20327 73565
81705 74862 47603
23165 34274 73395
32815 11108 27553
20296 7555 75530
10550 42079 52713
24057 62919 25661
21584 10451 7819
87740 10619 72521
92240 86762 33504
96613 22038 41609
57002 53633 83602
1869 54616 41454
38476 99201 4443
92751 76769 59682
21692 59291 93121
52258 72787 11006
56370 23238 45649
94648 56811 1545
47415 83228 91738
25943 50909 29075
74207 40243 57612
86871 47791 42737
41636 90072 51217
40508 36151 65242
33156 83153 33452
22197 79544 53731
26653 10772 81232
85333 62009 18775
73990 48131 64835
28081 64071 59289
38993 82794 37747
90874 27021 65437
72798 6522 8888
34203 44594 73029
92898 60647 3659
50 1596 7
8 6 3
2 1 8
7 5 2
5 6 7
8 4 2
2 6 6
5 1 1
3 8 6
2 4 6
5 8 2
6 6 3
6 4 6
2 7 8
6 6 7
5 3 5
6 3 5
8 6 6
8 5 5
6 5 5
6 5 2
7 8 4
6 4 5
6 6 1
5 2 3
8 8 5
2 7 8
6 2 7
5 1 1
6 6 5
8 6 7
6 2 3
5 3 1
1 4 1
1 4 2
6 3 7
1 6 4
6 8 2
3 3 3
4 6 4
7 5 6
3 7 8
6 5 2
4 8 4
2 5 8
5 6 3
7 3 1
1 1 2
1 7 7
4 8 1
6 8 7
93927 76399 36310
2878 5563 88861
76044 73685 36469
53898 47852 16935
90658 13626 43996
68801 24929 48325
93908 59623 83141
9817 227 19760
58934 34039 80747
14661 97775 94898
60161 76902 18945
12083 62862 55269
42511 49911 63824
84776 66001 83599
55673 79403 38001
77886 5967 51484
61008 24095 54347
80734 47938 43773
39226 34662 85454
75641 18367 88417
99279 67560 59567
95372 99253 99218
99731 28122 83525
67124 12554 69266
16757 1247 40996
81167 69585 7351
27656 84798 73049
62708 32687 67459
38560 17636 94566
43636 44590 46599
31024 63036 32191
24626 20514 42842
66979 88173 14438
59072 44444 92533
17208 69844 54434
14938 15116 54002
66594 60002 65542
49575 53083 36421
50432 48984 73280
87918 91463 5401
33113 66016 9119
40407 54433 64079
43259 99887 34217
12035 59621 63092
99956 761 58716
2669 26393 74561
74833 4404 53317
8097 62601 75320
67158 27472 82046
90972 41569 87516
50 588 45
28 15 38
43 38 27
45 40 38
9 15 16
23 15 27
15 15 11
36 5 13
22 28 15
16 19 5
21 20 9
41 10 5
22 39 17
12 36 40
19 28 4
30 42 18
2 35 41
15 40 11
38 21 41
26 11 17
33 22 25
11 8 5
7 9 2
28 46 34
1 12 16
6 42 42
26 11 6
25 23 39
22 38 2
16 35 21
16 1 27
36 18 45
26 14 30
31 3 13
30 15 45
18 15 41
4 15 3
44 10 35
5 19 1
25 26 12
32 37 39
46 40 20
34 7 6
25 15 27
32 39 21
22 14 5
8 25 44
8 31 4
23 24 2
37 15 30
25 42 21
11416 14435 10333
54868 4311 11024
16493 93056 10808
13828 96955 86374
59991 84818 38972
97796 79075 92547
39002 42606 72927
81332 59922 93737
44421 53366 99189
89329 26238 58445
87882 99443 46283
22098 27242 19
98624 98001 52419
52904 38979 4876
44118 95323 54545
44661 53882 59500
61530 40632 43478
1933 35584 97935
59146 1925 14076
92684 10535 61582
97753 22131 38194
52279 2775 63228
89606 89026 56745
85429 37135 78439
77623 96383 23791
53840 74909 86829
91100 61915 55178
77416 30336 84091
21570 24237 4088
58295 97661 70220
30326 43178 90278
28747 22399 49025
51644 83714 16718
71360 26996 54525
67695 80541 8053
91997 34309 33539
41658 77239 84996
30289 11956 29971
18679 13081 62534
69614 94651 57441
50279 17241 7746
29317 71779 73815
64690 1139 90267
49731 59876 9133
24192 12872 50021
7979 55740 23559
54999 48918 4137
19796 67281 6734
98871 11417 46971
25254 3787 1842
50 1719 4
4 4 3
5 5 4
4 5 4
4 5 4
5 3 1
1 1 1
3 3 5
5 4 1
2 1 4
1 3 2
4 1 2
3 2 3
5 3 1
2 3 2
3 4 3
2 3 5
4 3 5
1 2 5
1 3 4
4 4 2
4 1 1
4 1 4
3 2 2
3 3 1
4 4 2
1 2 2
3 3 4
3 3 4
3 1 4
4 3 2
5 4 2
3 3 3
3 1 4
2 5 2
1 3 1
4 1 3
5 4 1
3 4 5
4 4 3
4 4 1
5 3 1
4 5 3
5 3 5
4 5 4
5 3 5
4 4 2
4 1 3
5 4 5
1 1 1
4 3 3
16641 42227 54807
39626 53013 40729
26668 23269 52518
94541 80818 41273
77824 25875 38127
24470 68931 36228
65595 28893 38115
13933 46406 41605
67046 88653 2383
57113 80169 89722
85710 25591 60604
90141 28043 69235
59009 64081 67396
97682 19665 6600
94987 3920 81591
1702 62662 7802
14002 14628 25678
69781 84664 98990
35248 34581 39886
36261 82351 48006
31696 91838 71328
62183 31407 24514
53356 73770 39598
92876 35313 47702
55653 55374 25922
89509 35262 47372
74851 6822 95099
91839 31341 94876
72046 71443 50992
36317 9086 67625
19436 94419 77673
15350 84311 12895
67516 23106 34042
35665 63133 92458
87188 28817 39202
85727 60405 16154
68471 4325 94756
28313 41148 73525
96890 7058 56133
93211 51525 34427
62360 68888 40550
34432 38386 2113
97203 49821 69667
54782 29526 78855
96237 54956 56107
81668 93769 82428
94886 53837 95650
54513 93451 59955
60695 90214 42900
89880 81565 48838
49 2017 40
22 23 37
15 1 3
24 39 40
10 36 7
41 37 10
4 29 25
40 11 24
39 15 18
30 37 33
24 29 20
30 24 34
40 11 9
36 25 40
19 14 4
15 30 7
37 3 40
6 3 18
4 20 27
14 24 32
41 17 26
27 9 14
5 28 34
8 11 23
31 20 21
39 10 6
24 33 10
2 21 35
5 9 18
40 13 2
17 40 23
20 16 26
5 6 30
22 6 17
38 33 16
4 7 1
19 12 9
26 17 3
6 29 6
31 20 40
22 28 26
17 35 39
16 31 24
6 22 40
3 33 12
40 23 22
22 4 4
21 27 27
22 4 20
16 11 9
4976 91165 67
7289 52886 2526
24249 4875 13615
86497 78781 69846
16222 61161 42329
17654 12086 99051
15981 65563 7809
75793 93964 66791
12602 5176 75163
38451 24947 27953
74965 48169 80752
65187 60361 24395
35306 7687 41242
68235 77102 93003
6238 95921 75323
34352 60960 36153
82088 33388 71743
58066 69339 27241
53292 39136 32146
6116 76112 84890
89950 71567 35171
99628 52036 22351
63574 43607 14554
38526 27851 69356
5680 82826 65975
85557 36164 95508
60519 6764 24908
86771 15319 63746
34545 62094 37052
4985 15246 45958
56988 12234 47765
54313 82033 85729
75722 20672 72874
17116 39814 90370
63210 3151 5493
10366 615 22434
21016 86646 89868
61841 67236 36606
35575 61388 42658
99745 22716 46293
78317 220 80256
99076 56823 57217
61118 94950 45284
72118 27590 50298
17100 60244 24825
45523 14238 66184
14287 46041 24600
62708 27953 999
72048 48271 97694
