10
9 0 48
10 5 34
30 47 24
27 16 20
20 40 7
40 29 33
36 41 40
44 41 8
16 13 45
39 15 48
11 2 2
14 14 11
9 18 9
12 4 17
3 20 17
20 17 18
16 3 5
20 1 15
3 16 16
3 2 24
6 24 9
1 4 1
24 1 25
13 19 17
14 3 6
19 14 17
4 2 36
29 8 22
7 28 35
34 29 23
16 18 36
7 20 12
3 14 9
4 10 2
5 6 5
1 0 5
4 1 4
3 14 14
7 0 31
30 16 29
7 21 18
25 10 25
20 24 31
1 17 27
28 27 21
25 6 7
18 18 6
1 15 14
7 11 8
18 9 4
7 8 12
19 10 6
19 2 18
5 0 17
10 17 13
3 18 8
6 8 10
18 8 14
17 15 9
6 11 16
5 14 14
2 10 3
2 6 1
6 1 1
2 0 18
14 9 17
5 7 5
4 16 1
14 18 5
5 3 25
8 14 4
5 11 6
4 19 17
3 6 22
13 17 2
5 15 12
5 1 20
16 16 17
9 8 7
15 11 4
2 0 48
33 36 23
30 1 36
14 8 11
5 1 3
3 1 49
32 26 38
38 14 36
23 20 22
14 12 20
15 8 20
1 9 14
