10
33 1 15
12 15 10
2 3 11
10 16 14
5 13 1
10 14 12
16 10 8
5 10 4
12 7 1
4 5 7
10 9 3
13 16 3
10 8 15
11 16 6
9 11 2
13 5 1
15 5 11
1 12 12
9 16 14
16 1 10
3 8 8
12 10 12
9 10 6
8 16 11
15 13 16
8 16 16
13 1 10
10 3 7
16 6 13
3 9 5
14 14 2
13 12 7
9 6 15
16 3 12
943 905 78
712 868 460
224 55 155
783 374 801
760 837 862
115 502 205
870 686 593
698 234 645
324 769 266
355 555 774
577 387 755
583 127 46
237 55 112
33 391 301
123 404 378
74 197 308
525 863 363
209 816 660
827 241 618
442 84 435
276 859 608
933 892 340
689 519 923
290 618 830
951 442 762
442 434 775
461 32 233
143 554 640
693 735 613
720 790 147
55 439 179
702 361 195
283 760 853
50 29 3
1 2 1
2 2 3
3 2 2
3 2 3
2 2 4
4 1 1
2 2 3
2 2 2
3 3 2
4 2 3
4 4 2
2 4 1
3 3 1
1 1 1
4 3 3
3 3 4
2 3 4
1 1 4
3 4 3
3 4 3
4 2 2
1 3 4
1 4 1
3 1 3
1 3 4
1 2 4
4 4 4
3 3 4
4 1 1
2 3 3
2 1 3
4 1 4
2 3 2
2 1 2
1 4 2
4 1 3
2 4 2
3 4 3
3 1 4
2 1 3
1 1 1
2 3 2
2 3 2
4 1 3
1 4 3
1 4 4
3 4 3
3 1 2
1 2 4
2 1 2
313 319 520
23 586 627
609 546 320
857 392 656
809 47 211
898 791 121
440 555 798
860 693 133
514 339 807
708 279 886
676 441 799
622 672 864
728 579 532
634 763 86
306 12 78
207 963 527
851 376 633
822 47 15
165 98 332
672 122 873
127 545 32
315 538 405
370 196 43
626 416 21
28 306 726
827 145 702
723 326 349
454 947 164
781 850 246
851 875 732
526 306 636
732 397 697
923 715 13
148 812 560
758 220 153
990 787 390
329 732 757
834 372 972
639 757 512
540 568 831
567 968 516
166 311 46
963 858 288
608 801 758
874 702 788
118 4 865
506 659 782
865 640 952
56 536 587
65 608 797
15 10 9
8 3 9
2 9 3
4 1 2
10 5 7
9 4 2
8 9 3
4 10 4
2 6 2
2 9 5
4 6 4
9 7 2
1 10 3
3 8 1
1 2 5
4 5 7
246 619 754
877 138 904
840 810 90
559 104 960
176 268 217
309 246 823
644 277 365
573 318 158
926 880 729
315 637 98
178 314 632
134 733 38
164 55 173
829 257 311
52 850 225
11 4 26
4 25 8
1 11 20
10 26 15
22 12 11
6 2 24
20 3 21
2 5 18
11 20 2
4 14 20
10 15 16
25 4 13
116 467 805
100 498 962
923 790 111
731 143 440
845 581 190
345 975 850
565 996 720
350 401 954
313 300 757
534 328 417
832 151 228
36 17 15
2 12 16
12 11 16
15 3 11
2 15 15
4 4 11
10 9 11
2 4 3
16 5 2
16 1 13
9 15 16
2 7 5
3 5 11
10 3 7
8 13 13
16 6 12
4 9 1
13 12 2
8 8 1
13 15 11
14 1 14
5 6 8
15 11 15
1 4 5
2 14 14
2 13 7
7 16 1
6 10 5
3 9 5
9 15 4
14 9 1
12 11 6
10 12 8
4 1 4
5 11 15
5 6 10
2 6 1
895 835 442
475 64 208
840 820 901
226 370 6
227 528 182
954 962 603
792 586 424
720 670 568
173 905 235
94 717 972
164 668 777
674 14 62
278 521 22
811 580 315
471 767 840
821 576 625
466 977 899
694 128 876
720 900 713
760 991 136
19 27 458
761 982 639
817 122 663
1000 475 540
518 57 660
649 552 463
441 130 717
740 942 971
987 238 328
282 993 669
52 635 285
416 862 998
967 49 779
808 468 892
31 598 867
644 919 301
38 1 45
19 11 23
25 1 15
24 42 12
44 33 41
21 14 8
12 31 17
6 14 26
39 22 13
33 24 25
1 42 26
29 17 14
17 24 38
24 28 18
18 42 1
22 24 25
12 30 23
6 8 34
32 10 40
2 46 28
30 23 37
22 44 23
37 39 42
36 12 32
9 23 46
41 32 4
44 46 8
38 15 19
32 8 46
31 9 34
2 29 41
38 4 44
1 40 15
25 26 12
46 10 19
42 34 38
15 42 33
24 21 20
23 18 38
981 619 146
326 369 834
442 682 638
391 456 105
537 451 179
981 995 886
805 762 420
729 607 241
915 973 349
351 231 386
206 419 497
529 813 755
663 282 987
31 19 647
10 765 914
455 331 732
294 956 961
289 325 797
908 581 175
69 184 972
275 938 907
591 931 711
706 923 523
218 468 744
182 599 309
692 1 259
69 501 878
665 143 274
587 753 146
123 440 564
35 12 317
905 249 47
409 291 592
22 356 665
991 637 846
989 186 302
989 798 128
98 860 998
22 14 32
2 29 24
12 25 17
6 10 22
9 20 5
9 29 27
21 2 32
21 28 25
15 28 23
1 15 26
32 25 13
6 15 21
20 6 11
27 11 32
22 14 8
19 26 17
24 30 10
4 28 17
23 17 24
21 5 14
27 19 26
31 5 26
10 31 22
930 836 340
590 617 441
555 372 784
525 749 906
260 86 194
615 133 69
516 55 648
681 650 993
549 843 550
985 570 560
159 408 646
234 320 751
111 551 159
944 925 400
303 525 828
228 470 287
734 298 240
984 951 578
90 489 79
549 264 909
580 968 719
612 101 934
26 1 36
2 16 16
29 1 11
14 33 20
16 30 24
23 33 10
10 28 2
9 35 8
19 11 34
22 18 9
27 2 7
15 4 37
4 27 3
5 37 2
8 29 26
15 26 19
6 35 5
16 13 28
31 25 18
31 30 23
31 20 4
4 11 21
33 17 25
35 27 31
9 21 14
25 7 4
20 12 12
268 440 349
421 169 897
820 743 224
77 961 90
481 453 848
520 343 29
78 433 114
95 900 982
694 766 127
39 274 907
99 270 82
996 987 426
750 648 83
429 865 836
847 15 402
673 657 456
678 51 206
602 916 476
633 468 487
743 655 464
624 301 298
542 482 179
583 735 436
34 55 483
603 750 73
43 949 160
27 7 30
6 11 30
21 6 17
18 16 12
23 10 6
30 5 30
23 17 7
13 21 3
8 29 7
13 17 3
2 9 25
3 20 20
23 20 24
22 24 25
4 16 20
5 15 18
19 11 19
3 13 23
10 18 29
13 5 30
8 28 1
22 25 9
9 26 9
17 15 10
17 30 25
5 23 22
8 18 22
1 22 28
640 999 559
36 597 959
848 968 961
530 924 129
984 386 495
507 222 852
471 215 638
589 545 825
804 194 893
99 99 670
589 89 569
256 418 588
582 42 335
23 49 803
540 757 883
126 308 609
577 321 111
340 550 63
681 650 735
679 217 605
13 266 387
193 782 296
607 454 189
956 655 338
670 988 885
84 11 186
475 562 793
36 15 40
41 23 14
35 16 38
17 2 39
34 15 38
39 10 17
15 38 21
33 35 17
15 19 6
7 15 16
20 21 33
2 36 19
20 41 41
35 40 41
7 18 34
5 41 17
41 41 32
20 14 30
22 28 30
30 37 23
38 14 38
23 17 26
1 26 14
7 19 34
11 12 40
26 1 26
14 37 41
2 21 11
31 30 27
17 39 15
34 31 27
27 38 15
30 16 22
7 38 30
40 33 16
41 38 2
34 2 25
290 683 126
769 797 972
61 132 6
789 717 762
232 705 817
951 959 238
226 149 189
375 394 503
417 162 393
742 419 211
100 280 385
751 944 820
206 234 315
487 21 986
892 346 506
249 86 993
241 94 377
917 173 381
465 875 139
211 901 988
52 651 737
979 551 755
292 562 452
327 315 805
66 813 196
892 778 24
380 822 225
910 218 905
794 802 41
219 714 330
226 972 666
457 624 513
49 687 482
747 263 100
4 678 651
496 422 355
