10
41 0 20
4 9 3
15 14 9
3 18 9
1 21 13
21 12 18
3 7 7
9 12 5
12 17 5
4 13 11
19 2 3
11 9 6
2 19 13
10 1 9
6 15 21
13 7 10
7 21 2
19 4 16
16 18 19
1 20 11
18 14 3
8 15 17
4 17 4
19 21 2
15 13 21
7 4 1
5 4 12
7 2 19
11 7 9
10 12 10
10 3 5
17 16 8
17 20 15
17 3 12
2 19 6
20 13 4
8 13 8
10 11 15
9 17 8
17 18 21
16 14 21
10 18 1
33711 88346 64449
21957 98910 24090
8930 78171 39390
59646 40046 72936
24810 78491 5467
32684 18641 72568
71410 24217 5174
77172 80690 33077
72274 98238 92044
444 18769 59068
58661 95452 32657
73349 30935 66808
85574 68455 34576
59974 59001 98689
64689 81937 98692
22442 8528 89879
80503 41225 25974
20107 93527 45658
75426 43060 83449
11983 41477 48909
75595 83757 62340
57155 27116 41867
30745 27130 47663
26582 43666 19304
55708 32688 76081
45817 73327 72140
2922 12457 61239
60084 4744 99501
9208 60324 28232
85514 61258 32172
2652 57116 33687
22673 15497 52145
9569 59308 201
25740 60506 15817
80906 14690 71081
5642 3822 42944
64620 40738 68905
51747 36241 13691
24326 37502 33787
49232 7714 42520
7875 89875 88335
45 20 10
4 7 8
6 9 1
2 4 11
3 1 8
2 2 4
10 3 1
9 4 9
1 2 11
11 6 4
2 8 11
6 5 9
6 11 10
2 3 9
4 11 1
10 11 8
7 11 11
10 9 11
10 9 11
3 8 9
2 6 11
8 7 10
8 6 6
7 5 6
8 5 10
2 10 4
8 6 1
9 7 10
5 8 5
7 11 6
1 6 5
11 10 2
10 5 7
11 8 1
3 11 3
9 4 3
11 7 1
3 11 1
8 1 6
3 2 1
11 9 8
8 3 9
1 5 1
4 10 5
5 2 9
6 8 8
60921 62977 18080
35829 28596 28214
74393 68798 90000
95061 22352 92746
44213 27173 18008
81789 51392 32774
93688 50510 82530
72457 13578 97386
52062 82067 50494
46479 49583 86239
70420 9938 18048
50105 59526 10105
96530 14947 65436
9378 86809 88339
35541 22587 21087
30483 78757 49767
74720 93280 10801
27103 69869 54156
52021 67854 36233
40701 61886 95284
78255 45547 39089
65221 26154 18501
70818 26791 3802
88461 6206 75127
96662 58583 97409
73189 25765 30863
47008 64307 46340
39312 70177 99994
78787 14157 91646
56132 73767 50091
43334 30259 91530
85925 39836 63225
34999 22439 10902
3198 53774 26740
40447 83006 28518
67297 37973 86792
80230 67831 9291
46208 95722 31924
18601 11549 18084
78155 27815 12460
66105 34751 85302
26347 16000 42764
48567 3567 56871
17599 36449 73822
1293 66617 255
46 8 47
32 4 2
45 6 46
36 30 23
10 17 38
47 4 14
25 28 44
2 1 17
21 42 27
35 40 8
26 47 31
15 3 18
10 25 48
15 29 33
29 13 48
25 14 39
46 22 7
42 38 31
18 26 46
33 45 45
43 14 25
14 41 9
12 12 41
27 48 8
14 2 2
10 15 13
36 13 9
33 11 15
10 7 1
18 23 27
36 14 7
30 5 28
5 22 43
12 33 41
45 48 48
37 28 31
24 11 6
19 37 15
20 27 23
26 13 42
33 24 32
38 44 27
31 10 18
22 46 4
19 18 40
39 19 44
42 43 42
11413 84374 39752
72211 65489 36882
67599 21725 38121
14999 18593 86605
18281 6738 13461
76074 11794 82021
54678 33680 10169
24871 6115 94510
71430 54400 86478
94152 71510 35119
51614 53077 86458
75876 59949 16993
87510 15269 55529
84877 70818 50957
16023 90378 60493
53321 28428 1346
93877 42297 94866
49647 3280 3317
96682 98690 71014
90245 51780 81213
1300 53352 36872
29337 12490 67342
64752 75489 48974
94334 24044 75605
71352 71697 72668
82665 16340 17781
70778 31203 5123
7787 1550 6880
98521 17832 57367
83087 89408 49848
23273 58292 9908
14007 67625 78183
30118 58966 53715
1971 70841 46972
70901 21847 10632
26498 26417 20648
88478 85750 15327
27661 91452 97561
10568 12642 7510
11073 81868 95606
73462 27320 11773
14700 96728 65498
65698 20638 50061
19227 9429 45781
9112 1567 39493
16850 40980 86592
50 5 23
12 11 1
16 5 18
21 7 23
24 5 8
21 1 14
7 4 18
14 7 13
7 1 10
24 5 15
2 20 8
19 4 16
15 5 8
6 3 9
10 18 20
22 12 7
20 16 2
2 1 15
4 5 15
6 23 21
20 4 20
13 11 6
16 1 9
11 19 20
3 23 1
10 6 17
12 22 6
4 23 6
8 18 20
10 15 12
8 24 10
3 10 3
4 11 7
23 20 10
1 15 3
22 11 24
16 12 15
11 15 18
8 14 5
14 24 20
6 4 19
1 16 19
10 6 21
1 10 11
13 19 2
8 9 14
24 11 1
1 5 5
15 24 4
13 2 11
15 19 12
72516 66482 49534
99333 42261 74374
13727 75469 48384
18848 61276 9349
36685 84767 72982
46007 85943 25177
12835 19682 36943
58998 84140 27159
97240 59028 37040
87486 81833 99874
57728 70930 49870
56485 68513 49601
4455 75221 6701
10733 35688 28033
38418 26061 97112
54311 31729 20557
13330 81981 18112
7977 39878 84491
48617 87126 46649
25198 47465 59354
86337 5015 35633
39727 47498 58986
41673 33796 1971
86624 53096 77404
35346 49861 53757
67660 85228 62522
83561 52513 81886
86708 28227 23480
71831 60251 67730
46469 5595 11948
97815 67853 98625
58584 59392 2539
94038 20771 3126
64462 24249 25509
17360 83737 89948
37580 46205 18915
64969 24536 29759
83893 99323 27774
54890 14766 51713
85702 37001 71874
48286 60397 69626
30615 47819 45476
20909 98310 5172
81583 87016 98112
85815 95782 75494
21671 93256 9143
39155 12688 41008
78914 92274 89544
55977 4508 20759
13036 29540 8845
50 5 13
12 6 10
3 3 8
5 1 4
6 11 1
14 3 9
2 11 14
3 8 3
6 2 9
9 4 6
14 5 9
11 11 5
2 10 11
6 1 9
11 12 11
4 2 14
3 13 2
8 14 1
13 11 3
8 6 5
9 6 3
8 2 2
8 2 11
4 3 4
11 4 3
12 9 11
12 4 12
14 6 1
14 11 10
13 8 12
12 8 12
4 6 10
4 3 3
14 3 11
12 7 2
12 13 9
13 4 5
10 13 10
9 7 1
7 9 7
12 4 11
5 6 6
12 5 5
13 14 14
10 5 7
3 1 12
3 5 13
8 12 7
13 3 12
6 3 11
8 13 11
68348 93972 63696
26600 16524 95982
24966 31530 31444
10125 93976 24491
73307 82282 3832
92317 66587 19953
5323 16453 8483
54464 90344 23934
46326 75083 6652
94260 55626 79259
89096 28522 69834
90346 27969 87476
13076 25992 38896
78941 61308 50457
80464 8003 22215
25653 78195 74742
95761 63975 63357
72732 41896 1231
88967 56112 8078
84288 16157 34079
48346 14146 62625
24137 37272 26897
70054 93510 25829
37948 60917 60350
59156 6023 44299
53680 61867 48777
50041 16940 52326
83535 12611 78841
25395 94327 72738
64880 67061 51414
67266 92670 85314
63219 20612 43526
91397 62825 56029
12509 9948 13449
32982 46765 91674
13621 15626 89874
65478 68263 46186
34976 64443 72008
28700 18267 98886
59385 96760 42557
30251 9741 39242
26835 47265 12653
59507 4960 6801
66387 1224 13593
61179 86319 48785
89864 19024 70853
84427 58890 16505
20269 29927 81968
65071 88466 9193
74242 19617 48340
50 30 23
22 13 22
7 16 21
24 20 22
14 11 1
23 24 9
14 15 8
7 19 21
15 6 18
22 24 14
2 16 22
6 14 24
12 5 4
20 19 20
7 2 16
10 22 15
11 23 2
17 8 9
12 6 18
18 12 10
3 23 19
13 22 3
10 11 22
2 1 10
4 14 1
23 20 22
18 9 16
10 22 13
4 8 20
24 8 10
22 16 2
22 3 12
1 21 14
23 19 4
21 17 15
6 10 14
12 15 22
13 9 18
9 18 2
13 3 20
18 8 23
24 19 2
10 4 7
20 24 5
19 3 16
9 15 18
11 6 15
22 1 17
5 16 3
8 20 15
2 9 6
2459 66951 74376
46408 27379 94833
27093 69465 52160
69810 87251 79774
50032 4642 73835
16953 69412 86571
11863 74557 54066
37547 96295 78644
26563 52469 89887
53273 43446 86192
82231 51870 6843
14742 75290 86056
63513 33047 48359
24686 50634 70995
36403 49405 33689
83620 4933 9751
91659 3826 89721
90735 58803 18396
22878 47342 34107
44182 94648 12850
90370 59109 30622
31466 76409 78277
92189 29051 6213
68484 48019 71774
4288 19972 66645
99615 43096 93404
46153 73376 85807
3480 1325 25076
30361 28181 81294
40228 8705 26886
36338 75629 56388
16818 97167 22048
70324 51155 53841
49249 66870 76984
51128 58089 81701
88036 14167 21540
64621 73325 24599
28468 43824 52349
98034 96620 6981
39893 40664 87125
51956 95717 13901
30156 63227 83317
38377 43362 75020
1056 59127 78395
88876 48723 61814
13712 20790 17619
67195 69037 51958
29844 85549 94547
45423 60930 58952
88471 95381 96572
42 12 42
15 11 15
29 5 20
28 15 39
4 31 21
14 10 2
22 16 2
39 17 40
19 4 43
27 31 43
26 39 17
13 19 43
24 18 25
27 13 11
16 36 15
42 24 22
41 33 33
36 40 2
30 3 43
23 30 41
22 33 27
24 22 18
1 7 4
15 29 33
1 22 43
22 36 17
12 38 31
37 22 9
13 40 10
19 43 2
11 19 32
24 8 20
14 16 31
9 4 19
12 4 11
40 9 31
10 28 24
5 39 27
8 33 26
37 27 27
23 7 40
4 36 43
24 37 31
57123 83384 92006
49160 56887 48940
82341 68725 85748
92251 69910 84053
348 35338 64490
18280 66282 30483
41858 23713 91016
79237 52469 3496
26873 10687 28719
39161 32144 15896
3884 37923 69655
46458 47009 88458
28490 14434 14740
30598 4985 98306
76639 32194 71177
69184 86897 20733
40084 48532 64300
21036 46756 88110
52296 20534 83836
99565 90479 97111
79951 7369 75807
47870 75239 16010
48555 95054 87327
29710 47706 37313
3946 23047 81319
21952 41386 48123
89375 57708 95385
74242 87110 37913
76356 21036 74194
40525 34090 35609
76366 12102 66241
92510 5465 21937
24434 44550 91909
2932 78520 17711
30904 24324 87109
37801 81454 48240
53790 2939 40661
8436 25402 63134
68783 55719 4710
72223 92756 7630
40611 96289 90157
37638 2887 81721
41 7 4
4 2 1
2 5 1
1 3 5
3 3 5
5 4 4
4 2 4
3 5 2
3 4 5
5 4 1
3 5 1
1 4 2
5 5 3
1 4 5
1 3 2
4 4 3
3 4 1
2 5 5
5 2 5
4 5 5
5 2 2
1 2 5
1 1 5
5 2 1
1 4 5
4 4 2
3 5 1
4 5 4
5 1 2
1 1 2
3 3 3
4 4 2
4 3 5
3 3 5
5 1 3
5 4 1
2 4 5
3 5 4
5 5 5
1 1 3
1 3 3
1 4 5
49724 36313 70471
56141 15521 57309
16296 79008 47077
53330 4233 50018
68473 28010 85382
95808 10721 44203
21293 83384 39189
62541 54208 57022
6659 35008 32695
56795 60075 83235
66843 22889 81538
13198 69644 37209
74128 98729 80925
25261 44530 19410
99634 94814 65656
71004 37609 36887
12456 32778 37870
53624 92409 12440
58373 78900 38233
58611 94980 64723
31464 57435 45686
26097 3003 26728
38489 86845 29882
88003 89953 40699
23394 19912 50931
61730 31971 66699
45195 19711 2338
6543 33590 24432
83641 49840 78808
49098 34803 55579
14216 62580 4272
88977 96431 73418
56327 43112 69165
22906 75999 85545
29876 27146 51732
23539 79019 92688
26009 33047 8460
94104 56176 85114
22662 46851 37491
32662 90491 80226
53551 39768 56387
46 3 28
16 3 20
26 24 14
28 2 26
9 4 19
10 3 28
9 6 3
26 5 14
28 17 11
13 1 5
22 4 23
16 8 24
29 11 26
4 16 16
4 4 7
11 16 13
24 18 24
8 22 21
18 24 26
3 4 11
9 21 24
19 24 7
1 19 29
8 23 25
14 2 25
4 11 2
29 25 25
20 3 16
29 29 2
20 12 27
12 18 8
14 2 29
24 16 7
19 27 9
18 24 22
8 1 24
6 27 22
22 16 22
10 10 12
1 15 24
16 17 21
5 10 1
26 22 27
2 12 25
14 29 7
23 3 18
21 24 28
53668 73064 62430
67744 7374 89482
13798 7835 91381
33947 64896 26616
1137 24887 17423
27788 81646 34859
35561 76766 67182
13944 70808 97193
52004 96371 21501
46110 81849 86472
49224 65471 43018
78899 78913 6661
13320 69669 21123
22556 65175 30341
9627 52130 42703
87884 42701 33323
62878 89896 79951
38880 26564 13818
88973 66651 67542
600 62851 92268
86428 29931 25062
78263 41268 87538
81788 36308 63020
77278 7102 11406
85387 20852 56861
32261 52681 77038
19963 45356 2162
95450 5262 91499
97543 68857 5280
87230 78972 78177
28753 28116 4667
52924 14899 26576
11072 82727 72109
28812 97564 29940
96794 44081 30035
14024 28871 42529
96157 35357 8536
86862 13576 15938
19715 319 28724
78838 16915 47730
82230 99568 43398
23956 71062 81274
99760 64651 92977
74769 96054 50925
45751 7655 17588
9702 34734 76578
50 25 1
2 2 1
2 2 1
1 1 2
1 1 2
2 1 2
1 1 2
1 2 1
2 1 1
2 2 2
2 2 2
1 2 2
1 1 1
2 1 2
1 1 2
2 2 2
2 2 2
2 1 2
1 1 2
1 1 2
2 1 1
2 1 1
2 1 2
2 1 2
2 2 2
1 1 2
1 2 1
2 2 2
1 2 2
1 1 2
2 1 1
2 2 1
1 2 2
1 2 1
1 2 1
2 2 1
2 1 1
2 1 2
1 1 1
1 2 2
1 2 2
1 2 2
2 2 1
2 1 1
1 1 1
2 2 2
2 2 1
1 1 1
1 1 2
1 1 2
2 1 2
60349 93351 29854
88685 95025 74389
95792 3928 61820
38549 59664 87334
78675 31891 59053
87755 74108 63345
77832 99220 77621
14082 10903 25533
44811 60783 2148
20923 3620 84662
66284 32756 68566
65317 61697 9282
65997 19139 87913
45493 37833 94888
89500 34925 63421
9313 80329 43427
7474 64845 41778
53313 25090 33890
26187 88357 75485
67592 70719 30179
62951 2204 92747
62496 49272 67791
26689 69911 12218
4613 27655 84664
47567 25815 42709
71780 51977 15953
57531 20787 89904
17908 63416 88174
14432 68853 17604
32405 23016 88668
41223 19449 55211
55015 31519 8323
57827 78372 19455
43500 36857 81114
90026 19555 32782
66529 34108 12138
24854 61317 38529
67961 73688 95527
22364 71162 42735
7484 21922 96971
16396 23948 63996
70975 42449 8692
6985 57021 92631
88965 55353 58047
45097 94306 7443
71125 66247 57382
95984 36352 98308
64508 48445 6327
84649 19237 85373
75621 92272 502
