10
50 28 3
2 1 3
1 3 3
4 3 3
1 1 1
1 1 2
2 3 4
1 3 1
4 2 4
1 3 2
1 1 2
1 2 4
3 4 2
1 4 4
1 2 1
1 2 3
2 3 2
1 2 4
3 3 1
4 2 4
3 4 4
3 4 4
1 1 2
1 1 3
1 4 1
1 2 4
4 4 4
4 3 1
2 3 4
4 4 2
4 2 1
1 1 3
2 2 1
1 2 1
4 3 4
2 2 3
1 3 3
1 3 3
1 1 2
4 2 4
3 2 4
4 4 1
3 4 2
3 2 1
3 4 2
3 4 4
4 1 4
1 4 4
3 2 1
1 1 1
2 4 4
94 41 77
89 69 34
63 95 76
36 80 98
70 80 30
2 34 88
53 97 38
5 19 53
76 6 7
24 33 19
59 86 77
95 61 62
48 94 86
89 20 63
30 6 20
48 21 36
42 29 53
16 15 84
2 4 6
100 5 68
32 77 77
69 7 6
57 97 54
28 51 89
42 64 51
11 65 13
7 68 34
83 88 55
2 81 67
64 10 19
74 74 7
17 62 5
56 71 12
1 31 99
81 74 13
18 12 10
9 55 28
85 37 78
19 100 17
90 92 29
22 76 94
5 40 86
27 7 53
1 58 71
60 31 81
100 90 89
80 89 56
58 56 83
99 63 64
94 55 29
50 8 21
6 7 22
3 6 17
8 5 20
13 19 2
20 11 7
21 4 7
20 5 9
3 3 3
16 3 19
3 11 9
4 11 15
2 19 8
7 6 12
18 14 9
9 9 11
20 13 21
9 5 20
15 15 22
6 20 13
9 10 7
14 12 5
21 21 10
20 11 1
16 22 2
6 13 18
9 2 20
15 20 8
14 20 10
8 6 4
18 4 3
7 9 2
12 1 10
13 15 12
20 19 22
15 20 3
10 15 5
2 1 16
19 5 11
12 1 2
7 13 3
19 7 18
9 20 21
5 8 6
5 11 2
16 14 6
15 9 4
20 15 10
4 22 18
2 19 10
20 2 10
74 96 76
93 3 91
21 13 96
93 6 79
30 35 85
54 40 41
62 30 41
83 25 64
78 43 31
3 26 81
93 85 20
5 52 78
40 41 51
88 58 4
39 26 98
64 22 42
86 72 53
83 35 55
66 99 21
40 39 13
26 19 33
100 63 82
29 39 43
30 35 67
18 98 62
60 67 35
9 64 10
7 1 67
87 17 100
89 9 67
32 91 96
41 18 94
83 23 96
74 87 30
39 69 30
59 78 94
29 34 77
42 3 53
74 70 67
99 40 83
74 74 79
96 35 25
21 84 37
90 92 1
80 53 89
54 60 27
91 2 81
5 22 99
77 10 53
96 57 72
50 20 31
16 22 16
27 1 21
29 32 21
1 7 27
16 32 31
11 11 13
6 5 18
21 20 17
7 24 18
8 29 14
32 28 29
31 16 16
4 10 9
28 3 31
5 10 30
5 19 28
14 21 21
3 31 28
3 9 18
29 7 9
28 13 31
17 5 22
31 7 11
20 12 1
28 27 1
11 31 15
14 5 12
10 20 3
15 25 10
11 9 31
27 26 15
17 6 32
9 25 29
31 20 20
6 16 1
19 29 30
20 30 16
8 5 12
1 3 2
12 8 22
11 31 15
29 21 27
20 7 8
10 10 24
1 9 24
8 17 10
24 1 27
18 25 4
26 27 30
5 25 19
73 19 33
32 33 65
30 30 53
84 58 76
95 23 65
95 37 73
4 69 7
10 94 19
98 66 98
80 99 48
82 100 78
9 9 53
71 91 87
90 97 50
48 43 26
90 85 62
81 91 82
33 20 44
52 26 22
88 81 54
66 25 43
90 30 84
41 93 81
29 11 39
65 89 68
3 41 39
27 83 1
71 3 19
13 83 30
86 22 84
71 9 85
66 28 49
49 32 20
45 9 73
70 10 32
54 32 13
4 93 17
97 39 15
68 86 17
20 19 27
16 38 81
69 83 53
15 98 39
17 47 63
49 14 84
6 2 52
12 52 77
77 74 56
5 45 40
6 81 65
50 13 28
9 16 14
6 6 16
14 24 24
15 23 23
9 23 15
2 14 7
29 15 17
10 19 2
6 23 9
1 9 6
27 2 21
9 21 18
19 5 22
7 24 16
20 23 29
12 15 23
24 29 6
28 12 20
6 15 10
18 20 1
28 22 13
7 6 2
20 26 4
9 20 4
8 1 26
11 22 15
17 17 29
22 15 10
25 26 17
2 13 9
16 18 4
1 28 5
1 27 13
11 19 22
26 20 12
6 22 6
13 26 29
20 9 22
19 10 9
26 5 29
22 8 20
9 2 5
27 25 21
21 16 5
4 17 6
6 12 12
17 11 9
4 14 13
21 14 6
28 8 15
26 44 99
65 87 86
85 47 13
71 91 19
1 58 16
57 67 90
60 58 91
36 99 2
87 15 20
47 52 11
76 57 77
53 100 45
27 25 10
94 74 69
57 35 23
91 84 67
16 27 35
71 33 62
5 91 15
88 31 65
92 47 20
77 73 46
51 20 88
71 41 57
34 77 16
54 81 7
72 72 95
51 74 47
65 72 84
92 89 8
91 42 33
19 13 76
30 38 63
86 54 76
100 47 66
57 76 85
56 78 26
89 39 19
91 75 18
25 29 63
4 88 48
3 7 21
24 67 4
89 33 55
65 69 77
52 76 72
86 27 37
29 86 33
24 29 57
82 44 69
50 28 27
22 2 3
19 12 24
28 8 8
19 7 14
17 8 5
3 22 9
17 3 14
26 8 14
7 24 20
8 21 5
4 10 4
10 18 3
1 17 5
25 1 15
7 20 28
19 4 3
24 1 1
3 23 12
7 25 13
20 1 4
7 9 5
9 9 6
20 17 25
27 25 3
18 28 10
12 22 24
15 28 9
2 1 15
7 23 9
18 9 2
22 6 25
19 2 5
2 4 25
21 17 7
13 14 10
10 12 20
4 18 1
19 21 1
16 21 19
27 26 8
17 9 10
25 15 5
18 10 25
16 10 1
16 28 3
19 26 22
10 26 13
9 3 11
20 25 7
4 1 21
74 15 52
17 41 98
31 61 77
49 76 32
30 15 51
50 1 61
81 55 83
53 41 86
100 44 22
18 44 13
23 4 49
20 67 35
19 3 39
42 3 97
10 54 41
30 92 26
78 88 7
33 23 57
16 15 32
3 96 92
89 46 1
60 56 34
60 93 81
86 86 9
57 30 28
57 92 18
81 74 95
37 60 20
70 7 27
34 59 42
45 36 85
21 41 61
10 29 73
13 34 66
72 56 62
96 100 25
69 28 57
80 10 6
44 37 13
74 65 31
45 3 41
85 1 73
21 80 47
77 17 15
78 36 13
97 26 52
60 3 74
78 96 92
25 57 64
99 58 22
50 9 1
2 1 1
1 1 2
2 2 2
2 1 2
1 2 1
1 1 1
2 1 2
1 2 1
1 1 2
1 1 2
1 2 1
2 1 1
1 2 1
2 1 1
1 2 2
2 1 2
1 2 2
2 2 1
2 1 1
1 2 2
1 2 1
2 2 2
1 2 1
1 1 1
1 1 2
2 2 1
1 1 2
1 1 1
2 2 1
1 1 1
2 1 1
1 2 1
2 1 1
2 2 2
1 1 2
2 2 1
2 2 1
2 1 2
1 1 2
2 1 1
1 1 1
2 2 1
2 2 1
2 2 2
1 2 1
2 1 2
1 2 2
2 2 1
2 1 1
2 1 2
10 80 26
95 3 84
29 28 46
56 31 11
13 57 16
51 65 35
85 18 12
91 91 67
57 22 64
84 2 73
17 12 85
91 33 90
8 1 56
49 51 9
53 26 42
63 5 85
49 31 10
65 90 42
73 3 18
25 8 47
57 20 80
58 37 92
16 1 87
82 89 77
9 66 76
21 45 76
55 39 73
74 96 39
41 96 16
38 29 83
5 76 12
63 17 4
78 85 41
3 22 94
47 36 21
49 76 94
49 25 11
16 59 13
56 56 94
30 9 57
17 72 48
6 33 41
55 44 76
89 11 40
48 77 58
58 98 56
6 3 11
73 15 96
6 7 64
69 96 11
49 12 35
17 8 30
11 35 2
8 4 21
15 12 18
7 7 16
28 27 36
11 9 24
5 24 14
4 6 1
6 34 22
4 25 17
6 14 22
4 11 31
33 19 11
7 13 13
33 13 35
32 4 10
33 22 4
30 8 4
34 4 11
10 2 29
13 24 28
1 19 28
21 13 11
13 5 22
18 29 20
33 3 25
1 29 22
8 28 20
3 27 30
2 12 28
24 13 26
26 16 27
28 11 16
3 19 18
8 12 28
21 12 28
25 29 12
26 33 33
14 29 27
34 24 4
7 10 15
20 17 32
33 4 36
25 12 12
35 31 33
25 12 25
9 15 8
4 32 28
4 33 21
2 36 100
83 28 39
7 19 38
8 33 87
61 48 71
37 4 25
2 54 14
56 83 32
5 36 22
9 12 57
88 61 42
91 69 47
28 24 95
37 67 9
13 79 9
61 32 4
75 60 45
81 65 10
69 8 78
54 52 95
51 20 19
22 12 87
10 21 12
63 26 75
96 83 68
92 80 88
64 88 54
69 39 29
24 93 94
62 42 41
13 66 6
27 33 85
31 20 14
7 42 42
81 75 64
63 11 82
18 68 96
77 35 79
17 95 26
22 38 4
54 49 73
23 76 40
10 21 76
74 57 31
84 91 67
68 51 19
12 17 24
97 54 52
50 4 35
29 28 15
18 28 21
14 17 5
21 30 6
30 13 9
3 33 17
9 28 23
30 5 33
18 33 12
20 7 1
22 21 9
5 18 33
21 35 36
35 36 2
29 10 12
25 10 32
15 18 21
20 30 24
8 6 36
21 24 6
16 32 15
4 10 21
26 27 23
32 24 33
9 18 9
16 32 32
16 17 15
1 30 12
15 25 17
25 27 32
9 26 27
23 6 19
17 16 7
8 15 29
33 26 6
17 15 31
1 22 16
5 20 24
12 7 10
17 14 20
27 19 19
6 18 25
10 28 16
18 2 5
28 25 35
15 33 23
10 36 31
28 20 12
18 2 23
21 9 8
13 70 61
9 11 73
19 6 99
13 61 24
42 20 54
60 51 7
89 8 46
45 50 1
14 3 10
3 51 74
58 95 49
40 83 22
55 99 61
75 17 41
31 53 67
55 25 58
96 21 99
85 43 36
55 73 13
53 35 100
41 63 72
97 79 36
56 46 37
41 76 47
21 25 75
17 81 66
49 92 38
48 6 25
82 95 37
80 37 70
57 84 8
75 95 46
73 44 57
18 41 93
97 22 62
59 24 73
17 11 35
17 49 5
81 33 6
94 64 31
87 78 40
83 60 46
95 91 77
3 51 13
61 73 18
8 72 97
89 47 86
44 98 93
93 6 7
3 15 75
50 10 46
40 31 21
30 46 45
33 32 17
18 15 8
5 9 33
23 38 2
46 11 37
6 28 4
40 2 31
25 46 38
43 24 38
19 30 36
33 47 41
6 5 34
34 27 35
21 14 26
41 7 31
12 38 1
43 15 15
17 30 7
2 41 25
42 41 11
35 10 12
44 16 14
28 34 24
43 35 37
33 30 43
25 5 3
24 8 3
12 37 15
8 30 36
44 25 13
6 35 18
12 28 31
31 14 31
41 43 36
8 4 22
25 3 27
45 6 8
19 39 36
18 34 32
17 9 14
23 5 45
14 13 13
16 18 45
24 36 1
14 22 12
38 24 30
41 6 19
3 24 6
10 51 2
35 60 43
32 77 19
31 32 34
38 4 73
56 66 99
82 45 27
43 25 23
50 16 49
11 64 17
61 7 34
99 6 84
26 24 37
41 77 89
35 50 20
97 19 29
49 83 28
92 16 52
20 1 95
86 65 26
89 55 52
83 92 40
82 86 32
18 10 10
2 32 33
39 45 95
72 27 52
41 77 97
25 26 78
77 92 83
81 21 30
69 99 68
75 94 36
25 88 69
93 32 77
93 47 41
97 34 89
3 61 20
69 43 45
6 31 70
71 28 4
35 90 18
77 62 64
6 6 26
76 2 52
24 49 31
39 9 37
59 61 96
22 16 28
18 5 15
50 3 42
19 7 33
4 11 17
7 31 26
22 10 9
21 29 20
17 26 19
34 37 4
21 14 1
36 32 40
20 22 14
4 24 36
8 22 42
41 27 24
39 29 18
29 23 31
39 33 26
37 11 5
33 43 12
33 39 33
35 29 7
7 42 41
41 42 25
36 8 13
3 21 4
42 37 41
19 5 40
12 8 5
41 18 1
12 17 16
5 40 14
31 39 6
23 30 31
7 6 16
41 3 25
41 2 29
35 39 11
17 29 8
28 10 39
14 5 32
26 30 18
33 6 7
26 3 23
15 8 32
41 23 35
5 22 14
2 10 2
30 32 5
39 18 35
30 3 33
23 6 27
35 96 97
87 44 26
51 91 50
85 71 80
52 98 100
50 10 32
87 90 79
47 58 53
95 4 70
48 30 62
26 91 44
29 33 46
23 5 8
91 56 75
41 13 58
73 17 83
85 44 43
39 36 33
59 35 60
30 33 96
47 53 63
81 58 8
26 32 94
47 45 46
43 57 89
3 53 87
71 35 21
32 85 99
66 67 50
24 25 35
33 86 64
46 70 19
32 27 96
10 56 97
92 60 19
1 25 55
65 48 23
94 35 34
100 18 66
68 61 4
8 87 34
84 31 19
74 52 85
45 76 71
18 21 1
58 33 57
63 91 79
36 95 52
18 96 100
32 83 56
