10
39 714 28
3 27 6
9 25 21
26 17 15
25 19 21
17 14 5
5 1 13
20 3 11
10 13 10
20 28 4
16 28 27
27 8 25
20 21 14
1 20 3
23 1 26
3 16 9
5 12 21
29 2 16
8 22 11
14 28 9
24 26 24
28 26 26
16 18 11
22 29 10
6 18 24
18 3 16
9 18 4
21 19 29
19 10 5
4 22 13
8 21 8
20 17 8
26 26 29
24 29 10
3 26 29
5 29 5
9 7 24
6 13 20
8 13 24
25 25 12
30 65 28
13 38 67
37 2 94
85 20 83
84 67 5
70 71 60
57 64 69
23 52 60
2 46 36
58 27 86
91 33 73
40 93 73
31 91 71
66 8 44
17 64 50
37 94 77
59 26 86
41 56 91
51 93 5
24 25 19
59 11 12
8 23 41
34 79 32
17 85 100
56 64 74
74 39 100
9 84 75
22 35 44
67 79 60
7 24 18
21 98 66
96 63 45
52 79 37
62 8 88
39 30 76
58 13 5
56 32 60
73 29 34
50 59 28
46 1695 23
18 24 14
5 4 18
22 12 3
12 18 19
9 19 22
23 4 4
9 24 22
11 7 11
20 21 16
1 16 5
15 6 23
11 3 18
12 24 1
11 3 19
16 18 15
15 3 17
4 18 19
19 21 8
3 4 7
15 10 5
4 16 20
10 2 20
10 11 1
5 21 14
1 8 7
19 9 2
2 15 17
8 22 18
17 13 16
17 24 8
13 20 14
11 3 1
18 13 1
15 20 1
10 4 4
5 15 16
10 20 9
24 19 21
2 12 11
9 13 24
5 8 18
7 13 21
12 3 15
14 18 15
20 5 17
5 12 9
72 92 95
54 70 100
23 100 4
93 85 4
57 79 84
16 4 73
5 18 69
13 85 17
40 61 66
68 73 34
46 65 90
60 70 94
96 63 72
52 31 49
45 83 85
17 84 27
19 70 54
22 56 90
72 32 4
99 64 78
58 50 24
47 98 46
2 18 16
50 46 42
27 52 43
61 15 31
22 53 75
62 93 34
8 94 93
10 40 100
28 99 4
93 56 89
39 24 95
34 8 91
9 88 96
83 53 22
82 3 8
15 77 89
32 5 93
10 31 79
54 21 5
12 36 87
94 50 25
25 13 60
22 81 38
45 35 97
36 858 1
2 1 2
2 1 1
2 2 2
2 1 2
2 2 2
2 2 2
1 2 1
2 1 1
2 1 2
2 2 2
1 2 1
1 2 2
2 2 1
2 2 1
2 1 1
1 1 1
2 2 1
1 2 1
2 2 1
2 1 1
2 2 2
1 2 1
1 2 1
1 2 1
2 2 1
1 2 2
2 1 1
1 1 2
2 1 1
1 1 1
2 2 2
2 2 2
1 1 2
2 2 1
1 2 1
1 2 2
42 95 58
40 99 99
14 27 11
51 58 89
13 89 73
89 20 4
31 39 52
19 16 44
30 28 46
52 95 54
46 47 18
80 16 31
99 8 67
16 72 41
90 95 15
58 62 72
70 52 46
15 2 44
97 43 49
66 23 3
65 79 28
67 30 80
15 77 3
9 85 13
34 15 8
79 87 26
60 85 62
96 13 7
58 88 43
97 10 92
9 97 87
35 99 14
40 68 48
18 93 57
48 97 81
56 86 47
16 185 46
24 1 46
45 41 8
25 4 1
39 20 44
24 26 5
26 37 21
16 1 34
21 38 12
39 39 3
43 43 42
30 16 14
9 18 46
22 34 39
25 47 4
41 13 33
4 37 18
44 68 76
74 33 82
29 38 55
1 7 28
75 19 66
25 91 79
96 76 95
84 97 20
63 68 46
23 11 99
38 7 37
10 84 84
63 80 32
92 10 52
86 18 28
96 49 75
22 306 39
24 21 13
3 1 15
5 6 7
24 14 19
20 18 1
22 38 21
24 9 14
10 21 23
11 33 17
33 20 36
38 20 33
10 37 17
35 13 2
20 24 4
27 30 40
26 20 12
2 5 21
21 32 15
10 39 6
9 26 10
7 3 10
27 16 37
3 83 19
2 63 58
82 99 29
85 57 85
48 16 16
36 36 100
30 4 32
82 47 64
41 74 67
94 6 54
76 28 78
16 33 70
2 83 85
62 60 23
84 67 13
100 23 87
55 75 66
68 92 33
93 86 85
54 40 72
20 71 98
79 87 56
36 145 9
8 8 5
4 2 10
7 9 3
6 10 1
9 5 8
7 8 6
1 1 9
1 9 6
3 10 4
4 9 9
1 7 6
3 1 10
3 9 7
9 8 5
7 6 10
4 8 2
9 1 7
1 7 7
9 1 2
3 9 1
6 7 10
7 9 8
2 2 5
1 1 3
8 10 6
4 2 6
3 10 1
7 5 8
4 6 10
1 6 9
1 7 2
10 5 9
4 8 10
5 7 8
7 7 4
3 3 10
86 33 66
4 66 84
86 8 50
75 95 1
52 16 93
90 70 25
50 37 53
97 44 33
44 66 57
75 43 52
1 73 49
25 3 82
62 75 24
96 41 33
3 91 72
62 43 3
71 13 73
69 88 19
23 10 26
28 81 27
1 86 4
63 48 88
38 80 20
25 80 59
66 83 80
19 56 40
7 10 17
56 76 25
29 57 59
79 29 45
11 25 5
100 64 37
73 51 62
42 87 82
88 53 76
95 67 44
20 299 23
16 6 9
24 10 21
24 10 2
5 18 3
6 4 14
9 7 13
24 18 11
22 22 15
19 3 14
11 6 17
14 24 13
4 11 18
13 17 19
2 8 21
3 12 12
4 17 1
10 10 10
22 8 6
6 19 8
10 23 14
43 21 10
29 26 17
18 7 85
65 31 16
55 15 80
36 99 99
97 96 98
31 82 85
31 21 82
23 9 72
13 79 73
63 19 74
5 29 91
24 70 55
36 2 75
49 19 44
39 97 43
51 68 63
79 91 14
19 64 47
22 393 21
4 21 7
20 10 12
14 2 6
3 22 16
7 6 15
12 13 21
21 20 1
8 8 19
11 9 9
17 5 13
13 9 14
21 10 19
17 19 17
9 2 8
4 18 12
11 20 8
10 4 21
5 21 8
15 22 18
1 9 15
14 11 5
9 14 1
9 68 18
97 12 5
65 42 87
86 40 46
87 90 32
68 79 1
40 9 30
50 13 9
73 100 1
90 7 39
65 79 99
86 94 22
49 43 63
78 53 68
89 25 55
66 30 27
77 97 75
70 56 49
54 60 84
16 65 45
47 46 97
18 86 7
24 318 32
19 26 10
6 27 20
23 12 13
1 16 13
30 7 18
14 12 30
9 1 18
16 27 28
13 19 13
26 6 12
31 1 4
13 19 31
17 19 20
24 28 12
24 24 2
24 11 24
2 5 27
24 31 27
24 20 17
7 19 16
33 28 11
22 18 27
13 15 24
10 31 12
94 41 36
27 51 12
70 75 8
13 76 80
84 60 92
15 53 2
3 1 59
75 32 54
4 76 22
23 7 50
86 41 9
9 91 23
18 41 61
47 66 1
79 49 21
99 29 87
94 42 55
87 21 60
67 36 89
40 71 6
63 65 88
17 12 89
32 79 99
34 30 63
45 459 10
5 9 6
4 3 3
4 7 7
4 9 9
6 5 7
11 1 9
10 5 1
1 8 9
4 8 2
8 1 7
11 5 4
1 3 10
1 2 9
7 8 9
3 4 9
8 9 6
2 7 5
6 1 2
5 3 6
5 5 7
8 1 1
11 10 10
11 4 10
4 7 1
8 6 8
11 4 6
5 5 11
7 1 4
4 10 5
5 8 2
10 1 10
9 1 7
1 5 1
1 1 10
7 11 8
8 3 9
9 3 5
11 10 4
10 4 8
11 11 1
5 2 1
1 1 4
8 8 9
2 7 1
3 2 8
66 31 64
57 15 38
76 31 89
76 61 77
22 90 79
59 26 63
60 82 57
3 50 100
9 85 33
32 78 31
50 45 64
93 60 28
84 74 19
51 24 71
32 71 42
77 94 7
81 99 13
42 64 94
65 45 5
95 75 50
100 33 1
46 77 44
81 93 9
39 6 76
45 71 38
14 46 30
65 20 55
93 76 15
27 18 11
47 80 38
41 14 65
36 75 64
1 16 64
62 33 37
51 7 78
1 39 22
84 91 78
79 77 20
7 98 36
47 73 38
11 46 9
98 97 24
60 72 24
14 71 41
24 77 24
