10
49 12 6
5 7 2
1 6 2
1 6 5
7 7 6
2 6 1
1 4 2
3 4 5
1 2 5
3 3 3
1 5 4
6 5 7
3 7 3
3 1 6
2 2 6
3 2 2
6 3 7
5 6 7
3 4 7
2 2 6
2 5 5
3 3 5
1 4 1
5 4 6
7 7 4
3 1 3
1 4 6
3 5 2
4 5 7
3 4 5
2 7 4
6 3 7
4 2 2
5 6 1
5 7 7
1 5 1
5 6 4
4 5 2
6 1 3
2 7 7
6 2 5
2 4 4
1 5 6
1 2 6
2 4 4
2 1 3
4 4 2
3 4 5
3 1 6
4 2 5
5 8 6
5 4 1
7 9 2
10 2 8
3 3 1
6 2 9
8 1 1
7 3 9
8 4 9
9 5 2
5 5 1
5 9 10
7 6 1
3 8 5
6 3 7
4 7 7
6 1 9
4 8 4
5 2 8
8 3 4
5 1 2
5 7 1
7 6 7
1 6 7
9 5 4
8 4 7
6 8 8
7 4 7
5 4 7
5 10 10
4 6 3
1 5 10
4 5 7
1 6 9
2 5 5
1 8 2
2 10 9
3 10 10
10 10 1
6 1 1
7 9 8
4 2 5
8 7 6
4 9 1
8 6 9
3 4 7
1 5 2
7 2 7
4 5 5
50 33 15
3 7 11
3 6 13
9 6 15
6 12 4
1 1 2
5 6 13
13 3 7
15 3 14
5 1 12
7 4 13
8 5 10
6 7 3
5 15 14
15 2 1
9 13 7
10 3 3
9 9 15
10 7 3
3 3 13
1 8 15
2 16 11
6 11 15
15 2 5
4 9 1
15 8 2
6 13 6
9 7 7
16 15 1
7 10 8
16 15 13
16 8 1
5 4 15
5 4 5
16 6 13
9 9 5
9 10 13
5 5 4
4 13 2
11 6 9
4 3 4
9 4 6
15 1 14
2 15 8
4 8 13
9 9 14
9 4 6
14 5 14
8 5 7
13 16 5
11 13 2
9 3 3
6 3 8
9 7 3
10 4 5
3 1 9
4 9 2
5 8 2
7 4 6
3 10 3
5 8 5
1 8 8
2 3 10
2 10 5
10 4 4
3 3 6
3 4 2
9 2 9
5 9 10
9 5 6
4 5 1
6 1 3
4 1 3
3 1 9
7 1 9
10 10 6
9 1 4
8 4 8
1 4 6
7 5 6
9 9 5
7 8 2
1 10 6
6 2 9
7 2 3
7 7 1
6 10 6
8 6 10
2 6 4
4 7 7
7 10 1
8 5 5
4 7 9
4 2 7
7 3 4
6 7 5
8 3 4
5 4 1
2 5 6
4 6 5
6 3 5
49 31 25
15 7 12
23 16 4
18 2 16
14 9 8
20 5 23
22 8 12
13 16 3
17 22 23
21 26 2
13 23 7
26 3 22
24 15 20
13 18 13
9 13 25
5 26 20
16 10 25
12 5 12
20 20 6
18 15 7
8 12 19
15 21 25
7 10 9
16 26 24
12 3 24
25 18 4
6 11 16
7 19 18
12 8 25
6 11 8
18 17 17
15 15 16
4 6 17
2 18 19
14 13 20
2 8 12
22 18 1
4 12 26
3 17 7
21 21 20
25 15 7
18 10 15
21 2 14
8 23 23
25 16 15
25 10 13
11 13 7
18 2 14
21 25 3
24 10 7
7 6 6
4 4 10
6 2 6
2 4 1
10 6 1
6 2 9
4 9 3
3 3 1
9 7 1
4 9 9
1 1 6
9 10 9
6 3 5
4 8 5
2 3 5
4 3 7
1 3 9
4 9 6
9 3 4
4 10 6
10 10 5
10 8 9
10 4 2
6 3 2
7 5 6
1 4 6
9 8 10
7 5 1
6 2 6
6 4 9
1 5 10
2 4 2
1 3 7
2 1 8
3 5 4
2 10 10
5 6 3
6 4 6
9 10 4
5 8 1
10 10 5
10 2 1
6 4 10
5 9 7
2 1 3
7 6 8
6 8 5
9 2 1
9 7 1
49 17 24
18 17 16
6 24 21
11 11 1
22 10 5
12 3 14
11 1 23
4 5 16
22 23 3
25 5 11
11 19 5
10 24 19
13 16 19
2 8 25
11 19 12
10 11 14
6 14 21
6 24 3
16 8 6
18 12 22
8 3 13
24 23 11
19 3 6
15 21 7
19 22 10
8 22 11
10 6 15
22 6 23
9 5 5
17 19 18
6 19 23
14 22 16
11 9 24
4 6 5
12 11 20
13 5 23
21 11 14
24 24 15
17 19 5
7 5 15
13 15 2
1 7 18
23 18 8
22 6 18
4 14 1
23 15 13
17 11 24
12 7 20
24 22 6
22 2 17
6 9 2
7 10 6
6 2 7
6 3 8
7 7 3
2 2 6
3 5 6
9 8 6
10 2 3
7 10 8
3 2 2
3 9 6
3 1 5
5 5 6
1 3 9
4 10 4
10 8 2
9 6 1
9 2 10
7 10 5
2 10 2
1 9 6
10 7 7
3 3 1
6 5 7
9 1 6
9 1 1
10 9 1
3 7 6
6 2 7
7 10 9
5 6 5
4 4 10
3 9 6
2 9 10
6 4 10
9 5 8
6 9 1
6 5 8
3 9 8
4 8 1
4 5 9
5 8 8
8 2 7
2 6 4
9 2 2
8 3 3
10 7 2
8 5 1
49 27 12
1 13 8
5 2 7
7 5 4
4 7 13
13 3 8
6 12 2
8 13 1
4 5 6
7 1 5
3 1 8
12 10 4
4 7 5
4 11 4
5 1 10
10 2 3
5 6 12
10 13 11
2 1 4
4 12 5
13 7 12
7 3 1
2 4 3
13 3 4
2 8 11
2 6 1
10 9 13
11 9 12
5 11 5
10 7 10
12 11 1
4 10 6
5 9 5
5 5 6
13 8 10
6 6 11
8 12 5
3 2 13
5 10 12
6 6 6
9 10 4
1 2 13
7 8 3
7 2 1
1 13 7
12 7 7
8 3 8
11 2 5
7 8 2
8 5 12
5 10 3
8 4 10
10 8 4
3 2 7
3 5 4
5 1 5
1 4 5
3 6 7
6 6 5
5 10 2
5 2 6
3 1 4
8 2 5
3 4 4
8 1 4
10 7 5
7 4 1
3 2 3
10 7 7
6 4 4
1 1 10
8 9 4
1 3 4
8 2 1
7 5 9
7 10 5
7 7 2
7 2 8
10 8 5
5 5 10
3 10 2
7 8 6
9 4 4
3 10 7
10 3 5
4 3 9
4 9 4
4 7 5
7 7 3
9 2 2
10 10 6
8 3 7
4 1 8
4 8 2
6 4 5
3 10 1
6 8 5
8 6 3
9 10 7
50 17 7
3 8 2
6 3 5
4 6 1
7 5 5
3 6 3
3 1 5
3 6 2
3 4 6
8 1 2
8 7 6
3 4 2
6 5 7
7 6 6
2 6 2
3 1 5
8 2 4
7 3 7
1 8 8
3 8 3
4 8 6
4 4 6
3 7 3
2 4 7
8 2 1
7 5 2
8 5 1
1 8 2
7 5 7
3 5 3
5 3 6
8 7 7
8 3 4
8 7 8
3 5 8
6 4 6
7 2 2
2 1 2
7 2 3
3 8 3
1 4 5
8 7 1
3 6 4
8 1 7
2 7 6
7 8 4
1 2 8
3 8 4
1 5 2
7 6 3
5 1 4
5 10 3
8 3 2
5 9 3
6 5 7
9 4 4
1 7 4
5 6 10
5 5 10
6 4 4
6 10 9
4 9 10
7 7 2
2 4 3
2 1 1
2 7 3
10 9 9
10 7 2
4 8 5
2 8 7
3 6 9
8 10 6
9 1 3
2 7 1
2 4 1
6 2 10
10 10 4
8 6 5
8 2 1
3 2 2
3 4 7
7 8 6
2 9 8
1 8 7
8 5 9
3 8 9
6 10 4
4 2 10
3 2 7
1 9 4
9 9 7
2 9 9
6 5 7
3 4 3
1 10 10
2 4 1
4 3 7
7 1 8
3 3 1
6 3 5
2 10 3
50 2 18
17 17 6
11 13 18
3 8 1
13 1 7
10 6 1
7 6 19
4 6 9
3 1 7
14 8 4
2 2 2
3 4 5
7 17 17
8 17 7
6 11 14
1 16 4
2 16 16
4 14 7
13 12 17
6 13 19
2 12 17
5 4 18
11 16 11
13 2 3
19 6 11
16 8 12
16 13 10
14 19 14
5 13 6
12 8 8
14 1 2
11 9 9
18 15 11
15 12 14
8 9 12
2 4 19
4 6 3
16 6 9
3 16 16
13 8 16
10 4 14
10 12 2
14 1 17
15 14 10
13 15 11
1 8 10
3 17 10
15 11 12
17 18 6
11 13 6
16 9 8
8 5 2
7 2 5
8 7 1
9 3 5
4 10 9
9 9 8
7 10 6
7 8 10
10 8 3
1 9 8
2 4 9
1 8 5
9 10 1
3 6 3
5 9 10
9 3 2
8 10 9
1 5 1
3 9 6
2 1 1
9 1 2
6 10 10
6 2 7
7 6 4
9 2 3
9 10 4
4 9 2
10 1 3
9 2 5
10 5 2
6 6 7
4 1 3
4 2 8
2 4 9
10 10 6
8 10 2
9 4 7
4 6 8
1 1 8
8 1 4
4 1 2
4 4 3
2 7 9
9 2 10
1 10 7
4 9 8
8 9 6
4 3 5
6 4 9
4 10 8
50 6 19
1 18 14
10 1 7
5 9 6
6 5 3
12 15 19
16 3 7
13 11 6
2 10 8
14 6 5
5 20 18
17 17 7
3 12 5
12 14 4
13 8 20
13 16 13
5 17 19
17 14 15
6 2 19
7 20 4
9 12 14
19 13 18
16 6 19
16 16 8
16 4 12
15 17 18
20 8 2
1 10 8
4 1 13
3 7 10
14 12 4
4 2 14
20 12 6
6 11 10
5 2 18
1 2 19
13 5 4
4 6 17
4 13 17
5 6 5
6 6 12
17 2 17
9 3 13
12 4 3
13 4 10
1 10 8
8 17 9
4 11 5
13 19 1
11 17 6
3 1 20
7 7 5
5 3 2
8 10 2
5 1 1
2 9 1
10 10 7
3 6 7
5 2 8
5 8 6
3 9 9
8 7 4
6 10 1
3 5 2
9 8 9
1 5 7
2 7 5
7 2 2
4 8 4
10 2 7
2 9 1
6 8 6
4 5 3
5 1 6
2 8 10
5 10 4
9 9 9
5 4 1
10 1 1
9 3 1
7 1 5
2 4 7
2 5 10
2 2 5
2 6 3
4 7 3
1 6 7
5 9 5
9 1 8
1 1 2
9 7 10
6 3 1
9 5 8
8 1 9
8 8 8
1 6 8
1 5 7
8 2 3
6 6 8
10 10 1
7 2 8
50 6 46
23 12 34
13 12 10
39 17 11
12 33 47
41 46 13
43 1 6
2 8 4
23 37 46
10 1 26
19 36 1
4 20 29
20 13 22
11 33 18
9 9 13
47 28 32
16 28 31
10 44 19
2 12 9
7 1 28
44 34 1
6 40 46
3 38 22
42 16 41
33 43 3
34 11 27
28 15 21
1 4 26
41 35 23
9 43 22
2 13 16
22 33 14
19 4 36
24 1 3
40 19 5
38 37 37
35 28 24
8 44 12
34 19 12
3 20 29
8 10 44
32 35 33
20 7 28
16 31 37
4 10 31
30 9 23
24 41 6
21 16 32
39 2 11
45 32 25
47 33 19
9 9 3
5 1 1
6 5 7
10 7 1
7 8 4
7 9 3
9 4 7
6 7 10
10 7 10
5 4 6
8 6 2
9 8 3
8 7 5
4 6 9
4 6 9
5 9 1
1 10 4
2 2 10
6 10 1
1 3 8
8 1 7
2 3 1
3 9 7
9 4 4
4 2 8
1 3 7
10 5 4
4 6 1
10 4 3
4 9 1
5 1 7
2 8 1
10 4 1
1 5 1
10 3 10
2 4 7
9 9 3
7 9 9
7 9 6
8 10 1
2 7 4
4 3 8
10 1 2
8 1 8
2 7 6
6 7 8
8 7 7
1 9 8
1 8 6
5 10 2
50 34 21
18 12 8
4 21 14
9 12 1
22 6 18
13 10 18
17 1 14
19 14 17
15 10 6
12 19 6
4 21 11
3 22 21
4 17 7
12 3 8
10 16 13
10 15 11
10 1 21
17 10 3
7 12 19
10 22 21
11 20 17
18 12 22
18 15 5
14 7 22
22 20 20
8 20 21
20 16 9
22 9 10
16 17 2
8 7 9
21 22 13
10 16 2
17 6 8
19 15 16
8 3 21
2 17 7
8 19 16
12 2 12
13 20 20
19 7 10
9 7 4
20 18 19
15 15 2
8 11 14
1 19 11
9 16 8
16 19 1
18 14 16
16 17 6
22 11 1
7 21 17
10 10 1
7 6 8
3 3 2
6 1 3
1 10 4
8 4 3
3 3 7
10 1 2
3 1 3
1 4 10
1 1 3
3 3 1
6 5 6
6 4 10
6 1 6
3 3 1
1 10 4
1 3 10
9 9 10
1 1 5
4 7 10
2 4 10
10 5 2
2 9 9
5 2 1
8 3 4
1 8 8
2 10 8
6 3 2
8 9 5
2 8 5
5 1 4
9 4 5
1 6 7
1 9 10
2 9 1
9 1 8
6 9 4
10 2 6
1 7 1
1 10 7
6 4 6
1 9 8
1 3 5
3 7 6
8 9 4
6 2 5
2 9 3
2 6 2
8 10 9
