10
15 195 24
22 5 18
19 17 14
4 24 21
7 18 12
9 25 17
10 21 10
14 8 25
21 18 23
10 23 14
1 24 22
12 15 5
8 18 13
22 16 23
17 21 23
3 24 7
95325 86185 81664
97349 58531 57040
80039 95006 53179
43842 98954 94847
43540 46045 5697
90112 72625 7062
60631 53136 41544
50420 1199 96592
58820 38802 68157
39383 96164 15617
73513 64876 49625
22947 72720 50640
41772 61137 21282
68754 86325 84663
4741 58360 56325
15 89 41
5 13 39
37 5 8
16 26 27
34 33 24
33 7 36
39 13 7
3 40 2
11 16 33
15 23 1
13 23 35
30 31 29
32 33 25
12 32 5
23 26 29
26 2 32
53167 98544 9120
92252 94810 89060
51139 10639 90650
14608 62600 83060
74421 75067 54492
79753 44034 88637
55651 35107 974
75078 32948 44809
61275 7702 55992
47702 23005 67107
97967 80219 7899
71350 12650 67514
32980 10446 88594
46764 34871 1147
6848 7932 43753
24 107 39
26 21 18
26 18 6
26 14 23
8 7 3
30 33 16
2 17 12
26 1 37
8 26 39
35 39 14
9 10 33
37 8 19
7 2 1
12 40 13
3 30 7
9 20 7
2 23 13
1 21 34
17 9 13
10 26 33
22 33 4
14 30 24
8 18 7
35 3 3
16 33 20
94243 8869 11381
29129 87678 54395
71576 51779 52183
39333 32924 56597
6347 94122 97690
5617 91308 43428
57085 40027 72319
78914 52421 26348
45726 8967 2086
93264 29175 36489
98278 61352 50732
17970 33122 47081
86577 80227 90185
16700 29617 60396
34239 73916 67530
96693 45180 75163
22092 33465 12939
52413 28221 38597
21419 82970 95096
83582 19633 77056
9833 53688 31492
34544 15923 35839
47232 60349 53162
93970 52916 60464
25 163 26
24 15 6
23 19 23
20 15 26
14 24 1
10 13 27
5 4 3
6 18 14
10 5 25
24 25 25
20 5 22
3 2 12
21 19 9
1 7 12
6 7 10
16 25 4
13 9 14
13 20 14
25 25 24
2 25 20
8 6 13
12 14 2
7 18 5
11 12 20
22 22 12
20 1 2
51178 79091 23358
15132 91942 57053
6577 93463 38025
43702 1441 27970
78154 42964 78731
68876 99536 12833
99298 23417 45880
3194 18029 17056
51794 48272 68262
11629 66596 64170
57180 81473 59397
61410 14898 33645
19651 79908 75934
93787 68222 8818
65067 85893 1098
67234 35287 70332
96465 36926 38133
80002 35759 97507
82157 3920 78644
70563 85239 89585
58278 23491 80612
47941 98332 65725
84853 85695 81796
52543 93857 24999
9214 52075 72372
33 1068 26
26 5 23
12 22 27
14 13 8
26 8 24
24 6 21
11 6 16
4 21 19
22 5 8
1 19 9
20 12 27
22 20 21
20 10 1
22 11 24
6 4 26
2 2 15
27 16 27
13 26 14
22 5 1
4 8 9
14 20 26
15 4 7
11 18 22
2 20 4
20 1 13
15 10 19
26 19 17
8 13 3
20 10 3
4 7 3
11 5 8
12 26 2
20 24 9
3 6 15
28 75028 10476
1692 87989 29485
70925 49616 88565
42701 66990 96153
2315 29907 85480
20720 24058 51604
10055 40131 41496
83191 7565 55795
15920 78583 65165
90902 60128 33893
60368 47093 76604
65444 8147 44207
63465 61323 327
90933 92835 38247
5712 23660 83607
75542 99559 40270
61194 7116 65080
72169 76720 53874
16581 34558 63541
57986 91073 79171
9112 57388 31029
13506 79691 23477
19486 56440 2101
49715 88397 62263
77136 46546 95558
1860 52043 11058
69889 46105 43784
28486 21293 97508
82207 58838 32008
47526 52218 65470
74952 91510 90071
8013 33941 65244
92585 46087 29164
19 185 2
1 3 3
2 1 1
1 1 1
2 2 2
2 2 1
3 1 3
3 1 1
3 3 2
3 2 1
1 2 2
1 3 2
2 3 1
2 2 3
3 3 3
2 1 3
2 1 1
3 3 3
1 2 1
1 2 3
83540 75631 81297
89713 17891 32449
62593 45579 14706
97499 99674 92523
80368 4189 20436
68202 62592 50970
4989 11733 59288
83258 5973 20143
76835 10169 9904
62125 68351 17702
65848 52824 13184
23877 38185 39855
28747 32462 75219
75938 56956 70251
28284 80472 56992
20574 77147 65866
84315 42969 30558
2822 27908 87971
25381 15533 51396
41 18 19
12 9 7
11 12 12
18 15 19
9 18 17
17 18 10
4 16 14
15 14 20
15 19 11
18 4 19
1 20 16
13 18 6
1 7 18
13 14 6
18 19 2
12 1 16
3 2 2
19 12 2
5 17 18
6 18 2
3 15 13
19 2 11
9 18 5
4 11 10
15 11 12
3 7 14
5 16 15
10 17 4
13 6 14
12 13 2
16 3 17
8 4 16
12 3 18
20 16 7
4 9 4
14 17 20
10 10 8
5 2 4
18 18 9
3 19 7
12 15 1
13 2 3
57155 58250 23157
59879 10195 1214
13546 58662 70433
60710 23728 73410
978 91991 71609
63979 96834 15775
15945 34632 69214
27421 64953 17777
50283 86916 74773
19286 52413 95228
39646 69206 4768
2401 64617 38921
18835 31394 6239
3703 6056 35459
99163 76607 55654
31387 13295 51953
81191 79031 77535
30228 56634 69237
77188 82337 51618
57994 69130 80806
99829 3197 98162
47843 61 50121
22577 54064 68859
1343 59439 1494
70815 96962 88361
45073 35217 46153
38800 58485 77068
77280 40648 57478
56829 76391 14442
82174 56872 25873
33858 23691 37571
82791 97873 61678
53178 88259 30668
54397 52617 90549
79259 9377 97989
40066 32603 63033
95604 49407 33661
37334 31888 78202
44036 61565 95399
26098 28427 46984
9310 86042 42141
42 123 11
1 5 10
10 2 11
9 10 2
6 3 4
6 9 3
12 12 11
10 8 1
9 10 8
7 7 12
12 4 7
3 9 6
12 6 11
1 4 6
4 4 11
1 4 4
6 12 8
11 1 10
11 6 2
3 12 4
11 11 5
1 3 12
9 12 6
7 8 5
9 8 2
7 7 5
11 7 2
3 6 12
7 4 5
5 2 2
11 10 2
11 2 3
7 11 5
11 7 2
12 2 12
7 2 8
6 2 2
4 6 2
11 1 3
12 7 9
5 10 9
9 1 9
11 10 10
86403 54644 1079
57340 36454 92723
23209 81119 71391
46990 9089 90184
43636 25540 12478
24605 35291 74372
99024 24760 35648
59891 76894 26823
94083 69707 30945
9423 45720 16630
43943 73957 85189
95479 1169 54995
70279 97729 51893
68985 70509 15742
75516 76938 71963
4681 59877 15179
12777 36660 96449
52759 16898 80611
84661 32637 8870
57807 18907 88928
49896 79205 94785
62678 51216 52484
55304 3338 28697
23907 24230 48475
71252 47496 70981
99482 31300 36625
42817 93456 65952
81103 77070 96630
38197 29895 9008
3546 44801 26288
79874 82753 5721
24919 46096 99615
15652 56605 83196
95905 17469 88375
25372 8643 30805
34158 88794 30555
73038 75933 94675
66892 41249 82838
41433 11795 23609
74077 113 31103
23766 6667 46742
90896 6315 95916
38 1366 23
13 14 10
15 16 19
6 23 13
10 17 20
10 24 19
24 9 9
7 15 24
10 12 1
23 15 23
13 13 7
15 9 20
11 16 11
9 11 9
3 13 16
6 6 14
11 6 21
14 5 21
12 19 13
12 3 14
13 20 16
20 13 15
12 16 23
23 9 7
1 13 10
18 22 11
12 24 5
10 13 1
9 5 20
20 23 12
8 10 3
19 15 16
11 16 17
9 2 16
3 18 23
18 13 20
3 10 20
14 23 24
9 9 3
78327 18391 76458
88024 39046 27177
19211 68935 50050
22530 83193 83432
68434 54499 41272
45701 98418 48384
8987 25147 32817
40067 70060 4672
30738 51432 43018
55095 38895 62175
27174 77629 5905
63982 89317 37345
58873 74124 10625
19107 66075 30535
75080 71132 43902
89279 67867 89974
59069 78185 44496
52816 77224 33836
76049 70971 21284
13351 76603 56575
73479 3785 71680
38871 78301 90104
6853 79184 73382
84907 72229 93231
21429 40880 47084
12392 39986 49351
94172 13255 40633
49444 32203 5515
33337 16497 50371
96390 2647 11754
81282 3582 73416
30943 25432 49711
18906 47381 82891
34183 23435 63141
39925 88617 14480
84412 6277 70571
62480 87578 1818
48439 55431 3059
24 128 17
17 18 15
9 3 9
17 17 8
13 8 10
4 16 6
3 4 13
5 5 17
1 12 14
12 7 18
9 3 12
9 12 18
9 14 6
4 7 9
5 12 18
10 13 2
7 7 3
9 8 17
6 3 16
4 3 14
6 12 6
10 17 12
4 12 12
6 16 6
2 10 6
12910 8629 64568
39616 80796 82680
28756 31415 63704
32180 75530 16243
67855 63039 18754
34198 81764 64580
42295 80915 9580
95681 11898 28755
77649 65482 6926
36916 47376 83588
6538 3204 50650
53098 14842 58090
50038 87340 4831
41886 87357 8171
83114 47564 24157
99871 15557 49622
38295 65233 79306
57519 46434 79585
79113 33664 42693
86817 72743 18022
29536 43287 28346
87794 20292 17791
86030 872 30838
74375 87682 28161
