10
50 247 5
3 2 6
1 1 6
6 1 3
3 5 3
4 5 1
3 6 1
6 6 3
2 4 3
4 2 3
6 4 2
4 6 6
4 5 2
1 3 1
2 5 2
6 6 1
1 3 1
5 6 6
5 6 3
3 2 5
3 1 1
6 6 4
6 1 4
4 3 5
4 5 6
2 5 2
5 3 5
1 3 6
5 3 1
2 4 2
3 1 1
1 3 5
5 6 4
6 5 4
1 2 2
2 3 5
3 6 6
2 2 3
4 3 6
4 5 6
3 5 6
4 3 3
2 2 3
3 2 5
3 1 6
2 3 4
5 1 2
6 1 5
2 5 2
6 3 2
3 1 2
154 306 312
153 58 71
494 105 492
386 464 433
212 252 420
345 212 115
316 256 430
122 489 281
356 98 225
377 67 131
1 500 261
264 8 195
235 26 334
92 247 89
102 417 83
224 421 469
385 348 400
120 261 425
298 153 30
305 256 367
225 170 34
125 420 280
209 377 149
441 192 410
280 232 474
285 128 15
258 280 363
224 194 454
9 420 220
37 378 423
448 89 493
277 25 494
9 84 75
449 136 312
459 363 398
438 34 289
483 469 10
406 446 304
153 456 43
465 227 192
370 344 117
313 66 255
1 217 295
455 75 85
148 349 367
300 318 227
280 343 182
322 94 276
359 207 181
110 78 255
50 1254 37
5 22 34
14 2 29
10 6 26
30 9 34
16 4 4
23 19 29
29 1 12
38 13 13
28 26 4
3 30 18
17 34 13
17 29 38
8 19 3
1 8 34
4 16 7
3 38 32
1 38 35
5 21 38
2 10 31
32 9 25
16 4 36
26 36 38
34 5 20
24 29 10
19 21 16
11 9 29
23 3 35
16 16 26
21 15 7
18 33 5
24 2 18
32 26 30
12 21 4
32 19 1
30 24 31
36 23 32
36 11 12
37 20 16
19 34 27
22 18 36
6 30 18
32 24 22
23 29 8
29 19 32
15 9 38
16 31 22
34 3 10
35 13 38
4 2 36
16 25 17
145 113 500
5 107 73
343 266 25
364 262 239
337 145 474
116 390 418
498 95 319
390 322 380
376 108 257
238 413 286
275 324 161
263 28 418
317 90 223
336 118 92
356 299 407
486 355 91
424 436 170
314 388 75
447 27 264
64 392 200
90 338 464
28 47 185
445 242 405
94 149 121
369 72 83
341 234 453
165 481 344
169 248 103
450 162 197
421 181 291
91 188 279
106 415 440
141 486 99
165 109 421
379 481 313
314 348 336
438 32 252
430 354 454
323 328 494
229 236 59
212 469 176
168 278 44
447 291 17
6 482 200
184 395 103
444 130 292
265 269 227
242 52 86
368 101 395
332 447 143
49 207 47
23 15 18
6 36 20
18 9 35
34 27 33
37 47 5
1 28 26
14 48 18
34 40 40
48 12 24
24 23 1
25 3 26
45 23 31
2 2 37
23 41 35
7 26 31
9 41 9
41 33 6
45 44 28
1 30 22
46 16 13
38 48 11
11 31 31
18 48 25
10 37 37
32 7 25
42 3 30
10 1 6
13 35 33
48 34 7
20 30 36
28 41 30
27 11 2
5 35 18
7 26 30
17 18 24
31 48 1
16 47 40
40 5 11
37 12 46
20 43 24
23 30 46
12 32 33
8 41 45
11 7 6
20 13 44
30 18 25
13 16 22
11 3 14
37 29 45
86 264 252
332 432 433
358 413 26
343 219 430
498 397 479
305 288 439
407 351 494
293 263 126
262 190 230
24 491 174
258 30 124
440 244 414
195 153 98
225 103 379
491 465 159
439 233 136
201 428 320
200 60 361
473 245 443
443 300 202
92 288 142
216 273 121
227 477 62
138 201 134
416 161 131
378 428 122
327 161 358
101 345 350
382 30 441
85 383 325
197 77 423
416 53 219
237 108 289
498 239 244
391 193 388
135 90 240
119 338 428
3 422 184
409 345 184
153 289 154
175 196 362
186 254 41
492 360 213
451 431 295
4 459 84
341 240 459
461 495 166
100 40 482
237 305 208
49 1252 16
16 17 14
3 9 2
16 9 5
13 9 8
15 3 11
8 2 6
5 5 1
15 6 5
5 15 6
11 17 1
1 15 4
15 16 15
9 12 14
8 15 3
16 1 8
4 7 1
6 14 3
9 3 2
17 3 11
3 3 14
12 1 10
11 4 5
12 15 17
16 5 10
9 12 13
11 9 14
1 4 8
4 17 5
6 6 1
15 16 15
13 5 6
14 9 5
14 8 1
9 13 7
9 2 10
7 13 13
16 4 11
8 12 13
10 5 7
4 13 10
11 4 9
17 9 12
1 11 2
1 13 5
6 2 17
3 9 8
4 3 4
5 1 17
13 10 12
373 257 24
238 74 73
369 24 472
318 395 35
428 13 353
186 359 71
117 73 444
182 442 95
32 356 193
217 289 435
243 469 371
388 218 327
466 48 176
436 143 398
303 62 43
463 107 474
254 228 319
182 117 136
44 35 21
59 145 177
213 32 421
197 452 256
407 310 477
496 22 449
277 139 75
411 489 238
93 83 229
215 460 157
318 414 361
341 292 295
208 438 381
246 399 231
132 81 500
337 435 461
183 327 26
430 457 469
474 7 150
450 55 26
84 382 222
34 178 424
379 324 474
260 228 145
59 418 324
39 328 106
377 500 491
307 71 205
291 52 210
444 66 458
44 247 472
49 2140 36
13 9 32
3 2 26
3 12 11
7 12 5
15 33 12
16 30 21
28 16 33
30 25 28
11 35 24
29 22 37
20 6 17
25 18 9
5 15 11
19 31 25
36 29 31
16 35 28
10 8 19
16 25 6
6 26 16
37 29 4
34 3 28
34 8 30
23 24 11
4 8 19
25 4 1
12 33 5
37 9 27
8 22 17
35 29 24
9 25 19
7 34 7
31 31 17
27 20 13
26 30 25
32 17 27
11 28 24
16 14 13
30 30 4
36 22 17
11 23 36
10 26 7
12 5 4
18 5 25
15 33 14
25 16 15
16 28 25
10 37 37
35 15 16
3 4 1
440 242 360
252 32 247
455 351 406
385 49 272
286 303 124
396 279 17
36 154 311
204 286 27
400 169 26
253 85 26
273 234 282
393 380 298
367 194 288
43 437 458
200 368 450
223 53 442
320 377 401
94 426 416
476 343 350
15 26 429
336 462 192
366 342 81
239 92 282
275 452 209
68 488 434
438 469 464
194 361 40
433 62 443
432 89 186
275 236 466
438 301 67
59 295 76
78 462 250
20 8 361
307 136 13
63 471 493
443 330 194
401 223 407
370 2 74
79 399 429
118 326 321
419 264 102
101 91 41
500 243 45
250 248 253
404 318 468
63 54 492
181 150 175
198 142 305
50 868 11
7 10 7
3 2 9
2 5 7
7 12 12
7 10 12
3 6 6
6 7 7
8 2 4
10 12 2
8 3 7
12 6 8
6 9 4
2 1 3
10 8 12
9 12 3
2 6 12
5 1 1
10 6 12
11 6 2
9 4 5
9 11 10
1 5 5
5 12 12
12 10 9
3 9 7
7 8 5
12 8 9
12 6 8
6 7 3
11 3 9
10 10 4
10 1 10
3 11 2
8 10 7
6 8 7
5 6 10
10 4 12
8 6 6
3 1 4
9 3 11
2 1 10
10 9 8
6 8 11
12 1 11
10 5 2
10 4 4
11 4 5
1 2 2
8 3 10
6 10 3
92 135 441
180 212 410
99 477 440
332 460 81
152 105 240
134 397 143
230 451 337
469 42 46
208 344 128
299 330 146
222 55 431
126 54 266
122 25 174
454 379 436
107 433 285
455 26 270
112 87 166
257 124 397
440 67 464
98 49 290
316 33 471
247 79 4
329 303 302
3 231 29
171 86 94
480 319 268
290 278 169
27 239 314
492 401 415
482 49 330
443 29 299
259 10 302
165 337 48
384 495 232
228 160 461
32 491 230
182 68 439
385 223 302
61 314 266
404 295 93
487 66 75
47 423 109
341 77 183
13 109 220
437 196 115
443 248 174
237 428 239
83 425 199
330 336 432
281 417 90
49 124 37
23 33 2
30 32 15
21 19 11
9 27 20
25 38 8
16 7 25
1 7 11
16 11 27
25 14 29
33 7 26
26 21 13
23 8 32
30 6 24
36 36 17
13 29 5
31 13 4
11 13 12
35 20 33
16 38 31
32 34 24
36 12 34
10 31 21
4 1 4
10 25 21
13 15 29
5 20 1
34 25 29
5 32 6
16 15 21
14 36 33
9 23 35
38 25 21
21 34 19
34 35 35
14 8 11
30 23 2
27 22 24
22 18 21
22 28 9
2 5 37
37 20 5
12 19 21
25 23 35
4 23 28
10 12 9
9 26 28
17 17 3
23 31 21
17 21 3
332 271 330
413 127 56
356 82 385
275 241 11
212 262 488
196 75 242
68 113 413
424 283 321
207 403 440
272 382 332
250 21 7
145 352 452
109 3 215
196 350 108
266 458 131
290 369 101
443 490 261
144 72 186
214 168 70
407 373 63
470 179 359
426 185 304
348 496 434
107 293 64
83 259 63
323 49 228
161 167 199
152 218 153
271 268 248
16 325 428
282 48 42
55 498 224
74 100 332
133 326 129
122 109 15
226 191 328
229 242 436
58 246 34
29 467 288
340 449 38
114 498 277
318 420 201
13 308 78
478 372 351
230 395 307
351 131 67
138 303 134
98 363 219
408 383 488
50 749 1
2 1 1
2 2 2
1 2 1
2 1 2
1 2 1
1 2 1
1 2 1
1 1 2
2 1 2
2 2 2
2 1 2
2 2 2
2 1 1
1 2 1
1 2 2
2 1 2
1 1 2
2 2 2
2 1 1
2 1 2
2 1 2
2 2 1
2 1 2
1 2 2
1 1 2
1 2 1
1 1 1
2 1 1
1 2 2
2 1 2
1 1 1
2 1 2
2 2 1
2 1 1
1 2 2
1 2 2
2 2 1
2 2 2
1 1 2
1 1 1
1 1 2
1 1 2
1 1 2
2 2 2
2 2 2
1 2 2
2 1 2
1 2 1
2 2 2
2 1 2
457 480 316
487 370 440
448 183 431
228 77 441
341 19 177
364 51 155
181 86 365
412 280 6
150 308 170
175 466 281
402 439 252
170 175 1
274 362 143
68 260 172
223 1 192
305 24 97
53 437 126
137 175 158
180 448 125
183 21 449
332 387 425
386 345 359
449 314 335
340 255 436
282 391 459
377 221 26
368 454 328
254 492 447
7 115 80
402 290 122
89 342 395
176 70 497
487 132 215
106 265 165
392 391 301
169 447 108
46 347 402
222 121 262
143 253 212
88 50 275
168 328 110
363 435 456
392 46 398
372 443 361
152 401 266
353 402 427
485 102 209
243 269 413
315 405 299
306 82 32
49 2266 5
1 6 6
2 1 3
5 5 6
4 3 5
6 3 5
6 5 4
3 2 2
5 2 6
3 2 1
1 3 6
3 2 3
3 3 5
2 3 1
1 6 4
1 5 4
3 1 6
1 4 4
1 6 5
6 2 1
4 4 3
2 4 3
1 4 2
4 3 4
4 4 5
5 3 2
3 3 5
1 1 3
4 4 5
2 4 2
1 6 3
3 1 5
6 4 4
6 5 4
4 1 6
6 4 6
5 2 6
6 1 6
4 2 1
2 2 4
6 3 4
3 1 2
6 1 5
2 5 4
4 6 5
1 4 3
2 4 1
2 5 4
5 5 3
2 6 3
176 133 25
483 147 311
152 499 248
282 163 26
444 425 398
229 431 406
475 248 431
103 162 351
63 58 211
307 285 188
68 315 16
35 272 408
198 319 64
68 283 137
70 224 425
327 422 38
386 389 439
128 241 12
416 87 217
197 420 4
389 458 12
491 350 282
46 87 296
92 56 339
282 340 25
100 85 210
356 260 156
221 7 249
495 73 469
36 452 138
8 175 101
50 497 395
272 63 239
291 10 267
407 83 204
445 267 281
256 143 222
108 170 431
421 12 60
148 162 199
117 199 352
391 259 120
180 317 178
297 463 168
179 286 345
164 221 272
488 192 343
329 479 44
335 469 363
49 1859 32
21 22 22
22 8 14
10 12 22
30 1 12
21 31 18
22 11 10
19 27 12
10 8 6
3 1 25
28 25 4
27 23 16
22 25 22
19 5 31
20 26 32
13 8 14
17 20 23
19 3 27
7 33 12
12 6 27
30 30 12
8 24 24
4 12 5
27 25 21
31 31 1
23 26 9
16 5 24
5 16 27
11 5 3
29 25 18
24 3 31
8 29 12
21 17 10
31 9 7
6 18 12
15 4 7
13 33 24
27 31 8
26 15 12
20 1 9
17 29 26
22 29 16
24 4 11
28 23 13
20 32 11
25 33 33
26 11 30
22 10 9
1 7 3
18 30 11
198 283 480
305 29 498
468 24 114
333 163 44
474 389 278
351 465 420
141 129 105
155 134 422
409 377 227
2 375 378
355 315 215
436 454 314
366 90 113
35 428 344
171 176 157
332 474 209
128 360 338
411 23 302
90 33 497
191 250 414
456 76 459
446 431 140
39 445 446
267 444 462
132 16 238
5 352 77
426 277 297
106 299 491
305 426 1
269 191 46
73 196 101
71 486 118
474 44 439
273 41 78
311 90 92
186 136 479
374 195 305
386 330 473
371 347 133
455 395 234
244 50 227
82 300 484
165 424 217
390 143 222
383 2 473
320 87 69
270 414 247
230 78 344
126 258 151
