2000 1000 1000
831 865
153 273
395 976
967 349
249 630
597 934
996 96
470 69
70 363
227 434
483 936
981 955
455 615
85 321
905 424
910 343
214 619
697 641
56 609
541 974
675 807
945 48
880 670
500 392
957 464
155 914
114 838
61 22
946 779
850 866
572 406
921 898
45 676
940 578
136 124
57 623
551 591
546 514
655 613
258 185
10 492
539 366
78 969
770 657
444 256
197 960
962 960
593 35
684 618
727 225
954 75
765 620
551 981
980 323
2 616
350 609
931 749
182 178
728 587
614 971
599 352
522 226
647 708
334 442
105 202
10 329
599 850
111 710
703 696
77 914
801 545
690 275
0 545
480 237
58 3
331 541
525 231
221 554
568 121
378 532
695 441
97 815
708 306
107 841
4 355
617 968
446 248
120 79
707 827
849 103
894 422
429 830
309 977
230 540
953 663
14 152
58 837
937 452
788 175
752 91
451 626
60 383
759 233
513 787
953 227
762 37
298 590
239 273
846 901
654 983
23 815
69 453
303 485
0 639
599 626
422 264
129 486
679 211
775 798
80 301
192 396
144 103
877 801
911 998
566 641
539 859
150 348
372 6
929 355
438 99
717 249
8 851
508 869
510 300
906 511
466 569
977 847
807 629
757 250
270 892
0 971
689 77
701 855
4 449
733 891
457 781
15 563
691 645
487 682
267 477
687 50
124 555
927 261
444 958
65 23
602 859
607 1
53 164
445 787
359 714
476 568
682 596
872 203
622 501
704 767
48 520
382 979
721 971
585 749
668 96
694 658
117 476
28 539
332 458
874 922
377 869
225 416
884 945
110 945
505 399
292 747
102 535
663 24
238 2
908 696
563 599
966 399
246 434
155 392
494 154
823 971
540 765
523 17
551 976
288 270
366 933
264 580
852 852
72 758
419 518
139 467
236 474
125 40
83 326
818 398
714 986
697 181
783 376
946 893
96 623
700 147
727 356
77 666
796 681
769 833
802 206
996 118
785 187
927 32
474 189
535 775
766 438
77 140
515 175
500 122
262 829
530 697
641 503
766 863
549 628
996 446
470 970
142 994
396 762
460 473
688 168
602 537
945 473
851 156
176 710
519 250
247 204
439 251
340 676
282 356
660 922
161 634
956 55
961 487
652 31
429 197
80 417
83 164
640 665
548 609
682 527
542 32
66 397
501 656
786 174
507 235
670 896
493 141
670 462
758 655
893 572
113 790
969 556
666 694
721 804
700 163
704 13
68 753
423 307
302 508
277 439
26 66
405 378
260 392
195 79
386 347
43 857
221 63
395 557
827 552
658 821
621 287
810 545
484 577
571 183
923 438
567 716
25 69
495 553
967 440
789 617
482 753
918 62
625 266
438 36
955 1000
105 718
326 846
377 437
563 390
963 530
631 331
37 991
960 659
528 218
437 900
670 130
794 912
950 159
778 852
388 47
335 808
116 277
726 915
600 791
123 92
799 894
568 817
50 226
846 12
140 516
764 922
770 585
169 498
126 413
105 840
381 965
365 295
706 440
579 611
747 36
971 711
852 854
241 161
193 438
184 791
645 291
163 183
185 515
364 989
216 508
610 207
886 694
174 846
41 256
120 669
158 278
982 867
911 648
911 43
16 396
915 33
643 162
155 913
102 790
136 153
678 858
433 694
21 407
248 457
406 404
364 252
504 854
847 213
601 372
526 243
599 934
25 166
220 515
400 705
248 909
370 453
755 453
366 880
822 928
745 982
856 61
510 186
513 203
43 498
108 933
358 355
295 440
617 66
580 199
749 307
488 349
111 783
582 808
313 715
618 877
697 840
904 344
994 200
437 611
269 877
314 774
632 306
517 557
550 17
453 496
555 120
163 43
423 190
776 114
32 541
17 664
871 871
228 83
229 511
595 34
184 824
660 523
922 143
48 857
358 184
229 947
766 95
827 823
111 622
390 789
874 515
128 331
52 868
355 598
136 239
486 539
735 597
130 545
256 908
177 292
288 2
34 15
36 650
246 791
886 597
234 75
754 786
344 69
486 852
462 917
273 558
472 316
5 11
167 151
762 600
688 30
82 363
715 809
494 312
909 770
966 77
352 862
52 691
524 382
383 198
1000 640
694 692
316 89
802 254
0 199
111 326
731 288
353 567
646 460
149 978
786 246
690 642
153 281
544 177
635 378
939 717
828 400
31 997
482 514
794 222
659 414
91 476
520 376
571 663
872 371
314 677
445 112
91 179
80 269
205 862
207 125
457 562
979 179
264 668
161 492
217 855
789 601
772 996
508 623
656 214
490 779
790 829
409 710
635 348
763 742
270 608
538 75
513 559
876 45
845 948
213 439
899 49
311 643
479 359
81 253
871 676
452 947
148 592
484 287
827 968
289 468
583 251
720 550
224 535
945 1
238 678
297 839
923 742
84 685
554 466
815 708
531 271
318 85
372 486
428 727
852 583
262 181
674 779
679 80
519 922
786 269
850 838
265 711
985 757
696 318
328 837
252 686
767 264
966 42
778 364
441 918
520 589
675 950
792 359
162 443
792 47
311 885
83 253
263 865
790 129
321 828
950 396
970 681
698 402
386 570
136 433
20 547
189 349
775 390
328 218
104 30
340 58
758 67
481 473
622 907
480 975
104 160
801 394
626 187
532 197
127 538
642 583
534 177
825 583
639 845
48 111
601 215
329 217
497 90
949 460
372 972
815 522
634 259
143 755
299 750
364 933
923 50
256 600
982 17
839 870
549 918
309 208
389 738
693 101
839 420
950 291
337 653
461 757
694 778
227 158
369 94
398 251
167 110
870 679
582 423
370 925
814 116
909 827
577 80
77 636
98 889
527 169
139 517
37 731
183 57
985 747
858 675
699 70
553 517
112 439
975 45
957 959
119 893
285 623
781 603
133 815
1000 366
217 856
774 165
645 133
843 812
284 212
79 168
3 623
811 237
281 592
227 227
477 288
591 635
139 397
919 719
597 598
673 930
135 300
437 133
404 498
464 957
145 925
667 401
870 150
167 20
151 827
234 382
853 745
38 408
655 768
455 900
540 488
262 160
807 761
951 417
640 435
39 816
289 302
588 121
565 316
164 929
71 509
335 929
779 376
495 770
509 681
141 410
513 528
14 465
517 106
406 997
63 673
650 771
157 353
677 13
801 23
958 513
642 226
215 474
347 229
118 401
163 908
110 586
140 854
721 825
651 530
311 321
94 545
625 730
127 708
630 102
580 381
387 971
290 655
767 628
575 261
204 737
651 812
953 8
654 290
678 417
871 929
204 827
343 511
639 671
520 445
297 384
553 932
645 71
209 876
170 25
707 720
927 937
976 299
966 365
991 921
414 837
159 555
67 832
624 673
463 577
840 517
489 447
922 800
735 398
130 4
692 727
302 639
129 951
438 945
2 229
748 13
901 338
960 158
279 669
324 698
842 121
521 77
58 12
560 15
507 225
795 847
301 270
201 676
84 505
475 655
556 541
887 127
439 575
976 59
118 594
458 77
29 176
130 845
679 515
220 126
860 754
106 96
92 312
194 958
131 39
620 900
746 234
51 668
543 146
924 466
122 521
588 151
711 68
536 880
903 962
35 732
756 880
105 219
103 677
118 515
821 690
742 608
603 427
560 671
230 959
384 271
489 201
848 85
517 448
108 909
823 259
660 905
943 510
181 81
50 615
706 962
408 167
176 79
870 291
650 105
548 545
482 862
902 768
345 529
769 375
397 45
540 178
402 107
669 456
537 976
906 642
162 280
869 261
653 853
739 867
791 511
181 334
129 814
648 814
25 688
397 213
526 499
374 973
624 311
829 983
434 699
637 870
459 704
871 696
902 119
156 134
641 0
147 114
397 955
231 366
100 193
859 781
174 994
615 608
137 664
580 571
565 511
939 498
416 644
747 634
4 47
155 826
159 136
429 899
513 932
961 955
556 773
217 630
553 199
469 881
64 216
887 656
366 956
261 411
811 575
639 68
52 314
312 571
104 253
548 671
261 194
988 317
302 845
579 704
427 958
412 756
508 117
482 42
726 483
318 505
400 479
651 85
424 953
728 62
176 164
960 933
258 968
943 389
607 314
489 107
812 17
671 959
11 766
374 77
397 739
779 885
58 890
300 970
760 13
246 112
850 491
78 181
505 952
20 950
504 865
898 106
204 526
570 976
115 351
486 886
697 923
576 448
448 319
782 33
595 405
586 92
476 997
333 347
697 830
361 12
194 705
79 774
953 532
845 510
972 409
418 741
842 416
909 377
838 164
699 233
892 766
25 624
230 525
572 142
506 275
460 915
4 556
847 762
392 97
143 492
163 719
65 649
647 425
307 270
912 392
889 525
167 635
594 398
511 785
439 691
740 278
371 290
559 632
971 387
67 570
136 334
993 460
134 703
848 544
558 543
137 516
511 115
523 238
814 683
176 54
411 792
258 798
531 607
151 583
432 203
459 140
43 608
108 49
324 709
591 419
218 412
444 743
893 316
876 767
962 600
367 397
155 310
875 1
315 106
327 65
300 566
240 492
989 717
947 988
480 978
920 230
193 906
569 44
862 37
810 113
738 807
194 81
324 592
977 806
416 934
345 689
947 127
184 664
163 861
335 710
957 293
521 775
996 286
853 295
494 797
674 754
642 539
854 354
965 888
712 502
362 268
601 46
964 937
108 150
66 369
316 163
26 61
868 559
560 500
578 256
692 253
976 912
581 95
892 129
21 653
467 850
329 929
200 764
85 878
729 299
648 946
150 120
744 55
206 334
286 926
1 854
966 929
94 519
246 162
402 123
506 175
380 730
684 623
507 506
277 786
294 743
279 21
1000 460
754 933
394 870
587 609
436 657
287 202
678 849
940 255
852 460
994 347
949 211
213 686
624 838
510 447
703 506
640 45
322 631
165 939
378 138
789 563
481 573
747 949
855 632
64 297
825 378
359 637
898 697
78 318
656 4
258 572
729 262
84 807
522 538
89 38
604 502
819 707
456 599
319 774
703 648
307 482
828 194
545 349
983 285
834 885
239 339
971 878
232 798
166 19
246 727
932 700
279 452
689 951
595 561
715 767
40 705
235 471
574 807
860 682
95 888
812 578
332 782
778 303
250 920
162 452
755 258
865 28
213 934
990 930
848 716
132 107
118 695
25 575
664 76
788 470
109 220
861 960
785 544
507 668
877 923
797 766
480 477
181 298
799 40
876 503
913 906
956 374
220 556
951 779
273 87
1000 891
456 568
936 757
907 546
1000 166
362 273
138 497
217 450
845 354
160 866
368 113
563 209
296 734
487 850
639 533
471 760
41 795
223 598
614 639
780 640
241 224
33 774
314 691
661 894
407 289
491 40
971 116
630 129
196 740
943 301
183 634
915 105
782 786
244 235
355 462
150 17
150 818
375 710
457 489
878 587
192 471
47 181
814 252
568 468
758 491
85 0
405 690
723 293
767 841
565 346
49 721
375 73
138 338
146 827
371 481
689 279
833 93
829 393
714 323
499 593
167 296
102 792
838 243
660 904
228 919
253 450
760 902
214 821
711 711
331 191
546 951
904 600
317 396
724 225
317 943
514 665
604 0
902 552
285 759
843 586
287 33
121 614
339 515
597 238
920 995
687 986
501 433
454 944
853 976
248 75
736 818
853 431
389 251
735 915
645 179
793 666
241 777
449 516
465 486
410 333
515 39
9 513
195 898
874 141
556 917
315 819
629 163
432 507
395 539
29 548
198 121
312 399
624 713
507 355
758 842
301 800
599 190
272 967
780 441
526 823
642 319
485 465
821 281
756 123
421 841
920 271
627 18
159 880
817 787
562 626
290 117
10 958
588 152
479 555
952 54
115 739
451 93
621 733
15 590
508 497
961 474
309 572
488 630
862 493
705 937
383 105
137 591
199 64
412 706
518 844
79 472
950 189
538 716
601 81
916 921
658 490
160 196
256 53
912 165
270 739
396 523
342 845
890 133
86 634
848 417
665 754
841 120
80 795
869 598
568 604
468 369
762 819
842 301
198 490
111 123
548 945
734 976
915 883
133 108
178 801
705 433
798 85
924 979
23 893
445 549
542 171
493 434
964 90
111 237
93 223
520 32
771 554
705 471
526 443
246 234
136 291
369 249
764 671
203 694
395 840
359 704
664 462
345 55
827 983
53 442
595 291
549 921
618 949
435 727
790 511
371 687
83 472
455 743
192 240
234 238
42 948
559 498
75 410
954 506
304 715
793 352
212 743
623 433
545 667
723 845
260 150
47 70
326 658
833 928
693 28
15 611
287 676
172 664
398 13
191 388
127 155
462 71
563 565
30 320
128 397
210 990
333 57
526 519
921 990
702 931
812 677
953 217
443 561
695 396
288 97
307 790
148 608
101 551
920 604
932 81
723 969
989 908
777 547
986 127
318 301
864 583
13 845
674 819
433 77
17 771
456 515
731 334
253 167
678 113
499 535
630 882
419 536
331 297
806 587
434 654
562 940
674 876
256 140
852 968
36 257
756 824
903 109
305 171
77 39
295 1000
918 689
84 732
327 534
651 855
967 150
18 310
389 509
583 22
262 549
637 648
254 894
6 984
196 12
33 372
291 647
739 189
195 584
754 423
656 829
472 231
555 649
619 123
294 896
467 981
215 611
487 587
269 729
949 317
518 175
83 667
9 532
724 725
437 881
63 297
656 54
886 615
273 718
0 96
493 151
345 910
130 957
242 319
902 229
258 420
655 209
931 875
461 917
850 521
779 281
775 497
336 981
643 662
63 845
919 792
585 559
812 675
384 130
910 363
123 927
456 51
839 274
774 525
694 984
113 388
623 545
462 940
820 601
880 203
548 133
753 155
313 415
661 861
783 999
283 144
374 131
760 920
813 169
542 443
334 764
662 304
312 598
670 136
837 527
178 3
669 463
979 607
844 125
357 969
386 8
75 581
482 256
631 248
538 58
180 750
717 959
390 283
400 304
546 39
775 613
624 94
10 566
886 958
444 938
119 104
249 259
422 183
103 248
663 341
543 549
97 307
327 858
137 72
578 275
822 939
824 977
903 184
26 770
54 433
135 621
346 543
506 132
75 586
534 199
890 63
142 32
863 860
707 207
60 679
860 957
600 21
270 391
18 163
494 962
379 422
739 701
811 719
521 750
772 503
202 978
576 338
660 657
236 447
526 826
538 585
481 382
557 788
56 10
610 941
72 9
811 594
209 794
129 841
627 900
50 909
260 376
196 799
442 961
584 456
323 852
120 248
150 700
456 846
516 179
393 743
286 55
757 355
644 718
968 74
456 430
520 794
440 997
604 538
116 797
3 118
919 549
45 621
47 219
636 404
946 994
147 3
956 617
424 365
86 750
98 578
352 635
622 810
148 360
710 454
459 216
396 815
549 294
269 723
136 541
238 629
525 621
47 413
769 705
912 971
771 717
732 396
144 770
501 345
735 58
666 835
364 925
737 574
418 78
835 102
391 18
424 994
30 160
209 458
389 419
543 550
1000 785
330 279
577 178
292 182
849 542
292 694
139 414
925 273
616 160
190 978
230 599
781 368
46 383
244 522
542 143
908 838
360 412
668 364
958 271
599 832
109 349
530 0
403 563
904 782
528 713
776 701
951 929
1 568
196 234
514 745
437 620
992 41
342 340
769 859
106 836
870 858
883 665
975 985
180 44
173 551
224 253
521 540
463 179
285 164
569 559
168 859
135 70
502 697
805 976
599 314
45 440
676 351
662 935
972 487
449 112
69 295
916 291
977 933
432 637
116 466
780 517
252 464
771 362
505 447
31 428
629 342
320 813
776 698
817 760
983 496
185 45
343 501
553 667
423 31
222 732
331 526
721 376
529 520
995 977
777 894
31 105
168 470
433 771
42 570
337 440
470 666
162 126
164 860
318 173
666 455
172 414
215 204
984 24
472 90
19 573
98 261
15 592
1 321
102 243
826 215
659 665
69 584
934 838
791 816
986 320
650 37
829 706
677 927
363 970
917 748
449 687
537 847
685 95
922 578
204 74
604 979
559 841
650 104
479 302
682 116
145 195
741 932
480 580
43 86
585 201
23 168
21 599
859 54
593 529
949 944
755 729
730 234
526 734
497 836
980 183
648 100
137 696
906 827
250 590
478 862
25 860
568 375
467 307
136 538
424 949
955 970
629 736
382 724
548 691
565 130
882 791
929 364
245 625
729 270
213 310
497 920
494 376
826 430
669 115
76 253
236 825
602 631
255 137
889 874
214 502
854 655
911 530
971 494
991 724
751 473
375 616
545 25
784 20
512 167
980 443
294 908
498 427
756 740
582 934
711 704
573 340
585 427
588 682
266 420
121 429
932 6
411 376
715 456
429 487
178 605
432 921
674 346
269 624
29 815
91 702
347 921
702 710
984 640
789 280
827 482
163 381
773 568
739 336
574 811
809 462
957 891
168 651
372 208
708 62
459 138
500 585
468 589
479 539
916 877
633 998
492 958
15 794
205 602
512 78
657 691
513 599
407 874
4 998
169 799
196 426
992 437
8 703
322 163
345 409
637 477
808 969
26 948
43 439
320 560
330 66
141 623
311 240
804 489
49 493
641 569
344 857
402 276
744 1000
628 461
817 174
151 388
586 481
143 814
98 451
374 377
990 25
753 899
118 824
246 932
886 190
23 443
443 620
586 645
997 624
613 767
861 589
237 999
856 50
87 595
73 967
36 332
616 202
545 898
858 321
580 670
473 874
580 578
117 82
263 47
0 315
543 497
68 584
497 611
47 360
726 55
98 285
315 154
308 969
716 105
554 902
447 49
400 38
468 670
952 48
904 438
745 171
902 899
487 616
459 396
174 892
54 645
77 165
744 87
574 91
798 404
934 65
967 680
0 959
990 197
485 840
612 625
648 270
200 662
851 253
684 679
844 28
650 759
44 155
981 287
695 569
124 895
293 513
962 196
289 986
984 870
979 58
460 126
272 171
660 913
688 454
714 163
406 400
381 220
433 470
405 475
550 61
168 784
976 235
637 956
280 885
744 469
98 823
114 85
701 134
753 839
952 960
130 899
702 694
976 296
171 180
280 497
299 921
26 251
16 939
492 174
770 701
163 916
