501 910 369
727 31
22 335
422 338
605 41
464 100
653 87
450 317
359 350
546 293
153 307
644 105
92 86
36 118
665 367
759 0
245 154
144 286
224 98
70 236
681 253
432 213
736 21
594 358
723 163
589 69
76 201
347 243
353 127
662 36
549 14
410 301
610 291
308 235
547 80
30 320
29 133
405 57
423 227
323 9
25 361
596 341
241 220
225 114
525 275
595 127
665 80
353 141
462 50
20 156
289 351
368 68
761 139
478 184
21 315
444 96
664 235
61 71
183 187
70 91
221 243
475 48
35 188
47 169
159 99
400 299
429 204
370 6
483 189
94 131
347 62
334 319
905 365
39 164
624 220
571 160
355 147
321 160
603 171
514 159
469 76
133 117
297 122
571 83
250 169
673 173
884 184
664 166
713 220
660 112
908 13
86 331
61 334
191 146
395 15
810 47
786 320
873 55
546 254
848 269
202 254
109 241
822 364
656 148
43 363
858 88
338 213
115 300
809 337
150 211
8 52
725 357
828 242
776 90
56 97
777 326
773 104
616 83
511 291
495 294
168 279
182 310
877 64
449 108
21 224
614 297
153 367
640 211
840 168
693 307
787 100
79 24
267 219
834 334
342 183
811 258
770 195
670 346
602 360
517 12
531 46
697 136
97 225
203 237
46 5
509 61
165 266
480 358
188 129
860 259
532 268
652 82
232 118
68 8
469 155
693 261
539 181
375 38
681 24
565 110
874 260
780 191
239 137
392 240
462 42
586 254
324 135
827 238
164 308
376 220
890 148
246 249
344 299
95 120
586 329
319 7
666 21
817 20
103 79
79 231
289 227
193 211
425 24
22 213
863 159
755 366
368 176
864 316
552 135
814 260
442 79
617 33
564 192
457 101
275 230
168 94
402 74
273 290
649 213
839 223
23 154
596 187
210 126
538 124
447 263
539 228
252 11
485 68
535 161
223 209
410 113
230 158
583 324
714 167
488 314
63 231
54 312
155 362
756 318
667 250
490 76
470 45
113 243
741 137
456 143
519 162
857 274
671 349
633 199
361 60
151 32
581 65
866 238
736 312
564 9
535 130
508 346
736 117
80 62
669 91
531 235
634 52
353 99
722 70
657 226
781 183
202 182
723 92
689 315
103 343
594 210
89 138
136 360
96 245
777 251
784 270
717 268
413 304
561 129
383 369
341 212
269 184
103 348
418 189
709 26
906 309
188 220
797 51
470 177
733 181
815 157
667 216
759 109
747 162
68 32
825 354
500 299
405 27
312 208
247 231
385 312
178 240
320 107
738 131
296 362
276 249
602 274
113 321
850 121
86 182
504 72
232 216
536 40
103 14
278 246
492 163
537 39
675 360
725 143
901 179
672 250
405 131
327 251
606 119
215 288
45 341
745 138
4 30
745 239
868 132
779 363
806 278
866 203
185 205
671 150
885 12
157 60
250 129
695 138
355 9
685 58
507 7
135 360
130 167
413 134
255 108
198 217
139 4
716 358
407 68
895 121
832 205
125 295
89 192
573 139
191 222
472 349
648 234
843 308
764 17
51 363
479 323
809 80
156 206
332 269
397 271
559 34
642 116
435 338
211 285
74 353
673 257
726 126
466 238
867 292
405 84
125 212
278 208
683 335
507 352
878 142
91 233
795 67
205 291
789 20
850 240
787 181
542 287
839 192
57 33
376 318
203 229
298 159
414 333
711 41
166 122
112 158
430 0
899 223
749 216
268 125
401 290
205 327
477 205
409 261
18 18
422 188
729 137
155 295
286 344
229 163
229 165
636 186
289 83
396 89
339 233
259 14
13 128
455 111
149 218
784 47
602 271
670 273
70 122
567 331
906 331
441 101
186 17
526 167
836 256
186 323
445 78
727 295
334 92
119 177
666 281
665 329
741 269
876 249
662 335
357 339
741 115
107 226
883 183
366 33
506 128
364 348
227 154
442 220
844 131
0 165
774 6
460 142
439 89
632 299
813 94
631 311
197 250
7 264
888 173
107 212
384 26
445 101
160 139
35 126
98 209
647 287
655 148
625 242
513 122
667 176
287 134
276 79
28 1
414 38
829 255
509 176
533 334
413 151
472 221
510 2
206 142
56 114
700 342
869 271
326 69
357 202
507 63
651 364
801 102
386 224
612 363
487 131
53 249
186 282
290 157
207 178
853 352
590 155
85 62
891 141
163 141
671 189
555 2
410 309
86 294
136 137
234 93
317 250
305 242
518 175
506 4
395 141
268 44
883 230
708 113
304 241
519 60
355 344
568 321
707 324
192 33
