575 667 670
498 72
31 638
652 353
428 298
609 643
69 379
665 343
101 401
339 425
625 244
204 637
109 14
94 165
586 544
476 101
137 156
284 130
595 389
85 65
94 48
132 537
620 534
419 500
196 150
193 573
510 208
484 445
73 319
576 444
402 531
498 286
357 608
291 390
587 133
453 219
516 206
353 574
620 438
576 169
601 472
140 263
648 101
617 484
75 364
86 578
242 47
246 584
402 435
11 606
84 387
51 512
341 607
647 227
137 546
245 557
57 579
319 513
461 487
290 497
91 17
200 64
190 191
44 167
339 259
354 526
334 123
53 589
642 168
629 420
470 22
93 636
517 589
385 125
530 242
410 102
516 75
565 567
585 262
646 61
523 495
507 78
142 39
21 253
211 117
187 52
9 517
625 21
159 490
444 300
79 252
132 421
506 643
98 469
89 259
403 104
463 412
13 511
44 567
249 200
130 444
526 367
666 543
429 479
111 318
266 563
412 580
593 667
58 612
353 356
306 189
524 496
580 366
455 637
433 80
487 54
369 192
103 600
548 226
220 539
553 269
459 593
113 620
151 287
650 48
42 193
166 427
50 666
662 666
59 237
104 300
369 123
12 527
372 152
248 158
319 229
206 418
497 503
407 162
650 529
471 110
142 511
651 452
359 363
183 168
465 167
192 456
37 110
27 208
624 398
490 503
314 600
96 130
431 169
487 602
487 448
661 287
318 31
245 620
82 378
212 283
329 517
176 624
310 587
453 4
317 107
118 527
536 150
647 246
1 28
582 144
525 358
300 427
512 536
460 179
522 198
462 504
593 570
609 522
96 356
614 250
587 107
210 260
120 416
563 175
375 353
308 112
521 243
28 463
46 40
110 46
446 650
90 320
667 100
307 382
195 269
12 600
565 98
424 92
152 582
558 234
369 616
635 570
549 67
58 483
328 648
344 562
181 427
389 638
576 96
46 355
478 146
445 418
627 390
349 307
495 332
648 211
95 553
419 220
529 22
524 80
230 460
554 540
134 195
509 624
40 65
657 475
216 159
589 402
93 130
333 530
422 398
271 88
9 98
91 651
117 438
127 459
611 237
289 302
12 616
615 489
133 513
270 281
558 288
344 272
335 289
7 579
166 385
409 429
245 548
378 417
32 148
48 178
423 267
502 405
667 347
593 72
119 524
0 506
417 164
310 259
227 594
192 74
9 177
511 414
256 420
318 299
418 533
192 154
385 234
209 426
421 425
515 166
509 401
314 32
175 557
665 37
439 40
455 233
450 513
220 195
271 461
439 463
39 482
549 261
628 596
44 253
586 302
568 498
256 178
576 550
559 67
396 118
139 361
37 109
116 323
545 455
597 663
377 7
207 511
464 409
43 8
146 54
96 508
224 540
607 499
584 198
42 4
639 3
567 381
160 513
3 328
544 351
219 290
505 207
517 333
301 369
400 370
83 7
22 391
197 561
192 42
88 385
184 569
666 101
366 546
504 397
270 6
583 441
345 54
418 207
106 319
234 381
51 312
94 329
86 203
226 384
274 306
274 565
572 176
137 146
653 368
334 272
220 625
658 586
395 459
307 67
141 501
173 450
223 334
60 513
117 367
427 76
281 416
555 589
652 482
436 35
579 136
64 444
358 356
514 379
74 653
90 197
629 559
24 241
564 60
27 111
305 260
444 575
71 265
8 50
360 205
616 1
272 177
600 579
365 632
46 240
155 527
501 294
85 323
166 370
107 379
337 55
280 390
68 424
111 394
659 391
96 569
632 590
477 328
587 177
122 617
581 440
562 404
98 237
369 67
601 265
499 450
558 50
263 58
161 339
410 180
382 599
430 42
531 616
322 459
279 564
456 146
337 259
377 553
532 643
336 253
57 91
7 325
579 638
549 543
554 597
98 126
205 608
77 519
233 569
658 61
333 135
494 277
103 486
622 345
129 577
395 84
196 617
632 74
561 60
655 310
486 535
633 308
121 218
564 129
90 398
558 14
414 550
474 670
595 173
588 36
1 218
641 192
161 233
282 599
173 250
654 429
251 403
55 454
530 207
257 558
44 502
298 260
615 150
360 407
450 347
76 654
112 632
367 82
440 605
90 163
120 243
615 136
116 586
601 55
399 449
629 591
407 324
449 617
143 119
130 276
375 218
327 231
505 255
374 259
147 12
217 662
249 558
0 95
263 359
278 28
572 178
415 537
527 524
477 25
78 480
618 563
347 7
25 490
77 648
519 446
442 253
337 66
23 255
200 300
355 227
422 118
632 624
299 195
500 55
266 78
361 631
565 19
189 148
402 446
190 120
174 413
335 569
492 514
359 25
221 38
597 353
633 182
338 231
517 111
473 113
347 519
76 51
375 241
166 91
182 370
531 650
39 509
254 21
666 310
11 437
136 171
470 611
455 301
117 170
570 520
183 309
76 301
384 84
584 10
616 223
528 464
148 344
479 20
554 377
433 224
238 23
530 166
630 490
369 353
657 659
591 29
160 350
289 454
604 71
467 449
377 234
306 82
211 627
215 296
218 659
622 558
270 195
349 76
111 140
646 528
411 192
332 444
118 466
574 143
64 566
418 413
543 600
71 235
160 73
34 153
482 621
489 213
540 328
619 226
