1148 84 369
39 295
45 155
29 10
39 21
20 198
27 126
79 55
51 93
67 351
43 70
19 87
0 303
61 237
79 273
26 118
48 292
61 164
69 42
20 211
12 279
75 340
83 181
42 142
54 3
11 290
43 332
71 41
6 322
64 187
84 109
16 359
2 293
67 211
4 113
60 162
84 311
81 184
42 291
4 44
18 301
75 131
0 23
11 216
70 17
81 20
73 363
52 332
75 313
78 88
55 85
67 358
15 151
56 13
81 55
78 102
19 191
80 355
74 65
30 359
26 90
6 17
26 187
4 121
40 127
73 180
64 334
43 111
15 107
63 229
19 64
83 222
6 301
70 185
79 16
21 65
82 156
78 182
54 100
66 224
58 274
42 266
68 209
23 356
64 121
77 198
26 342
35 340
4 252
0 59
57 6
50 90
40 217
8 272
53 198
67 310
64 346
73 316
16 43
39 197
21 59
6 18
84 322
78 300
30 296
62 154
44 73
29 291
50 119
12 244
22 226
16 121
49 102
4 340
17 297
2 64
31 37
26 236
61 103
17 281
53 92
56 301
11 148
49 325
12 132
42 190
17 264
10 6
69 162
48 185
39 143
26 227
57 17
76 181
22 39
26 72
47 208
65 111
1 366
74 343
45 234
47 290
16 174
60 322
41 97
64 324
68 52
18 354
34 176
54 0
67 110
15 241
18 337
13 244
21 170
24 210
23 366
73 56
19 334
3 13
2 314
56 201
43 69
50 79
28 100
61 265
4 64
36 154
46 369
64 269
15 178
74 242
54 71
21 211
28 37
33 96
40 82
29 329
61 367
43 172
83 68
11 139
12 12
57 270
45 123
29 232
30 283
31 46
77 103
48 78
0 146
60 294
22 127
70 73
67 368
8 62
74 317
71 162
70 77
56 289
6 129
36 128
57 295
61 360
42 339
81 22
16 133
46 136
82 96
19 36
14 81
18 201
15 3
51 309
74 193
59 205
74 35
77 146
39 85
10 227
60 1
78 48
47 273
5 268
79 159
14 237
78 325
57 282
43 351
15 186
24 74
75 140
50 127
24 32
14 170
15 220
6 152
67 343
18 103
44 99
25 101
15 249
68 191
80 304
80 204
66 135
64 286
38 112
31 323
2 369
12 335
16 213
65 331
68 54
66 299
48 114
44 218
70 20
50 94
74 76
7 120
64 331
17 191
39 290
73 211
69 277
63 115
30 304
26 299
17 59
49 81
83 347
64 186
74 88
20 280
11 152
72 187
80 37
44 247
66 344
45 160
77 278
84 231
7 358
14 70
27 170
51 26
3 268
38 226
65 125
39 173
57 116
6 70
8 135
53 275
15 32
73 120
7 56
65 41
36 26
29 136
22 166
76 264
43 129
49 311
50 312
22 116
16 137
45 57
75 367
49 66
52 182
45 178
29 289
26 268
45 333
46 61
79 107
32 335
74 154
34 166
62 361
84 318
41 224
55 255
84 67
32 111
66 337
2 349
7 57
35 155
39 359
11 268
62 212
41 207
77 110
26 49
51 297
14 119
51 126
49 33
22 185
2 315
66 30
74 329
60 228
0 76
51 268
56 219
81 243
63 135
28 63
23 100
57 259
36 73
37 364
10 333
10 23
25 75
63 138
79 336
43 200
69 39
37 74
60 367
68 184
77 134
46 35
28 24
80 1
71 348
81 350
43 107
62 189
33 245
16 165
0 85
66 57
49 143
80 348
31 132
37 185
40 52
68 260
49 365
56 251
79 297
45 187
1 320
60 308
65 20
14 20
10 32
31 128
37 321
54 190
49 41
9 124
33 281
48 314
46 282
3 304
38 305
27 359
69 130
49 205
71 320
82 180
60 161
8 3
74 152
59 193
34 350
30 229
13 262
62 344
39 177
9 77
39 363
67 165
26 54
64 215
55 124
48 180
80 358
7 186
10 246
83 179
65 356
32 330
76 315
75 264
19 312
38 132
68 158
66 69
6 109
32 167
15 329
58 340
70 344
54 146
62 123
3 189
79 99
62 126
43 264
82 144
66 218
24 162
14 77
43 145
28 171
51 291
24 238
19 109
54 110
56 65
75 39
78 233
25 266
47 13
78 241
20 70
51 195
19 356
37 137
35 235
13 287
8 31
58 31
44 339
56 222
23 269
53 195
19 221
26 356
70 84
30 141
12 327
74 271
74 322
71 99
61 142
60 343
9 353
80 231
40 69
67 162
41 337
65 256
73 272
17 26
67 360
34 311
12 169
27 10
35 216
67 86
42 293
32 312
75 218
66 357
4 353
53 6
40 55
69 334
70 8
32 354
49 241
0 92
62 70
84 275
45 232
5 143
45 351
55 161
81 211
9 5
23 118
67 167
66 12
23 306
25 69
84 165
31 158
44 283
39 114
8 10
51 73
57 311
30 67
16 367
33 239
24 333
72 130
38 116
79 157
31 86
10 295
59 361
77 243
84 203
67 336
51 252
84 84
8 168
5 299
0 35
54 93
4 236
45 99
30 217
31 343
37 312
83 198
74 163
63 26
45 81
82 107
48 346
2 165
60 73
43 121
11 117
41 110
50 78
31 322
12 320
70 12
40 131
4 285
67 39
8 292
44 265
78 103
41 351
54 112
61 321
68 12
60 70
69 216
83 303
56 309
82 159
28 40
17 320
58 166
66 255
67 91
3 122
50 366
11 334
74 101
19 303
30 352
0 274
23 21
57 115
56 138
51 131
50 357
70 110
27 278
16 2
75 54
26 324
43 314
53 313
22 172
2 259
61 147
33 165
37 72
38 54
9 251
31 191
14 164
49 216
30 299
8 258
83 180
24 94
57 8
33 57
11 289
28 20
35 336
11 157
43 182
48 336
63 179
4 214
59 153
33 320
45 49
68 246
78 190
53 209
22 11
72 54
61 144
81 165
66 232
32 120
36 251
48 142
29 206
69 21
77 244
37 94
59 277
13 147
23 62
15 157
7 73
26 119
72 51
49 234
57 133
21 21
1 189
72 351
24 102
2 218
62 95
72 149
69 225
50 3
65 4
0 161
22 122
32 106
49 24
23 308
28 208
48 334
8 294
43 183
25 318
45 242
6 318
26 96
23 61
22 284
31 363
43 78
20 0
31 327
14 82
58 145
22 222
39 162
23 297
24 143
38 46
20 342
36 318
46 214
51 300
67 121
5 139
48 304
3 231
31 244
46 342
4 94
72 46
5 249
26 167
56 335
30 152
81 29
16 262
13 59
53 270
26 110
45 17
15 150
60 243
64 239
40 291
68 68
27 57
44 30
7 41
72 139
79 340
51 314
64 96
65 56
72 306
70 330
71 74
15 352
0 2
15 120
58 171
16 139
18 24
83 52
11 249
61 129
54 235
43 320
15 326
7 219
73 194
44 187
1 242
35 99
46 80
2 130
40 158
54 176
82 130
58 109
24 208
33 356
81 268
82 11
61 7
10 111
23 291
83 261
48 87
82 200
36 320
79 161
44 307
48 86
43 259
54 200
61 212
9 93
4 234
18 369
54 314
25 218
58 63
57 36
75 124
80 250
49 36
41 187
30 22
8 180
43 190
53 29
43 128
20 18
51 21
66 349
30 242
72 201
37 112
3 11
33 209
9 84
6 233
4 96
16 282
66 282
40 42
22 248
49 295
71 119
55 9
1 161
13 302
54 96
50 365
0 268
39 180
28 14
51 232
22 103
20 348
84 317
19 363
66 34
61 307
47 332
69 85
9 169
2 211
35 82
44 20
4 300
13 29
4 89
25 36
52 257
58 212
5 288
50 21
38 65
64 5
56 292
81 3
6 10
18 163
1 87
16 358
54 256
23 113
39 123
36 296
22 327
0 15
51 4
35 144
74 147
65 70
4 1
36 104
18 166
35 303
44 225
11 49
77 35
9 298
81 140
2 244
22 85
26 228
2 289
7 315
18 159
63 105
42 91
20 215
25 283
70 32
22 318
40 294
34 264
39 156
68 338
81 318
27 33
64 73
82 103
44 100
15 74
16 195
70 258
70 267
15 289
77 92
4 11
80 237
54 278
19 143
3 91
45 159
48 358
62 197
53 123
75 292
26 180
60 339
32 151
33 359
12 107
50 163
49 31
15 232
47 153
58 71
41 211
39 42
21 7
76 260
46 38
67 136
83 348
42 175
70 179
56 227
64 59
22 200
74 342
59 215
9 195
17 22
39 13
66 53
24 144
42 12
65 147
21 127
61 333
82 363
24 356
53 59
30 52
42 363
79 105
51 269
46 52
33 350
50 199
48 294
28 297
80 19
5 315
55 230
24 69
3 64
0 316
35 273
47 174
32 83
75 266
33 60
3 4
83 175
75 155
18 47
43 359
4 58
37 327
51 311
68 165
6 114
2 176
79 305
81 62
8 262
84 34
77 183
57 201
52 42
77 195
70 107
31 291
62 177
63 273
2 261
57 358
76 193
64 264
75 24
51 352
83 30
39 320
76 94
71 273
36 152
42 120
75 188
37 196
37 361
73 277
45 262
72 193
30 191
33 342
32 351
78 110
38 48
74 142
43 112
36 102
1 93
61 137
63 130
65 109
19 59
3 62
41 73
54 1
19 90
57 322
17 308
4 288
77 60
78 253
16 87
47 22
31 121
71 130
34 315
45 100
23 106
48 287
80 336
82 280
10 31
84 277
57 251
76 214
27 44
67 44
15 360
16 197
3 281
56 290
23 76
41 94
8 189
51 237
73 111
17 51
40 231
10 226
57 129
64 90
71 310
9 168
64 195
79 219
15 173
57 62
25 297
79 199
62 276
61 286
41 358
26 154
70 15
16 221
63 23
8 299
19 270
62 81
1 5
15 130
2 10
58 315
68 91
17 20
34 334
30 61
80 80
30 334
16 237
59 25
70 181
19 231
3 53
52 172
58 310
38 157
77 45
7 324
8 76
51 38
4 72
54 303
10 347
52 63
63 140
25 166
60 95
30 163
40 290
2 56
52 301
34 330
30 207
47 127
24 203
37 346
65 183
52 21
64 116
24 311
25 338
52 173
16 136
13 84
34 27
35 165
45 236
73 134
68 207
38 202
46 219
25 56
73 351
55 244
73 295
12 356
47 134
10 116
45 278
19 300
15 57
61 221
1 247
48 343
12 14
30 321
20 133
42 289
16 297
75 369
1 339
71 117
55 82
12 190
19 47
84 181
18 365
30 81
81 54
38 335
