1797 418 400
197 152
289 92
310 271
60 123
258 86
3 315
145 400
269 283
385 12
302 307
313 397
243 374
351 69
319 338
349 130
293 326
378 16
192 174
293 103
137 377
409 244
284 255
230 203
184 335
24 177
216 59
91 74
1 161
255 235
368 314
417 140
264 211
216 397
282 302
48 198
346 228
39 74
368 145
356 51
190 11
176 51
304 370
61 174
241 293
330 255
395 242
93 178
415 185
277 34
32 269
134 30
42 52
379 314
208 215
44 395
330 161
68 186
415 174
160 106
84 166
100 393
17 285
219 225
212 110
29 379
83 200
179 16
314 309
415 227
87 277
400 241
200 57
294 101
263 65
275 206
348 279
242 203
29 119
65 341
336 144
34 71
159 14
262 299
123 180
262 105
304 190
323 143
35 135
81 93
99 378
397 283
261 37
205 42
340 41
163 201
137 29
251 282
59 368
292 378
376 163
197 242
128 143
257 44
198 27
181 39
316 240
136 390
158 371
407 109
336 197
361 368
409 374
400 361
229 101
341 265
87 317
371 390
107 227
28 107
60 147
375 288
44 54
131 69
241 368
55 398
273 102
406 352
264 11
29 6
151 24
245 197
337 229
150 353
324 30
382 154
43 229
30 302
43 356
18 251
111 231
276 83
80 41
264 267
357 205
351 393
320 386
140 309
321 268
31 90
115 252
215 276
413 59
121 134
168 264
396 144
217 284
163 336
278 389
390 21
67 147
83 365
73 347
55 311
58 145
367 38
377 266
351 214
20 119
63 16
256 394
129 318
308 115
216 366
21 83
341 55
197 53
57 276
401 158
269 280
175 168
348 73
125 170
314 284
130 89
344 398
212 118
74 89
409 378
297 327
257 65
255 170
119 136
151 207
69 89
101 301
326 108
331 134
83 227
26 235
10 16
297 127
392 315
407 235
113 8
393 242
290 2
117 124
150 290
323 372
21 259
12 165
349 190
214 26
352 66
67 286
285 84
144 362
344 278
104 206
140 210
79 94
405 229
173 285
299 316
340 31
341 320
85 36
331 168
65 51
307 302
325 326
417 301
183 159
29 325
15 3
236 84
160 230
67 345
378 43
324 378
223 87
351 177
147 275
104 389
216 307
288 196
63 236
189 159
35 76
64 254
99 36
217 66
188 277
66 340
346 270
341 83
309 267
196 64
78 32
343 353
230 131
128 223
119 222
230 106
249 388
361 310
233 343
385 210
70 301
392 54
110 124
203 214
214 154
164 340
95 213
362 42
202 336
418 77
250 35
249 365
71 49
99 47
36 14
164 289
411 65
330 381
88 196
383 119
253 188
31 137
408 71
81 347
300 61
416 353
112 371
62 279
156 142
307 3
47 246
253 99
0 60
167 62
347 147
194 164
250 68
312 254
224 324
385 251
4 108
240 168
262 260
99 389
206 296
249 25
315 56
266 248
29 254
113 340
219 97
112 240
282 196
254 331
385 39
375 170
10 346
17 9
269 273
305 245
121 147
35 121
42 196
99 188
376 61
322 115
359 326
266 57
27 391
190 355
114 373
269 94
143 92
139 313
148 48
65 88
61 223
38 86
194 183
153 240
155 398
111 65
34 90
263 179
48 161
302 82
148 367
65 229
65 64
246 344
144 302
206 121
249 341
323 324
335 173
21 341
64 271
166 40
104 225
9 314
304 64
298 386
56 147
264 180
171 113
302 373
156 162
211 213
113 319
265 261
27 23
29 51
292 119
234 83
232 6
34 245
6 219
396 158
280 73
352 65
123 307
227 91
286 211
403 111
406 348
215 199
257 287
36 236
275 212
153 19
279 328
274 191
103 216
239 266
273 89
205 99
38 336
355 250
326 225
328 145
169 324
373 108
26 96
374 24
1 369
206 321
328 397
170 308
52 131
386 271
19 109
137 337
161 384
400 331
252 202
62 113
342 355
332 284
188 197
277 6
327 375
106 289
136 15
274 22
42 2
403 379
157 32
398 268
323 37
323 351
234 163
23 28
15 15
169 326
400 292
167 372
42 12
182 1
208 341
368 79
146 151
408 365
417 363
114 377
412 217
267 171
131 260
166 186
14 180
259 279
151 270
23 228
416 310
343 6
58 21
17 170
333 82
307 157
45 22
138 59
230 52
121 285
349 124
355 159
304 67
347 400
34 115
284 389
125 322
259 363
165 218
303 34
351 222
133 381
292 265
56 314
130 76
82 134
336 356
127 298
276 229
309 153
391 310
198 108
6 108
257 17
205 23
47 23
99 249
279 398
85 134
236 287
187 14
239 239
63 212
186 150
114 61
357 376
364 106
10 69
99 354
347 304
67 184
197 304
193 32
45 234
370 324
85 75
81 274
42 31
146 59
82 218
17 226
256 369
119 130
159 322
324 150
41 215
360 73
59 141
258 336
241 275
146 253
122 122
241 383
137 342
94 366
315 233
378 23
139 125
275 144
197 59
294 366
113 102
338 279
144 59
57 63
178 314
7 49
327 84
97 362
226 263
241 304
284 330
355 208
330 343
90 172
235 178
374 94
299 310
146 85
278 65
223 247
223 2
93 355
237 348
63 208
196 236
273 292
81 201
284 186
407 390
336 344
98 22
65 283
128 148
193 282
160 262
60 270
191 12
33 365
24 163
6 46
93 103
294 180
23 30
146 239
227 228
307 20
121 120
88 399
352 179
97 397
413 120
258 260
133 194
241 123
322 158
239 113
87 231
46 238
315 36
313 272
224 3
72 329
222 283
7 111
397 399
294 172
291 366
385 108
99 141
263 315
260 273
298 277
343 225
228 242
171 269
389 109
92 70
105 34
417 243
174 87
267 333
375 295
355 315
299 361
31 75
378 266
366 262
89 17
44 105
35 362
37 117
261 323
162 366
200 131
144 336
368 64
141 170
322 390
294 327
301 177
390 183
383 318
255 251
298 266
209 318
302 239
117 300
287 47
254 323
411 312
128 206
384 105
164 125
396 25
63 178
110 23
66 82
128 164
248 374
326 331
200 207
81 343
160 331
222 285
143 81
221 347
391 392
195 237
60 69
281 347
322 342
120 301
12 321
227 371
156 346
231 113
230 144
12 84
108 288
380 281
159 307
288 351
397 316
157 250
62 137
398 136
15 119
226 271
277 238
120 302
322 138
127 396
185 344
281 12
112 147
182 239
86 190
374 371
367 163
309 275
56 202
115 335
298 63
33 34
194 101
303 0
46 344
74 112
25 3
64 119
319 379
274 68
294 84
120 11
134 215
125 199
201 301
289 302
133 346
308 77
185 298
387 292
308 67
244 398
108 113
355 40
228 248
242 191
240 25
17 197
48 139
244 377
141 375
180 116
69 96
305 231
140 317
57 277
42 65
196 43
64 62
346 153
117 315
213 163
168 258
100 169
78 248
19 125
320 197
124 233
264 88
411 152
148 184
320 0
389 12
141 311
285 81
288 5
418 91
133 248
304 246
356 169
247 174
127 220
7 57
17 362
142 207
266 144
314 168
402 273
350 300
0 338
8 383
69 48
310 203
45 135
8 68
348 213
31 371
371 153
330 46
281 348
394 286
354 288
20 364
167 31
48 33
182 395
55 69
178 115
73 261
258 189
401 114
207 218
155 54
164 153
66 177
85 104
81 254
165 372
88 400
32 5
346 347
58 6
360 48
101 246
244 103
401 90
409 258
288 24
365 128
275 286
229 105
306 67
254 277
47 70
330 397
17 154
342 8
264 49
214 27
118 18
67 186
231 134
382 82
256 2
210 56
404 271
209 190
107 275
94 43
208 397
403 313
170 312
252 250
384 181
31 230
219 131
114 348
174 267
334 228
66 21
395 209
367 100
147 205
334 168
353 198
241 292
253 385
197 229
321 53
140 399
2 268
318 248
378 328
48 271
350 375
338 343
127 202
65 353
182 102
298 321
6 229
158 217
39 303
395 320
162 372
388 327
77 304
387 0
416 165
12 3
151 374
305 107
25 292
156 6
110 134
174 135
191 201
386 239
45 114
262 15
317 82
126 361
17 68
411 309
315 162
317 166
315 241
188 376
44 160
4 1
274 201
389 196
345 149
404 69
219 81
400 62
101 87
207 39
8 129
100 326
183 112
73 378
16 312
167 60
257 19
176 116
339 207
267 371
151 321
98 55
27 320
412 389
1 330
118 376
305 222
189 67
360 297
248 60
182 219
171 223
64 217
126 174
264 56
47 221
107 228
257 61
196 341
178 220
155 338
270 308
322 276
16 156
332 77
275 263
228 247
183 34
111 96
258 248
322 216
238 157
156 246
162 234
288 152
339 182
37 47
52 385
178 301
109 10
112 341
83 261
340 1
49 113
132 103
371 140
2 369
395 398
307 336
252 227
409 45
179 359
148 39
31 86
392 357
358 101
10 342
131 341
354 314
345 39
18 305
217 156
50 44
348 385
256 260
280 54
392 284
109 387
90 174
139 203
120 72
132 31
114 138
15 215
336 226
120 314
174 134
79 273
389 10
101 36
331 292
401 217
91 393
315 287
273 18
164 135
74 266
156 175
10 354
183 114
259 322
205 101
274 106
219 363
258 249
8 172
35 290
326 50
398 6
176 387
406 299
172 235
350 253
63 334
110 317
121 311
214 207
198 361
250 356
140 271
145 120
88 87
57 391
399 296
47 372
410 305
115 398
103 206
198 161
140 400
247 184
409 283
281 182
166 13
114 307
325 363
266 262
79 58
266 206
189 139
367 296
259 162
82 185
398 88
169 349
414 329
146 54
230 95
341 233
92 123
35 359
225 148
60 71
286 57
143 146
227 67
296 119
196 178
146 226
210 353
242 58
195 250
339 284
145 208
301 263
264 155
360 3
262 378
418 195
389 238
333 127
122 221
237 41
206 331
213 151
211 243
45 291
280 61
70 18
94 7
240 273
297 87
152 327
390 150
311 69
405 264
142 20
241 328
287 13
353 350
237 351
242 37
93 226
312 223
287 123
369 39
276 18
245 68
358 326
261 212
364 123
353 304
332 337
267 112
170 221
34 31
116 257
239 84
59 284
276 227
6 267
91 351
126 224
122 93
63 129
156 376
265 206
26 318
55 120
336 379
246 125
326 152
171 381
274 299
170 116
287 297
179 120
313 252
309 121
334 21
375 296
222 118
168 238
396 338
135 326
8 199
340 302
139 241
200 196
13 191
18 167
384 37
200 272
108 308
406 241
81 16
287 289
152 126
39 75
172 227
350 128
37 324
404 157
184 14
315 13
321 155
418 147
73 164
175 57
379 395
111 349
412 345
23 175
230 161
390 234
38 106
342 131
78 244
298 66
385 362
64 260
287 240
137 89
126 377
198 68
281 195
80 155
31 232
9 316
307 83
298 124
327 162
293 113
222 324
34 21
92 200
199 84
282 4
389 265
401 260
208 282
231 232
53 5
160 321
253 368
51 66
130 196
409 43
278 163
133 373
117 33
403 352
154 356
67 169
348 206
101 10
223 350
348 288
291 199
213 52
99 393
330 369
160 340
318 289
380 98
10 84
311 196
189 70
276 23
337 184
183 250
91 145
41 281
251 301
293 186
331 285
14 60
345 104
46 73
186 245
64 29
364 278
125 337
313 63
205 127
96 71
391 226
219 210
292 140
167 392
100 74
332 332
96 370
40 14
283 362
277 92
368 326
86 339
194 44
285 254
403 226
367 10
224 58
314 220
305 255
323 53
224 326
276 106
242 39
225 119
80 282
117 281
63 20
58 67
391 212
110 390
3 316
369 296
163 365
409 317
214 307
239 163
200 235
125 110
238 110
63 42
104 185
275 105
287 5
209 287
78 144
407 72
51 331
16 255
315 322
5 291
118 277
232 234
92 352
73 7
222 159
398 178
64 88
231 195
193 50
45 271
160 319
30 148
201 313
115 101
417 122
329 106
343 114
177 71
51 82
80 162
331 136
375 51
281 315
63 238
126 194
406 102
1 33
345 124
205 398
51 39
173 47
354 167
233 106
333 314
354 100
73 175
43 199
15 296
274 317
25 20
291 167
343 259
92 40
310 67
331 333
281 152
130 20
39 218
94 194
363 104
128 232
4 311
220 315
156 206
326 78
31 322
279 177
59 99
63 313
58 201
71 391
189 119
361 379
416 202
94 26
216 274
180 343
395 100
57 226
142 222
367 175
368 196
240 322
234 82
238 198
86 393
149 35
195 28
229 27
276 140
379 22
231 226
16 29
46 130
123 228
102 154
225 348
384 148
250 196
177 19
235 48
417 271
174 201
369 88
371 83
222 69
125 250
257 74
289 89
330 150
245 372
181 354
137 201
32 329
404 288
157 22
383 61
72 213
356 267
369 75
389 99
30 350
99 71
299 259
290 378
127 157
288 115
409 270
99 73
153 73
267 335
288 90
78 193
237 191
87 103
226 356
178 206
157 231
14 225
276 114
14 218
354 263
398 240
5 297
250 63
75 104
322 333
10 256
222 169
335 60
24 153
357 157
410 18
254 104
395 36
249 134
256 234
250 209
8 304
86 125
27 333
159 382
159 236
391 79
171 53
321 149
405 4
67 86
191 167
235 364
101 13
290 352
62 16
255 239
7 98
279 219
398 119
181 286
382 234
205 382
3 32
126 26
394 1
19 391
24 329
284 30
34 195
47 259
41 327
316 343
418 322
409 166
97 9
24 20
328 107
55 220
393 140
353 309
230 261
323 89
207 64
340 200
141 384
188 274
89 129
294 383
148 46
254 50
402 102
32 142
109 56
212 45
226 150
47 126
404 215
47 94
263 69
53 185
84 343
248 63
15 141
67 372
244 261
371 400
29 229
335 154
249 244
37 192
22 20
296 116
302 109
158 284
232 396
284 243
66 356
232 360
53 87
189 4
128 103
336 262
24 112
177 88
365 383
237 244
58 249
48 338
339 287
194 204
402 4
332 65
6 185
273 106
209 244
378 206
285 205
150 29
384 69
205 307
300 12
121 355
141 345
267 96
63 270
312 16
240 211
248 8
370 16
50 284
309 70
372 102
21 391
263 238
255 72
355 132
124 345
329 360
256 107
267 378
394 161
95 56
60 375
70 48
248 31
182 141
228 399
271 255
15 159
308 379
172 20
109 65
279 1
57 320
229 229
103 124
40 85
356 248
384 153
98 118
336 159
130 7
166 140
328 350
147 307
95 266
318 28
314 180
142 257
119 210
203 73
306 240
70 198
320 92
282 385
112 265
404 133
235 150
58 232
355 120
305 178
71 220
127 189
311 316
149 104
271 322
327 137
124 323
253 285
29 205
172 197
163 82
72 112
73 386
369 196
246 17
38 33
367 98
242 341
389 211
237 333
392 309
121 10
38 282
403 123
93 180
172 260
147 172
268 400
217 305
158 399
347 335
104 264
306 44
306 12
340 51
234 222
217 56
171 61
96 57
245 257
230 260
235 399
117 396
404 188
85 8
143 247
390 297
210 76
287 77
95 75
111 356
240 360
43 15
247 236
220 391
173 222
144 52
368 206
9 142
77 383
365 195
278 268
335 367
405 142
97 310
391 387
413 302
7 217
136 337
384 335
128 23
70 49
157 45
82 214
405 145
390 72
198 16
296 328
282 348
230 202
298 208
142 204
203 222
402 95
114 217
388 125
164 21
244 98
34 236
259 386
65 118
348 145
226 13
376 386
233 294
280 108
333 376
143 160
74 273
410 358
273 341
401 88
118 146
268 170
187 78
88 228
188 167
347 241
318 130
199 298
11 14
236 363
179 87
250 163
214 199
402 336
379 317
306 179
307 182
146 315
126 383
58 10
388 197
361 231
414 382
365 100
242 78
66 108
274 73
383 22
397 362
98 350
324 153
223 268
125 54
197 243
117 125
184 325
129 79
194 41
316 251
63 234
308 163
167 175
168 202
292 144
277 66
356 392
41 270
319 204
295 22
13 63
390 46
196 398
243 367
237 47
270 172
300 68
162 33
309 91
295 385
109 160
47 72
227 384
258 346
209 249
167 157
330 194
322 301
388 367
91 355
162 321
232 391
9 257
143 338
272 139
162 325
41 273
235 26
378 129
201 371
209 366
375 283
90 288
369 73
105 163
152 70
345 91
206 304
242 240
16 164
130 18
229 274
347 177
35 190
316 50
114 204
76 174
45 345
73 36
35 15
