724 278 575
89 55
12 26
176 223
103 216
48 174
207 363
190 169
69 29
204 344
34 355
162 41
89 274
128 443
234 15
262 529
131 257
18 125
248 400
204 135
194 31
82 417
149 108
208 389
266 377
231 123
197 189
14 470
108 118
99 308
175 298
277 535
56 486
221 90
181 200
172 57
220 98
57 135
64 52
275 261
166 281
8 267
92 284
19 458
160 74
25 199
4 229
88 535
258 260
70 92
211 216
68 366
140 519
213 262
50 483
125 430
60 25
232 99
237 157
214 225
142 504
39 89
181 540
74 251
230 413
165 444
61 349
165 64
247 219
216 424
134 125
176 88
206 255
267 550
187 496
56 457
191 419
173 46
125 374
16 460
122 543
53 482
202 545
269 365
277 154
56 322
248 72
221 483
59 107
26 126
69 464
38 161
202 485
226 542
60 7
249 17
92 206
148 358
230 551
128 469
254 356
240 77
120 483
195 391
266 294
107 266
50 461
177 39
208 413
239 554
254 88
243 229
18 529
272 253
261 425
135 491
119 196
194 140
9 220
75 476
42 247
236 462
200 455
166 505
24 571
16 457
118 265
164 43
143 108
82 145
180 180
10 484
182 139
66 301
254 340
121 531
184 360
230 80
207 458
261 76
243 369
223 125
198 561
190 7
89 359
274 332
117 99
157 290
217 521
149 544
85 159
86 169
173 356
113 458
76 263
159 374
236 135
35 7
117 426
150 482
29 431
130 569
155 116
147 499
265 95
7 57
246 409
142 24
57 254
172 349
25 74
209 80
205 152
44 65
58 202
245 359
225 501
36 32
278 62
268 81
263 557
53 309
117 399
163 84
119 233
212 271
273 22
128 563
31 138
254 424
162 355
23 20
32 430
236 566
18 160
136 564
97 174
114 263
143 455
180 291
37 561
104 455
205 457
251 438
76 217
90 156
74 6
257 114
24 83
201 328
135 153
132 94
138 126
255 463
34 99
152 196
192 156
230 231
274 166
88 415
80 52
273 28
258 513
89 461
68 18
169 542
24 475
192 420
181 341
222 142
47 38
67 33
239 398
241 443
62 123
122 310
46 330
21 279
192 2
164 535
117 170
0 242
150 323
116 218
207 524
96 565
272 512
184 234
43 504
173 284
239 465
61 418
218 496
135 51
237 34
10 119
134 530
268 66
205 307
6 31
129 126
167 206
107 441
275 77
218 264
178 284
31 24
34 61
143 195
89 32
209 145
98 159
172 275
66 443
272 284
254 280
53 252
98 462
147 171
102 275
60 365
177 55
223 140
41 306
69 149
148 572
187 503
203 181
167 14
53 540
100 270
1 87
172 510
33 244
179 506
222 509
132 397
101 404
194 8
211 183
122 537
55 86
23 518
245 20
190 554
221 262
234 361
128 254
147 23
245 503
64 206
179 144
27 96
0 82
130 178
49 542
47 344
64 292
165 161
93 186
200 294
43 521
102 193
218 395
164 456
137 476
157 124
192 134
254 94
1 335
65 406
230 219
187 287
217 200
69 331
159 320
189 295
140 206
111 477
241 186
253 95
36 383
157 300
51 357
150 438
119 139
215 178
144 196
84 115
263 428
141 196
148 507
50 536
250 146
190 259
38 316
79 392
77 54
80 370
198 254
187 139
217 427
100 51
239 390
230 21
46 148
39 96
107 182
182 264
123 472
180 394
269 30
65 501
169 227
230 485
219 147
126 544
113 83
143 421
69 112
146 308
36 536
126 109
148 149
184 361
139 401
37 23
65 496
120 378
222 251
229 523
2 494
257 426
253 9
223 221
158 382
90 329
239 156
210 73
229 467
267 324
108 431
81 284
156 262
78 377
122 564
148 122
242 395
203 571
195 356
107 73
213 224
219 452
63 381
25 390
90 484
114 6
167 30
224 340
46 16
20 142
234 571
109 319
245 101
72 400
236 431
144 565
248 111
270 322
18 511
16 413
212 55
62 342
6 234
63 520
80 184
275 142
12 80
169 220
9 57
7 327
135 131
26 380
25 35
244 344
106 550
10 367
15 466
19 501
116 516
260 529
183 308
113 155
154 80
276 135
256 117
92 75
91 211
108 567
3 561
254 488
198 0
94 173
83 205
1 473
155 179
214 33
197 269
27 89
47 48
50 126
144 123
62 570
78 547
21 92
170 215
142 171
209 301
65 215
263 209
34 51
252 188
4 288
156 158
109 88
242 435
70 103
163 188
152 354
58 84
116 567
92 147
181 197
269 303
148 315
73 118
96 77
210 273
105 104
190 541
240 243
273 241
170 232
3 527
2 49
59 241
220 515
20 511
189 365
34 356
90 83
112 321
183 18
168 525
21 514
45 563
155 537
181 335
186 505
105 16
249 408
263 232
235 469
244 29
100 534
263 568
204 407
203 342
28 415
109 121
190 180
173 364
163 468
14 291
18 419
122 529
116 327
86 464
5 322
273 372
53 455
203 166
196 437
246 206
191 177
211 496
118 31
24 387
153 304
238 187
249 71
153 516
84 335
118 365
170 436
9 523
247 142
202 50
256 123
100 157
72 496
136 301
236 511
236 381
187 479
166 254
194 220
209 196
100 304
170 326
156 160
13 325
138 99
98 158
215 104
56 549
0 30
127 10
55 74
275 567
195 350
43 88
17 103
142 443
105 76
37 393
237 443
147 384
72 162
191 541
64 269
162 363
248 569
36 185
253 467
22 358
174 422
149 205
219 146
56 224
92 67
39 414
32 220
221 107
191 392
233 265
49 521
115 356
9 83
195 146
180 220
183 37
195 86
177 104
234 452
261 27
261 49
141 347
264 397
184 284
152 3
188 344
53 137
113 559
14 509
276 480
17 414
5 388
258 101
78 263
267 1
55 299
110 192
240 563
187 106
149 291
274 379
185 171
80 14
36 133
60 276
75 146
178 62
31 139
100 59
151 390
85 374
134 127
248 176
67 396
177 50
212 15
96 307
192 264
105 85
217 214
209 214
99 107
202 327
277 216
213 313
178 96
226 91
162 343
12 143
187 190
102 338
210 152
153 529
80 442
15 381
90 485
198 401
59 160
183 567
172 48
278 344
150 519
30 260
99 312
134 251
182 13
203 374
278 265
278 52
169 411
252 252
33 12
87 568
120 53
28 233
5 60
58 293
51 499
93 262
30 407
179 384
267 231
141 194
153 102
28 120
207 96
77 246
22 314
268 321
16 505
82 378
167 394
111 472
233 305
173 505
75 118
103 231
66 359
98 569
4 421
102 99
82 170
52 305
74 498
193 163
271 321
216 414
263 517
136 212
