1814 687 461
124 87
166 274
352 326
422 135
274 457
522 393
553 378
389 73
278 252
254 57
103 147
658 162
400 58
90 448
606 60
143 312
227 441
564 387
215 213
504 175
430 264
580 192
111 418
515 309
171 422
480 292
104 407
584 80
588 110
660 74
458 276
338 247
319 59
335 288
183 397
41 238
25 424
139 104
355 241
611 77
561 1
634 385
395 59
243 351
151 269
403 131
2 222
601 265
181 30
188 72
32 397
540 133
532 387
271 42
168 315
114 259
61 35
280 229
319 214
194 137
126 416
590 103
209 28
2 87
358 368
423 34
309 164
42 0
79 262
105 151
480 154
142 249
404 366
481 408
565 448
317 375
653 260
383 455
308 79
101 97
266 246
327 261
403 312
627 78
338 292
460 43
189 14
148 387
454 278
574 275
178 232
535 461
332 183
429 168
331 58
20 167
6 326
205 213
330 220
346 137
631 451
443 205
519 337
561 146
347 452
562 8
383 76
301 115
232 23
591 377
523 303
472 0
401 291
336 191
47 52
591 371
26 390
208 80
602 115
112 375
151 338
282 295
25 335
494 77
151 304
367 449
655 390
574 438
88 24
451 8
31 431
237 433
174 444
652 389
510 130
526 268
104 295
212 424
147 0
128 73
513 8
674 389
493 348
332 457
509 323
286 460
183 256
686 267
285 225
0 47
6 234
364 213
149 296
345 294
413 376
487 361
283 60
189 128
174 322
1 451
148 179
539 6
491 11
391 356
678 228
594 336
0 431
211 437
175 155
46 271
97 182
14 101
308 258
317 377
522 148
648 37
271 264
625 43
112 369
639 410
202 47
286 392
95 215
525 255
653 427
109 323
446 386
266 186
154 438
238 232
517 138
421 166
447 211
609 212
665 187
204 5
331 226
651 111
32 293
325 82
551 433
437 314
508 279
588 175
559 312
199 13
138 407
459 173
518 315
148 111
458 231
597 26
408 461
650 417
530 149
543 400
529 311
43 320
324 227
359 381
683 385
64 284
428 269
100 416
367 453
314 410
66 381
644 164
304 303
385 8
177 219
497 88
442 460
526 149
28 371
373 329
468 4
282 407
458 211
248 324
248 439
552 340
74 436
65 121
430 161
579 32
164 422
351 190
189 121
664 311
656 391
79 101
74 9
344 374
263 157
644 451
465 39
643 324
153 199
259 131
52 31
499 208
2 219
32 46
134 421
583 430
271 50
555 105
598 315
379 396
437 222
118 192
313 71
514 431
70 334
542 328
421 260
99 118
655 386
333 120
595 144
304 241
461 365
465 196
541 5
603 271
522 330
378 186
650 307
603 336
434 410
658 187
665 274
635 327
225 328
666 456
325 86
209 53
671 416
389 336
254 172
278 69
459 178
482 193
320 169
611 114
50 190
85 66
685 129
10 54
344 409
147 257
121 162
373 311
630 27
545 347
564 110
679 138
22 277
194 106
474 183
304 204
66 76
31 140
588 379
181 77
403 169
191 357
35 28
572 381
491 134
27 167
91 271
181 362
533 124
155 5
341 10
497 116
686 184
101 29
104 240
59 31
684 133
628 139
598 225
154 270
491 328
672 426
504 43
68 235
407 443
549 64
271 449
264 170
454 299
310 27
510 232
362 25
365 59
87 447
413 433
604 406
365 94
67 175
600 287
585 350
482 154
47 293
453 372
204 291
630 179
599 220
166 169
577 171
354 216
651 447
453 58
28 437
21 206
420 163
275 125
323 436
519 120
389 262
448 127
234 449
497 232
241 41
465 364
687 334
584 342
581 274
247 313
451 79
139 158
611 211
255 70
666 360
335 269
588 314
637 16
498 440
633 11
644 453
364 16
215 86
160 346
348 83
178 263
407 325
100 24
308 382
258 383
212 133
520 338
125 44
566 306
30 279
564 358
282 152
27 381
240 134
184 265
281 236
479 258
145 359
99 206
216 201
282 213
356 24
131 427
274 438
39 410
286 331
306 442
334 419
321 190
609 92
438 193
81 234
488 446
232 113
313 24
426 154
422 196
536 241
604 236
115 244
450 223
594 149
438 5
570 253
288 263
378 62
130 350
242 121
363 283
449 370
343 75
315 461
642 78
458 162
91 417
284 231
135 34
415 38
155 430
231 107
252 303
541 401
469 228
534 384
118 159
541 173
224 246
489 135
136 108
377 405
195 101
582 274
235 245
456 135
394 32
337 333
35 6
667 445
51 91
136 80
114 359
279 207
350 72
478 363
615 341
246 238
516 217
650 404
452 310
264 123
531 425
185 336
679 328
157 332
146 250
0 70
585 270
435 76
117 282
449 414
451 75
546 444
176 283
283 157
60 325
147 389
679 101
310 452
356 71
289 407
616 442
513 443
387 275
610 104
223 147
300 329
98 238
90 374
568 307
131 392
163 323
450 353
263 377
338 87
620 218
125 197
394 159
36 31
652 443
74 294
315 57
170 401
448 157
360 188
344 215
383 311
527 251
89 329
44 305
191 42
228 239
401 133
610 58
347 213
381 99
167 393
76 330
637 3
135 6
258 32
193 20
56 13
461 334
363 123
193 236
466 78
166 213
303 251
367 112
623 236
437 328
319 335
548 109
352 65
191 404
280 6
253 403
65 104
203 185
181 395
108 70
70 358
190 103
598 72
510 286
243 408
449 48
328 447
668 329
524 112
225 333
259 64
37 276
517 95
551 451
564 145
181 210
444 384
165 102
462 135
318 377
290 10
304 1
636 81
419 154
329 454
299 26
419 414
54 76
599 232
668 458
258 292
500 167
35 13
440 331
169 43
675 447
485 198
185 139
82 346
2 385
194 252
564 450
215 293
271 114
482 414
187 138
328 242
66 83
441 91
659 189
316 128
59 264
439 350
186 439
145 88
678 364
260 461
213 217
242 158
650 106
533 227
329 207
369 387
653 80
182 272
370 358
493 458
281 92
413 52
588 370
664 149
429 58
122 288
350 443
518 437
320 96
608 156
98 453
353 436
188 331
466 321
76 228
136 3
124 391
559 423
13 193
112 301
425 78
131 185
320 268
101 335
501 101
6 193
399 212
297 357
671 180
550 164
677 148
641 104
173 9
169 110
625 47
510 295
69 51
586 91
624 440
67 98
599 294
289 419
19 157
227 369
29 31
162 34
576 334
394 292
480 347
356 195
423 163
596 33
111 217
475 259
663 112
593 157
18 171
164 9
172 435
601 322
240 349
71 2
63 290
172 382
24 190
446 50
137 35
262 260
552 115
73 216
673 332
512 358
358 112
439 408
187 443
57 220
98 168
377 414
350 209
468 401
288 322
126 80
285 437
270 427
183 67
256 183
118 236
30 298
186 316
136 232
117 378
388 104
244 152
306 427
403 207
16 384
156 456
76 360
29 361
453 387
117 55
538 439
572 267
603 125
90 324
72 380
679 213
592 289
315 98
492 122
464 410
549 224
554 47
2 161
150 13
618 17
598 271
48 439
422 437
105 272
380 150
653 106
545 53
374 63
407 451
672 13
230 183
513 400
421 194
203 362
363 389
539 53
254 282
257 4
52 231
414 276
146 280
287 172
12 382
667 287
471 420
632 217
396 259
450 103
471 349
412 205
566 357
106 295
88 329
49 230
428 76
251 181
146 155
35 286
633 262
521 284
97 429
108 250
304 258
294 435
498 167
592 177
373 99
207 254
76 342
146 394
566 405
597 363
469 191
300 461
673 12
47 309
190 17
323 361
251 75
384 213
577 393
114 330
567 268
274 123
558 21
253 181
302 360
352 417
580 179
536 89
315 64
452 66
236 239
212 59
68 280
482 175
240 74
342 101
608 209
473 310
378 256
374 301
288 166
551 77
605 408
187 166
50 97
402 153
193 60
513 426
514 26
262 169
349 416
588 439
209 312
148 386
173 236
200 429
632 282
33 114
602 402
22 294
472 399
86 315
662 295
274 348
466 212
265 415
132 349
135 254
289 360
134 312
103 412
190 86
61 30
638 64
198 225
448 271
82 350
190 412
547 123
482 97
2 341
100 318
629 15
4 343
586 347
141 189
529 330
601 113
397 335
225 404
636 145
305 335
25 119
165 286
23 242
303 220
330 397
639 394
658 58
458 377
204 221
540 246
484 3
241 232
21 197
626 405
3 42
127 51
518 435
366 416
258 115
268 101
480 312
378 191
523 217
547 12
10 364
587 47
59 245
549 410
498 158
157 361
462 40
2 156
646 29
79 152
289 202
398 187
138 226
434 139
184 376
2 83
608 353
400 410
624 76
437 264
333 121
143 229
189 4
467 308
650 392
432 451
667 9
44 219
513 31
167 461
478 450
332 42
217 244
303 209
683 357
77 362
14 47
569 448
445 174
307 124
238 375
200 290
49 300
508 57
207 78
473 19
404 137
138 357
604 292
672 352
641 330
51 103
242 335
321 69
21 382
80 355
532 459
354 120
294 416
169 401
601 437
182 295
126 213
193 200
239 337
141 457
491 269
38 136
469 78
528 105
654 315
401 404
484 377
159 86
413 219
208 331
616 172
515 458
146 193
430 261
296 323
473 117
263 353
438 348
55 93
275 207
599 416
258 191
519 408
434 415
8 86
544 27
191 264
249 213
30 226
684 314
144 263
282 135
584 26
247 84
107 195
678 173
550 362
100 293
242 40
367 185
662 374
412 85
199 180
561 406
171 252
328 270
563 76
309 360
386 42
16 199
308 21
303 313
602 252
199 123
595 239
178 344
378 417
530 73
178 359
498 283
635 209
413 232
182 273
637 402
344 15
552 248
178 121
230 226
652 299
229 353
456 123
588 217
605 433
618 76
265 369
57 394
107 125
433 359
598 441
30 139
266 247
1 5
164 224
219 102
141 444
351 393
80 202
676 395
458 101
8 322
635 11
473 301
456 96
240 96
357 54
181 316
202 295
265 286
66 282
378 51
101 78
526 271
220 258
66 36
9 238
462 137
478 397
160 450
305 203
527 302
168 88
166 87
442 76
235 289
120 160
300 367
502 449
502 239
272 124
645 386
493 320
644 246
451 393
535 356
225 381
464 56
516 253
639 348
580 81
243 35
251 321
74 326
606 196
352 24
482 316
217 250
2 8
152 447
464 249
190 59
424 297
551 309
191 209
9 41
614 410
281 356
107 18
683 340
457 399
535 246
308 122
499 30
438 181
51 326
403 412
490 414
42 106
68 451
684 340
548 451
143 104
327 196
468 153
502 71
162 12
137 445
519 76
499 439
37 369
210 140
219 229
630 160
407 445
176 332
187 296
528 102
217 100
588 317
477 272
351 223
28 460
89 395
671 87
679 341
249 391
535 45
202 99
205 183
70 355
62 91
214 427
421 404
648 106
81 222
443 166
616 321
535 432
455 150
179 150
390 144
158 226
328 31
464 346
367 201
254 352
567 414
171 450
4 162
513 174
356 184
208 151
556 103
419 126
4 298
137 61
543 146
269 63
634 150
250 63
324 213
451 406
433 268
142 244
458 410
207 68
93 121
518 459
455 330
537 221
292 368
618 403
199 23
495 315
476 211
142 86
86 31
673 9
544 52
517 450
433 363
159 439
379 73
28 287
598 121
441 262
20 443
595 227
224 225
391 39
89 377
554 237
230 94
207 428
8 391
260 4
434 42
63 337
33 177
377 395
310 64
631 80
633 410
371 130
420 9
455 41
320 412
281 402
488 392
170 244
531 201
560 164
366 183
369 352
371 158
77 316
181 353
75 142
433 455
601 214
361 272
306 318
641 141
335 180
152 408
559 436
327 140
482 190
227 458
395 11
51 5
264 47
178 100
684 367
198 241
634 434
256 402
164 336
197 115
235 451
143 390
586 400
46 200
529 345
584 386
306 26
227 15
618 397
654 229
300 60
654 199
479 104
666 441
191 156
261 26
323 230
394 216
396 300
77 196
349 6
212 102
2 296
297 39
84 242
403 34
530 351
149 9
247 1
568 126
264 225
513 3
444 99
680 183
308 237
465 300
683 72
279 198
517 188
533 163
542 349
52 68
676 364
169 24
132 166
10 105
155 77
595 23
585 137
112 311
420 416
35 348
296 111
59 247
279 212
479 155
71 243
341 141
169 169
440 136
244 138
680 71
522 49
366 395
87 359
585 433
318 37
379 134
61 438
359 441
681 241
676 310
312 358
290 20
421 371
199 237
522 224
190 269
60 234
260 42
145 97
114 383
431 184
60 150
476 331
246 212
5 84
44 160
117 30
682 29
85 124
385 326
16 63
217 0
114 246
225 364
129 18
430 90
68 422
11 204
320 308
37 255
72 107
53 51
563 56
140 256
347 449
177 305
37 86
304 119
124 183
504 58
390 387
630 288
577 384
408 456
581 178
687 304
486 162
630 184
569 450
53 238
153 447
493 318
348 17
87 13
624 212
365 279
121 94
288 456
263 346
33 330
55 293
46 191
599 168
111 419
500 100
17 113
321 357
86 177
162 212
495 410
474 82
353 421
78 217
524 287
515 305
80 231
260 64
441 148
72 84
205 173
153 112
87 43
138 18
329 4
472 44
272 108
185 98
498 177
564 314
485 427
276 110
427 368
145 46
68 349
527 138
672 117
475 241
147 170
39 80
481 448
499 313
343 446
49 102
402 423
118 410
445 441
65 6
365 317
456 31
420 360
226 371
447 271
41 39
95 196
537 385
462 31
550 114
427 53
400 396
527 209
191 27
608 193
252 161
82 461
459 311
115 163
268 82
204 336
402 412
53 207
392 217
148 380
572 123
41 427
169 230
286 63
300 456
664 300
360 389
172 386
362 113
661 392
79 77
505 50
233 418
640 394
371 137
8 159
535 122
280 398
424 52
496 66
619 221
448 351
235 80
519 180
390 277
387 389
589 208
342 221
590 24
352 130
410 286
556 459
265 49
129 1
662 152
656 20
178 169
500 76
6 257
608 255
342 390
239 400
371 161
206 159
13 239
207 87
475 270
673 290
110 196
192 249
380 422
35 334
557 47
611 4
50 405
682 250
370 445
663 116
319 437
665 285
94 441
451 411
53 208
262 289
283 115
411 275
214 306
99 226
34 197
634 296
280 324
170 245
363 60
544 398
618 61
20 39
556 326
115 32
234 456
139 277
315 41
272 290
335 156
68 125
49 422
338 121
454 313
604 64
214 461
612 173
150 326
260 56
76 379
404 457
643 118
165 360
3 319
406 50
479 29
217 273
528 57
497 353
291 92
251 197
409 304
387 456
415 362
80 239
94 209
610 295
615 336
205 198
416 302
640 58
57 55
627 296
234 424
277 157
237 380
677 276
468 47
564 251
19 407
85 147
27 186
214 270
69 163
572 175
58 275
451 237
643 456
191 171
378 74
508 165
319 164
287 269
340 136
32 315
622 63
194 47
408 76
225 65
310 78
385 39
235 144
657 347
601 427
66 204
311 364
431 275
58 187
486 219
175 391
356 116
102 184
565 440
85 312
579 158
131 461
679 176
53 192
454 61
91 2
343 215
389 216
385 1
668 154
375 113
54 384
62 165
378 200
373 167
610 3
604 215
631 437
369 437
413 188
88 445
317 417
618 453
633 18
301 442
456 66
365 391
567 412
198 78
597 273
76 206
622 437
649 453
459 188
99 230
166 183
350 254
373 344
336 282
372 411
79 173
336 455
342 136
360 1
168 285
325 261
358 14
11 366
121 348
185 35
200 214
616 276
556 368
222 431
646 356
539 295
460 454
201 454
177 361
18 124
613 270
168 318
150 175
525 232
352 120
621 108
304 167
106 320
198 83
511 201
378 290
36 416
63 35
649 322
305 269
144 299
378 182
2 221
166 456
266 315
36 262
63 322
536 279
219 273
73 29
412 8
302 239
202 87
204 318
390 204
557 95
347 292
439 291
2 241
445 327
657 252
33 15
159 78
609 25
99 364
199 43
195 454
338 241
395 252
669 293
536 419
575 367
233 292
267 55
458 147
493 295
365 460
308 300
427 306
375 204
446 296
537 328
330 111
49 402
5 451
397 222
219 279
341 326
334 197
197 123
626 408
32 252
684 320
337 54
432 333
333 293
513 114
207 218
242 420
640 287
368 263
188 137
389 444
547 327
320 324
550 410
153 337
459 5
327 213
581 39
55 416
580 90
676 151
152 86
464 103
408 112
88 390
315 322
511 113
142 290
660 420
342 263
439 56
610 130
55 153
9 5
333 63
48 332
97 427
569 291
581 84
45 449
291 124
251 221
