2000 1000 1000
901 351
305 385
325 407
115 798
540 511
601 768
696 654
421 390
264 635
468 497
540 466
662 153
307 642
221 881
416 578
729 907
851 501
499 39
771 773
475 857
110 413
370 309
772 202
103 439
601 346
879 378
720 775
191 209
963 74
922 728
523 74
998 999
290 29
712 239
802 310
640 550
987 668
424 334
910 145
572 660
316 193
55 885
140 97
907 66
310 487
985 80
948 414
380 518
365 215
828 960
611 120
514 305
393 599
918 609
745 900
936 477
623 697
121 286
407 311
599 520
72 696
523 501
29 407
837 610
108 499
22 466
912 610
693 179
403 573
394 786
142 760
933 602
141 893
646 599
693 740
822 515
452 599
518 270
498 468
883 12
468 475
270 318
205 440
69 999
423 681
537 730
638 78
327 423
993 246
540 491
405 915
936 137
114 731
138 951
367 50
572 887
991 150
941 793
263 412
242 45
259 412
104 615
289 401
170 966
532 339
919 449
479 14
326 607
668 721
453 161
332 976
165 908
723 655
318 380
500 170
993 846
297 347
755 40
575 57
600 997
889 640
450 311
911 168
11 250
943 933
158 923
911 938
400 175
566 558
792 370
696 637
204 840
498 687
167 685
478 684
110 218
217 591
220 932
122 595
967 438
540 575
829 480
657 699
885 859
74 867
596 82
54 497
289 202
790 202
790 802
223 777
162 631
501 160
872 645
964 241
468 968
373 413
283 791
716 963
12 404
654 881
50 6
454 585
259 812
538 556
118 574
324 698
937 193
582 763
100 421
168 361
641 10
969 437
677 702
844 797
406 287
966 435
903 235
553 431
943 630
177 675
810 22
990 797
777 838
117 625
119 728
533 571
743 753
623 18
342 541
805 283
545 23
606 286
889 109
157 682
550 257
649 963
311 193
279 603
121 30
50 692
303 312
815 572
148 819
417 968
313 197
916 525
575 504
536 796
329 671
343 659
74 769
724 157
47 473
998 206
120 696
367 713
207 398
845 235
382 514
134 368
155 518
548 455
921 317
437 575
690 205
220 988
655 314
473 727
548 932
158 434
546 560
778 113
198 751
567 639
981 77
754 532
903 806
626 224
476 237
989 558
725 220
953 319
932 418
631 716
785 758
587 719
396 330
562 566
127 447
865 260
931 731
11 163
471 336
720 155
267 588
932 470
354 357
593 236
707 630
183 127
657 796
458 906
68 526
100 476
967 204
143 876
693 303
93 946
929 34
343 704
752 720
215 978
876 670
410 129
239 399
290 258
657 828
355 369
963 468
455 686
330 269
822 888
794 144
525 321
290 270
824 610
581 703
649 912
372 858
650 125
157 70
288 825
392 160
884 818
595 404
499 964
508 85
166 803
177 6
57 470
409 464
397 239
74 13
497 690
198 306
578 402
281 585
823 549
458 56
704 804
717 689
338 869
79 825
255 930
820 685
71 934
777 550
71 777
992 619
851 974
359 138
724 430
621 943
737 195
471 615
203 341
448 399
407 650
509 534
195 694
151 391
74 68
212 39
703 730
524 605
358 13
816 196
371 624
713 334
206 533
607 637
422 564
948 338
897 225
950 29
302 637
305 417
649 231
451 383
979 89
343 956
131 800
618 470
423 598
800 297
662 589
981 152
178 496
670 789
919 231
438 625
932 653
414 363
870 804
778 339
452 782
844 978
756 327
673 22
170 201
293 581
925 412
341 141
179 247
135 854
902 11
857 449
218 91
4 518
198 618
279 919
21 582
941 222
681 33
986 808
22 239
598 561
214 104
965 762
87 280
581 457
389 700
653 629
326 168
878 135
82 188
877 209
722 224
103 267
110 410
257 685
509 555
913 425
884 759
86 748
92 295
315 33
840 371
295 105
930 65
996 851
861 601
715 955
35 65
435 423
763 408
470 372
454 360
1 239
314 154
957 267
930 800
867 576
919 453
309 966
283 696
620 339
608 387
978 696
360 676
239 353
884 528
991 452
223 785
330 594
598 938
264 867
669 336
137 976
931 485
13 533
454 710
204 425
625 111
355 618
844 333
292 700
427 663
737 843
88 754
686 890
686 347
7 561
363 561
980 457
532 171
27 951
49 288
325 451
886 338
612 499
538 707
641 682
50 359
269 398
710 445
574 564
321 40
973 480
26 606
137 851
735 887
613 322
673 817
374 820
856 759
577 879
544 732
483 952
937 385
568 35
62 506
50 228
190 376
748 544
326 60
288 650
167 975
486 458
175 146
113 178
96 942
177 437
847 477
132 696
70 94
927 616
142 494
642 60
334 643
298 436
481 848
104 504
132 497
4 541
795 430
607 251
30 739
191 626
507 29
415 719
262 24
877 856
963 515
510 258
599 872
631 55
844 776
449 326
136 317
680 26
124 484
806 519
397 148
391 428
715 107
428 762
176 137
815 762
964 967
322 445
889 21
999 768
454 868
153 27
512 112
847 272
632 613
679 440
594 80
417 421
579 573
434 127
740 756
928 298
111 693
534 844
919 348
919 686
84 511
625 590
218 894
779 183
591 644
965 749
502 750
137 160
370 542
49 778
849 785
903 78
612 795
943 401
155 384
741 923
488 374
969 153
705 925
325 55
127 430
942 325
562 904
576 769
913 158
482 189
332 424
45 409
970 83
2 566
222 60
505 65
67 854
736 583
179 961
487 952
766 280
212 393
887 371
634 382
967 256
745 727
527 869
937 77
48 505
58 472
195 248
12 379
965 344
215 303
661 787
810 640
160 494
919 123
188 207
155 632
627 820
230 17
150 377
159 117
275 966
262 433
925 52
112 777
181 907
588 268
959 245
291 156
191 501
307 353
871 10
906 432
968 624
742 159
399 904
332 182
737 108
9 8
784 430
787 677
540 26
853 954
280 949
394 336
591 463
313 12
849 398
206 765
155 946
411 502
139 637
141 587
585 972
30 244
872 444
582 120
597 45
952 490
697 520
629 912
482 589
896 482
862 299
839 974
906 758
159 366
844 701
794 991
974 945
576 635
466 311
743 963
275 928
110 773
647 664
110 67
103 299
952 779
608 203
40 342
370 160
338 61
168 275
631 459
363 328
582 928
320 36
739 478
828 155
687 696
594 991
158 238
378 178
828 934
908 870
140 807
383 924
634 363
92 985
792 38
776 907
272 411
234 268
315 440
950 165
816 370
722 746
63 694
494 192
324 230
737 121
650 792
632 831
191 264
109 860
505 904
239 834
739 74
563 457
640 651
372 19
366 922
221 702
960 615
168 466
139 826
938 179
462 221
336 90
50 836
501 190
640 995
381 646
290 911
602 754
706 556
766 669
610 369
166 13
539 153
399 768
669 100
883 636
728 868
41 151
699 158
175 67
926 576
949 557
595 381
585 145
526 697
992 587
25 677
239 671
642 144
289 325
47 419
233 306
118 353
766 846
705 928
688 324
341 297
158 735
85 54
884 516
14 861
925 476
496 796
309 2
496 136
516 183
699 362
92 514
154 574
250 542
229 840
712 930
658 869
828 772
518 414
65 309
15 825
191 95
287 669
231 178
507 884
709 823
38 746
407 470
990 105
982 598
605 991
345 245
603 127
425 133
678 689
36 425
19 359
864 557
826 48
465 655
369 771
726 207
568 5
755 140
205 755
925 515
807 864
887 669
543 794
160 449
942 167
856 756
298 437
189 433
55 652
983 599
1 940
470 814
766 221
101 103
363 395
390 473
24 847
255 678
494 760
654 248
203 155
193 233
502 845
588 582
908 978
769 65
336 417
869 279
925 554
276 362
625 408
213 448
194 450
290 648
443 916
165 994
580 720
274 783
158 123
824 119
556 522
115 680
988 136
546 318
634 541
899 57
412 397
86 959
145 136
362 737
80 216
913 406
456 24
978 978
111 715
407 856
877 878
915 781
480 822
185 319
153 132
674 310
142 251
434 332
757 739
755 698
15 977
887 948
489 91
232 109
598 932
545 410
679 361
255 393
20 751
599 636
247 208
410 616
901 904
26 755
225 987
258 25
894 911
508 240
455 520
904 254
607 256
633 877
424 126
789 269
949 54
52 103
2 821
665 215
472 509
894 414
168 354
836 546
944 268
596 258
794 771
822 569
55 140
205 890
243 353
655 944
256 929
226 791
502 804
833 914
608 65
250 667
978 759
537 227
562 97
40 546
699 402
603 404
249 923
114 293
399 55
313 805
56 665
728 736
89 598
908 762
753 273
315 403
920 12
365 207
269 222
706 237
666 242
181 259
429 409
999 506
179 622
989 953
684 124
433 746
883 656
489 687
862 111
303 520
760 345
245 222
255 854
202 416
309 278
941 964
686 466
89 218
907 624
697 177
836 140
479 325
631 13
22 158
191 442
307 46
963 586
394 993
500 534
474 214
335 554
552 197
603 636
665 146
843 183
510 155
373 209
186 239
783 221
404 840
547 303
314 245
492 589
897 186
43 344
307 428
15 111
586 802
188 656
135 142
609 547
289 436
486 819
58 41
307 871
361 385
518 180
210 180
806 167
889 879
106 388
101 574
524 590
730 574
914 389
903 214
924 821
331 880
964 613
233 571
384 901
967 978
54 412
541 118
474 777
378 831
156 641
547 857
417 18
186 471
14 512
427 845
609 273
175 265
836 986
847 182
536 507
141 108
288 318
988 278
975 906
319 269
966 935
750 896
869 879
897 945
844 973
694 452
91 172
39 732
912 238
996 342
521 311
960 760
860 226
415 329
952 686
364 0
711 804
747 358
760 522
364 776
207 289
579 966
146 212
652 671
139 612
580 671
192 31
746 553
936 707
641 186
315 946
174 417
247 423
433 182
954 482
868 98
744 407
61 982
781 641
53 50
818 774
396 912
805 266
263 165
425 515
94 628
276 448
305 205
915 141
952 469
696 989
211 895
822 260
403 530
338 846
614 681
873 620
854 395
814 159
777 666
53 970
80 839
226 640
635 284
768 496
870 732
819 348
747 663
583 641
766 543
894 494
384 184
463 113
762 849
687 718
200 766
981 431
430 191
156 956
460 223
22 567
905 796
436 732
456 293
290 109
703 946
235 330
484 770
996 964
190 596
694 381
483 325
290 858
389 819
382 557
505 248
375 925
514 214
407 54
374 489
604 977
612 647
674 509
621 122
433 762
782 1
927 658
789 472
15 118
760 743
867 424
470 90
718 469
214 28
772 772
834 800
822 457
636 578
894 191
244 175
537 484
686 155
237 281
676 587
433 312
987 946
910 274
21 807
197 773
928 7
116 337
939 486
946 253
459 909
389 170
964 754
123 883
529 280
188 150
989 948
97 146
474 660
227 273
247 753
478 247
989 416
545 582
481 223
762 442
414 851
592 911
496 897
412 150
692 85
728 179
246 388
431 293
503 258
558 1
594 703
675 231
173 772
6 955
243 721
738 203
526 302
591 567
904 998
462 434
575 292
707 719
833 447
645 226
103 373
548 539
562 743
878 221
949 746
689 479
109 467
282 454
763 113
758 912
333 790
411 986
779 268
352 285
354 992
512 859
328 416
73 11
294 78
258 319
991 195
970 114
654 195
944 677
858 268
294 65
654 100
985 251
810 226
356 644
473 689
535 967
472 580
346 74
421 33
525 734
526 515
221 164
412 862
182 260
920 817
493 955
120 497
512 162
545 591
850 804
635 849
508 404
183 271
569 187
998 745
695 721
227 668
747 223
764 87
339 123
793 536
702 519
32 435
537 487
461 716
927 278
45 88
16 603
744 743
220 531
183 42
614 615
102 549
224 514
957 807
236 964
807 135
52 793
175 726
948 943
472 275
806 994
826 5
395 561
168 174
892 284
570 389
631 68
22 757
664 302
748 879
751 928
717 724
664 89
73 641
560 707
347 510
686 409
183 626
584 281
501 764
986 860
270 867
336 89
500 637
228 212
787 328
928 548
174 79
351 22
503 635
547 778
819 59
372 829
407 502
996 643
406 169
699 93
942 531
237 939
940 733
77 879
265 596
423 346
55 141
606 589
97 177
555 454
83 106
754 763
91 764
76 902
327 182
931 335
992 511
313 319
10 709
254 233
117 184
602 851
431 368
600 436
278 759
607 341
328 166
314 880
135 768
14 773
437 729
600 627
464 627
87 558
310 915
76 891
113 121
243 339
527 98
741 822
224 804
359 604
180 874
279 380
565 266
399 718
921 139
307 632
569 383
488 740
116 618
831 196
896 48
467 549
108 630
448 534
936 77
521 441
442 72
314 192
439 669
778 986
115 267
297 624
100 358
26 842
488 904
367 555
938 911
356 416
473 554
328 302
275 556
766 797
7 304
579 130
231 404
413 623
826 246
397 218
802 404
332 763
671 235
930 894
503 316
921 638
607 271
49 373
386 885
769 35
741 685
637 798
67 443
880 812
118 55
34 926
240 250
909 243
401 100
885 958
834 656
461 73
695 836
434 64
329 535
524 150
320 481
433 355
484 506
488 213
963 896
779 74
669 981
449 724
794 933
350 902
451 775
649 741
414 265
598 646
136 247
264 813
79 99
908 216
383 377
90 770
408 62
750 100
536 129
37 111
259 365
854 454
878 133
460 471
395 809
605 976
793 628
865 731
244 286
180 200
492 362
499 988
334 277
766 545
491 652
597 861
222 957
213 198
197 34
411 904
919 166
696 461
113 518
165 364
470 376
271 568
48 679
949 85
262 259
431 250
850 159
510 710
545 408
934 760
148 671
670 542
823 553
120 917
238 707
653 102
358 827
14 973
275 320
521 252
231 406
162 247
869 104
205 931
974 754
402 795
281 347
457 218
284 858
185 950
926 422
67 954
617 643
529 591
109 855
736 177
177 140
757 243
398 907
12 274
167 262
412 494
141 703
698 100
399 29
997 393
379 157
752 853
889 337
635 655
735 198
749 509
73 741
927 470
880 933
454 173
50 688
174 36
744 368
616 323
567 449
471 65
189 465
417 52
444 109
270 81
522 226
325 542
528 343
241 183
800 125
60 854
456 627
143 486
472 479
63 287
61 372
693 114
614 110
69 92
948 562
697 269
394 235
252 774
172 15
422 742
708 990
193 995
391 266
263 888
35 466
429 802
475 814
375 43
337 295
292 558
336 327
642 174
673 26
136 404
86 763
656 586
789 480
59 306
6 317
685 346
252 981
187 256
983 524
745 808
495 252
752 724
126 587
684 1
546 641
599 384
674 540
229 705
491 665
427 791
882 720
764 184
621 242
274 578
553 412
863 731
66 478
162 594
0 678
228 519
306 709
976 677
339 262
208 451
549 492
475 105
40 935
462 431
992 435
451 250
534 922
904 723
228 463
801 836
651 750
259 754
888 465
967 578
867 398
697 633
685 538
476 496
175 389
361 18
652 608
672 697
714 110
767 652
921 782
522 679
430 442
298 99
357 107
957 307
58 58
983 27
808 53
765 518
315 531
135 706
933 199
573 440
595 70
68 306
938 947
926 472
63 835
146 298
545 774
27 583
967 546
532 381
868 361
512 458
79 776
272 742
873 523
525 118
699 299
182 732
42 892
80 358
961 943
30 491
112 270
70 269
789 496
446 773
426 373
839 333
496 945
678 724
443 817
902 269
241 574
749 766
99 326
228 387
536 328
815 235
582 752
446 542
748 163
534 535
895 200
785 469
223 599
637 32
966 148
361 906
370 558
399 91
834 673
682 97
237 377
327 498
409 536
780 397
817 116
317 353
699 463
669 292
895 67
416 542
271 653
112 627
682 111
378 377
165 893
133 244
105 628
127 573
685 562
71 559
811 849
330 159
121 774
681 437
705 938
398 950
199 652
767 143
444 985
123 949
730 674
642 298
882 224
453 255
811 660
510 596
7 665
729 180
327 959
353 333
627 855
440 837
707 637
939 13
879 400
534 484
483 129
364 808
342 712
958 317
457 61
114 516
74 897
849 244
11 84
924 42
101 582
178 250
769 341
450 242
790 634
292 964
992 792
145 57
438 986
808 971
564 876
919 507
424 682
776 507
811 838
105 249
56 955
588 767
119 842
40 282
153 352
530 688
556 427
818 309
470 304
539 978
984 838
746 928
565 754
865 286
856 699
602 850
66 241
742 354
311 208
786 586
779 804
879 982
465 218
64 670
783 834
40 768
488 480
138 601
432 192
230 509
832 281
641 988
404 364
751 197
490 745
130 312
74 479
408 75
361 92
857 757
945 911
866 43
591 972
843 566
217 718
991 594
214 241
326 958
952 807
836 6
260 276
464 291
771 842
614 928
829 249
868 209
893 390
57 739
430 708
650 63
30 820
232 843
382 735
153 233
568 643
506 176
436 51
273 337
232 232
562 205
809 859
541 631
34 619
274 246
843 592
443 779
915 561
804 24
74 298
347 653
363 124
776 219
371 875
281 679
909 397
755 658
968 517
763 401
396 387
827 886
800 417
184 50
510 841
627 410
451 399
696 685
18 266
573 381
687 224
169 316
685 490
922 252
638 243
567 4
472 397
493 959
716 269
533 840
902 796
92 476
84 315
480 192
683 304
170 13
984 400
32 237
864 501
486 3
933 17
114 507
468 436
203 294
193 263
862 794
86 188
21 144
497 250
851 953
568 933
427 537
87 103
15 945
388 927
955 430
650 812
56 564
105 4
465 781
994 921
223 197
559 436
349 924
20 183
240 957
103 216
934 419
568 821
602 335
9 571
962 883
8 134
824 244
824 994
525 386
204 250
512 579
390 459
704 783
763 270
243 505
79 229
190 912
263 178
934 726
613 159
799 764
559 624
911 234
203 363
702 651
727 138
906 663
719 569
761 379
537 448
332 907
357 861
805 725
861 92
860 867
126 526
808 172
778 652
557 406
64 104
825 651
924 388
237 279
520 332
597 133
138 657
825 29
927 9
392 308
349 433
708 164
398 224
174 836
907 705
309 724
704 564
48 5
762 306
535 665
616 59
239 545
756 729
402 772
395 953
561 555
821 748
731 164
825 470
51 76
102 880
70 727
531 255
341 793
239 537
201 43
848 674
465 359
203 165
926 913
760 103
232 493
872 825
500 295
79 385
580 22
127 2
36 620
961 365
814 375
844 269
887 436
824 196
104 20
