2000 1000 1000
450 47
289 437
567 319
164 245
370 302
187 434
787 492
333 681
166 719
56 701
895 597
438 670
755 822
555 620
30 701
224 413
327 631
278 998
400 988
117 639
438 282
522 574
835 487
1 317
770 827
577 625
536 581
856 157
172 233
99 392
221 622
71 927
806 212
556 895
429 332
901 120
638 58
825 459
285 201
97 397
764 326
304 125
110 492
857 633
427 368
668 94
598 807
654 459
751 163
429 712
317 920
948 315
352 64
237 455
999 95
337 924
266 468
389 393
868 752
683 114
930 598
666 112
543 411
737 288
758 788
786 284
599 663
8 849
840 256
291 233
108 259
627 883
707 53
576 182
688 174
150 574
738 45
912 356
507 967
851 223
73 868
121 99
495 606
133 953
333 165
754 879
469 616
646 425
730 373
330 339
7 376
361 332
17 585
439 698
714 622
534 253
123 348
119 524
47 566
357 774
108 382
39 864
547 231
276 190
766 779
620 552
681 713
726 441
285 925
98 350
182 688
640 945
762 899
834 883
110 367
997 63
762 978
352 271
150 50
422 497
644 100
361 113
160 21
205 306
795 94
899 444
926 942
627 774
962 491
21 606
288 146
247 303
882 887
684 935
814 800
756 9
716 195
236 394
887 539
587 916
984 552
786 346
157 98
24 238
398 623
63 726
702 969
614 290
995 157
61 706
874 492
20 365
391 225
26 342
734 228
674 27
1 520
660 506
640 224
280 617
87 430
180 942
731 395
783 801
597 240
344 899
417 326
824 755
186 461
133 243
958 89
125 453
581 640
617 469
236 66
822 823
349 409
861 565
662 678
575 79
157 339
171 217
865 571
95 459
875 714
801 578
700 276
576 386
275 204
860 132
522 714
209 185
154 675
191 104
647 79
296 469
330 507
688 577
829 457
285 603
30 178
156 716
756 951
39 233
782 280
164 143
283 273
256 269
65 443
421 271
888 41
583 567
196 322
279 71
710 720
928 840
337 563
992 71
388 328
232 777
967 222
360 410
822 734
639 491
720 236
247 678
901 338
691 676
428 104
746 268
386 444
689 887
482 851
337 947
440 97
345 172
287 119
81 962
769 140
153 672
228 87
491 295
756 102
26 656
812 381
598 176
691 920
591 911
564 320
453 217
876 177
0 78
462 163
119 148
13 23
483 551
760 90
622 329
985 613
453 113
354 448
687 177
546 870
737 766
355 951
704 351
547 85
98 401
248 409
827 633
387 860
207 967
43 247
108 510
505 786
298 875
981 569
601 927
76 350
156 532
378 767
535 466
953 941
928 486
538 535
201 994
502 93
533 275
852 83
719 482
177 854
678 758
453 121
972 761
608 82
829 108
431 54
164 994
914 295
101 508
471 801
756 261
528 607
773 610
411 608
183 201
110 644
654 13
456 326
475 843
71 864
987 372
141 412
961 952
66 206
978 832
222 614
557 303
954 860
111 72
710 347
577 242
354 626
589 360
120 707
154 397
623 667
910 98
619 631
976 360
247 269
978 713
941 712
217 892
727 770
71 402
164 409
803 497
424 827
172 459
253 430
697 137
223 903
672 757
581 777
803 130
358 433
116 680
909 581
72 541
978 739
758 360
328 762
803 420
554 13
218 856
724 231
802 678
608 894
305 252
619 734
194 21
742 522
538 513
882 481
438 971
67 935
86 0
390 658
367 550
405 340
431 747
417 886
363 544
483 157
315 68
610 341
91 405
27 69
860 876
413 367
339 476
965 164
362 237
232 122
663 457
83 661
516 644
516 225
835 71
176 622
946 628
941 843
217 307
906 810
866 913
510 87
308 634
283 588
622 432
389 728
502 422
434 187
79 41
460 579
776 203
317 948
445 917
522 54
800 612
401 977
330 950
238 830
596 801
397 441
367 934
888 694
896 348
832 46
944 84
968 651
95 698
252 144
147 849
474 780
82 895
827 128
260 926
431 756
716 823
302 407
209 386
389 287
405 853
278 825
724 193
527 572
196 245
364 793
518 577
929 742
528 422
556 693
380 544
565 339
412 544
363 661
962 406
98 383
893 710
259 195
905 61
346 662
841 666
405 1000
756 973
126 511
807 276
49 798
706 463
766 80
421 463
45 689
326 547
72 374
993 636
572 418
782 112
433 87
827 381
870 783
974 148
3 21
297 753
350 970
78 244
554 112
733 9
231 454
17 357
646 909
732 499
884 903
85 600
449 832
304 975
999 533
226 468
892 348
652 35
954 376
890 0
864 206
281 19
120 748
941 870
594 882
251 745
448 370
428 717
574 865
318 812
936 822
21 500
352 344
615 95
181 952
329 756
207 270
415 162
961 749
398 727
291 802
715 597
603 0
277 93
895 785
392 391
634 266
809 752
179 828
954 690
642 351
584 402
65 44
238 817
105 997
806 988
974 319
666 263
959 563
757 873
895 907
264 154
677 277
669 934
864 854
14 433
713 570
90 478
96 542
105 484
937 417
14 112
230 985
79 105
115 673
9 131
786 333
861 408
806 712
506 866
316 288
740 349
648 333
615 916
531 199
166 217
973 592
397 858
79 486
429 690
67 133
740 127
118 564
521 93
709 516
577 687
224 394
701 684
42 390
148 985
535 389
358 960
322 267
525 886
244 852
377 584
830 721
715 307
259 988
40 235
159 93
562 219
776 65
528 109
127 660
365 867
65 626
690 628
309 980
144 0
559 194
706 135
158 438
276 792
898 695
395 560
431 225
98 111
449 716
695 195
410 304
675 446
507 406
197 88
585 937
899 609
692 374
194 622
845 892
537 287
53 836
450 900
331 14
897 545
581 502
725 711
183 421
976 86
331 404
650 909
68 729
821 387
831 584
808 495
225 182
999 756
664 499
598 501
720 436
286 701
621 947
564 112
84 690
999 102
466 939
846 259
835 269
623 2
890 724
108 849
709 627
671 616
933 748
160 376
31 330
735 722
222 433
933 471
447 522
561 364
556 706
746 894
631 999
48 315
636 780
922 33
892 805
69 389
198 97
167 726
0 404
399 353
174 916
252 562
59 55
125 522
52 315
913 365
827 343
509 375
2 693
294 806
401 919
505 188
29 788
526 544
188 107
522 355
394 98
552 444
919 359
969 80
631 626
764 515
553 31
744 686
317 975
820 670
78 336
292 513
951 960
856 166
974 822
365 358
672 171
545 244
714 931
141 233
924 485
233 506
784 508
954 455
736 90
656 748
809 516
893 518
729 787
922 924
171 427
850 830
886 52
667 846
3 481
573 715
827 635
797 393
252 700
111 856
9 103
333 462
513 160
210 777
182 621
445 469
19 301
793 897
774 683
113 364
626 345
47 134
421 946
501 762
296 486
555 356
782 646
8 822
206 786
295 975
16 983
658 365
882 390
440 949
210 436
940 18
538 380
643 867
245 946
995 952
627 652
831 205
900 984
401 256
772 437
931 465
875 241
598 408
396 976
277 258
827 134
34 247
569 194
906 482
295 366
846 931
525 198
588 253
608 945
36 486
471 513
680 885
929 972
155 240
679 927
377 542
871 311
9 334
81 109
83 894
236 884
743 497
439 978
655 482
575 741
840 568
230 677
349 313
292 1
282 804
210 551
879 501
773 638
314 210
200 405
961 580
65 886
582 980
130 537
131 973
216 155
440 851
455 950
359 779
837 938
999 97
808 781
443 171
161 894
214 389
535 855
368 615
665 614
330 856
147 429
631 688
26 448
12 552
662 39
399 321
482 48
489 27
305 474
629 354
391 472
318 683
469 698
899 618
351 349
729 660
439 406
56 716
675 390
827 484
648 187
784 202
73 123
341 866
39 746
519 862
324 11
170 431
708 1
860 777
843 455
618 694
514 549
684 80
170 902
645 758
992 965
426 745
812 226
297 985
179 532
330 683
67 200
384 514
342 880
774 5
965 208
41 11
323 530
961 472
74 254
272 384
199 820
720 976
736 700
770 242
878 904
906 230
393 234
585 892
263 496
625 40
120 766
824 884
967 12
59 735
197 458
948 105
834 535
901 471
560 900
477 152
681 299
738 140
866 105
447 914
879 840
236 289
480 348
821 287
530 154
266 402
396 441
782 561
236 686
720 286
331 435
717 263
272 585
288 315
414 860
15 814
57 948
48 781
887 908
687 851
254 168
469 99
819 525
687 517
515 135
319 80
988 502
673 750
488 918
495 895
909 921
32 499
23 449
531 6
836 751
174 442
881 801
817 178
464 719
983 64
712 283
734 595
998 744
408 245
207 116
41 840
865 505
206 551
446 25
49 194
661 198
784 468
521 208
840 108
80 589
79 648
922 36
82 441
512 982
372 648
344 66
156 404
47 12
560 251
105 475
128 934
103 412
522 419
839 796
734 151
17 571
653 19
947 673
568 854
676 630
344 656
771 606
711 254
340 436
257 923
729 399
407 447
407 882
622 519
475 404
574 588
923 779
512 485
104 636
83 145
781 633
586 728
92 567
518 749
721 958
867 668
111 758
72 343
781 814
776 8
513 665
40 685
761 467
695 69
903 698
700 958
217 964
305 712
599 485
560 149
272 60
249 713
911 16
35 990
638 175
958 519
192 172
146 581
368 660
189 217
724 809
326 879
763 649
386 192
653 52
470 609
48 664
617 303
740 139
73 273
938 646
556 511
891 371
683 462
322 889
562 184
781 514
458 831
558 616
342 352
916 261
69 530
862 735
945 686
417 425
183 727
244 63
271 482
903 693
692 878
669 746
679 219
445 254
119 802
763 207
656 354
637 382
400 1
979 751
509 614
31 480
407 640
959 219
76 143
662 3
931 474
425 264
181 808
24 455
691 59
252 618
301 390
322 4
962 899
255 138
623 454
235 327
381 585
378 414
682 454
655 661
405 981
244 320
832 734
399 455
403 478
709 146
377 0
750 499
888 723
456 32
58 461
429 60
274 223
401 723
646 655
255 46
838 822
42 38
788 78
783 28
84 821
701 856
265 155
485 427
488 617
413 665
329 359
804 850
633 83
291 560
610 632
251 240
932 623
809 806
823 59
702 485
359 331
729 498
352 756
300 338
367 128
388 884
714 511
356 943
427 434
651 226
408 2
754 424
661 599
582 610
315 47
78 775
473 616
131 263
689 646
167 16
451 878
820 960
166 5
42 450
75 983
82 753
135 138
730 278
562 350
895 440
991 485
430 347
191 369
298 316
399 110
273 702
155 499
710 783
330 175
457 606
7 694
784 348
733 474
490 737
230 201
202 915
905 313
442 189
107 636
745 895
919 697
889 776
594 780
956 820
565 384
186 111
912 195
285 132
697 61
269 781
619 705
387 108
978 402
589 749
701 526
531 759
757 587
276 91
722 350
326 313
442 236
886 706
811 904
386 573
492 842
339 717
886 264
769 149
490 324
837 291
537 496
886 600
724 241
287 409
329 110
27 227
63 406
619 852
495 318
232 439
415 451
581 108
572 153
845 899
225 154
194 84
703 127
308 789
614 501
173 137
44 651
146 468
620 749
136 921
763 771
755 665
309 825
56 887
690 508
236 622
969 536
414 330
145 844
620 659
57 1000
415 776
727 963
1 516
832 40
425 90
608 105
91 787
427 286
503 826
113 610
369 934
789 956
928 878
494 862
377 812
371 709
31 182
696 96
454 697
814 583
668 927
934 609
925 235
518 240
442 442
829 890
378 136
795 403
953 369
271 646
292 382
572 178
997 944
314 13
906 517
778 595
354 833
234 207
573 265
282 585
97 408
838 113
456 207
553 949
448 352
466 660
909 102
650 459
389 793
223 509
298 81
855 984
458 238
720 676
133 262
349 729
119 746
412 158
10 523
51 751
368 532
765 629
946 253
834 427
143 652
733 231
911 937
775 610
560 896
930 514
59 521
307 635
140 835
253 846
760 425
834 831
357 727
784 741
633 8
654 553
52 154
739 277
898 252
535 397
637 398
522 257
226 440
393 667
107 254
571 183
454 575
591 875
223 65
783 718
34 945
340 400
452 532
158 540
280 115
308 661
156 465
214 457
346 832
388 442
653 929
219 242
794 336
244 258
644 655
172 238
533 440
578 21
365 422
937 454
468 374
258 842
593 310
402 795
664 746
652 403
105 59
683 549
12 97
847 552
913 768
426 638
19 96
772 738
339 403
126 535
398 246
740 722
994 489
822 315
818 326
587 521
210 84
990 689
548 908
271 324
945 889
276 655
981 771
812 711
985 258
228 275
735 322
753 42
88 620
406 365
717 586
695 384
995 556
22 336
451 488
595 657
291 718
446 180
504 612
188 168
947 456
774 468
589 977
416 124
284 788
272 992
93 244
760 548
252 123
432 314
89 290
65 584
775 143
7 749
513 153
773 598
587 714
122 377
136 380
414 172
116 45
167 533
481 653
620 534
577 153
821 989
134 312
957 937
662 602
180 727
71 392
953 804
363 685
630 333
475 983
839 484
999 548
190 604
172 338
234 362
689 725
998 881
762 952
85 893
434 54
215 284
136 330
781 596
354 810
616 752
494 484
290 517
407 268
79 516
524 229
909 236
142 533
714 102
8 169
706 368
348 160
477 557
741 224
814 917
379 73
632 552
373 209
808 956
584 588
751 140
548 969
260 56
249 913
269 651
338 131
982 370
262 423
619 676
253 482
795 125
964 217
159 37
790 137
249 122
443 371
863 159
417 139
948 710
472 119
251 876
544 308
361 109
573 774
74 636
208 516
847 132
355 986
434 809
392 422
20 728
601 85
284 465
393 7
445 257
834 744
793 47
617 3
805 657
927 448
277 710
743 632
346 24
990 421
334 259
858 518
914 97
889 276
217 779
804 815
621 47
277 297
334 882
484 463
317 837
800 518
843 915
975 369
780 548
292 302
302 13
472 226
84 67
951 740
951 153
35 421
315 836
225 969
256 49
630 881
56 547
802 649
624 983
856 609
330 581
783 168
933 420
667 219
614 582
496 835
724 835
462 742
616 970
803 486
659 468
909 493
474 832
820 963
701 9
697 558
541 946
723 456
880 728
608 569
67 529
644 358
181 610
198 748
668 950
53 44
149 874
400 273
829 849
721 910
516 323
265 229
729 844
620 29
344 485
80 155
542 550
564 104
974 302
821 820
343 514
859 574
655 681
238 735
783 565
120 171
168 293
423 525
207 997
374 618
74 19
82 773
778 569
270 674
110 162
377 914
377 535
523 55
722 358
659 663
883 24
48 373
310 717
906 188
133 609
784 554
913 121
676 89
782 627
137 593
334 858
340 245
118 819
579 84
107 303
810 967
181 148
342 821
222 592
398 562
648 785
128 777
221 918
988 690
519 99
270 744
856 482
909 209
253 367
495 404
970 155
71 600
389 289
854 603
963 70
943 418
147 546
591 673
810 684
737 689
176 730
900 887
251 520
210 391
486 539
966 263
388 503
311 733
531 310
710 948
972 283
878 523
7 80
815 143
783 446
549 815
524 300
23 431
764 436
385 712
126 367
29 499
691 934
336 961
927 638
202 895
870 578
316 680
727 834
609 22
762 942
5 774
372 471
109 141
388 261
896 483
749 66
372 208
126 534
399 797
653 914
735 735
591 665
985 245
720 411
479 598
173 923
352 713
595 805
485 811
145 418
572 461
337 185
329 531
381 272
881 329
374 856
842 819
999 147
910 902
624 702
58 649
795 75
344 801
25 112
637 831
843 232
975 540
554 104
308 302
314 664
490 342
976 145
225 335
717 234
676 477
943 540
70 760
515 698
713 398
38 159
526 18
362 897
257 376
281 834
625 925
612 21
599 732
296 239
275 423
246 663
421 372
372 158
528 69
89 66
618 5
889 598
511 830
662 700
225 167
752 891
652 587
352 652
526 521
301 193
362 776
329 43
617 963
474 847
143 505
1 570
361 39
132 768
509 484
185 865
262 375
39 963
0 713
697 293
999 144
199 511
384 351
828 110
432 115
269 318
870 252
1 455
657 51
265 381
245 308
428 608
701 559
565 950
782 687
737 316
111 431
447 816
961 459
477 62
519 707
819 802
549 316
305 311
828 375
921 539
767 700
385 311
963 162
586 314
783 66
812 505
692 271
938 234
546 478
487 311
704 274
272 11
636 393
873 647
268 382
807 820
92 919
350 338
971 28
996 725
900 943
197 244
315 462
512 119
243 601
13 181
502 59
339 722
33 40
636 639
300 730
968 536
496 575
832 737
921 371
186 507
836 161
720 754
847 523
147 579
963 572
272 934
841 767
939 507
622 6
357 484
983 933
293 823
729 810
22 140
346 289
321 257
57 377
175 178
660 75
908 346
495 556
947 107
499 722
618 618
166 673
322 128
256 54
392 884
950 201
130 606
755 60
271 360
919 489
345 498
145 157
587 668
128 782
866 922
774 249
60 827
50 732
873 754
816 136
574 112
483 678
196 592
282 41
673 563
488 653
302 263
467 925
70 62
431 698
952 135
189 1
303 977
39 314
882 570
122 368
946 281
900 690
960 139
649 565
219 756
369 532
54 964
120 982
614 176
782 805
927 944
446 489
529 584
199 637
208 352
781 51
565 761
956 533
278 283
514 105
573 151
961 229
519 897
791 965
790 666
625 927
747 405
880 245
41 271
186 518
343 857
58 770
123 934
984 270
589 358
41 29
409 290
146 465
249 308
863 688
999 160
788 809
310 619
331 127
450 400
960 236
444 501
559 10
632 776
780 594
48 75
635 619
965 818
685 345
995 323
855 545
547 468
87 113
994 567
642 359
437 736
282 198
966 495
76 803
105 525
820 71
767 29
123 907
716 858
876 64
487 555
641 829
884 766
245 3
158 718
533 481
672 832
775 184
246 682
162 598
458 442
867 615
533 777
473 222
483 895
335 267
912 735
943 367
399 543
772 867
590 951
336 821
791 253
188 156
754 350
923 841
828 489
320 32
792 619
604 578
186 826
682 255
141 533
695 60
730 350
790 918
660 342
928 20
789 575
540 603
88 705
25 503
505 656
27 217
979 820
601 599
610 35
383 125
667 474
718 942
291 981
67 834
64 731
941 761
59 588
269 733
4 629
562 748
672 348
164 658
250 865
781 457
548 764
531 465
320 115
