735 66 596
61 30
28 325
32 48
30 237
40 541
1 133
7 506
11 200
2 95
61 364
4 549
35 477
54 186
53 571
50 106
51 333
19 424
28 486
65 405
23 121
3 5
17 349
51 263
13 194
65 560
66 226
19 402
14 398
35 293
39 596
9 143
9 263
46 232
38 282
46 592
58 333
35 550
29 108
11 260
66 37
19 83
59 114
3 213
20 176
45 96
65 68
49 325
58 42
36 541
50 387
3 553
4 544
24 253
5 367
14 219
21 291
39 274
6 263
34 332
51 318
11 244
24 59
27 433
17 329
39 226
44 71
17 441
25 23
64 279
47 569
14 559
56 345
44 520
14 47
39 92
47 425
13 246
14 449
63 34
3 90
1 12
2 452
29 144
61 342
32 11
52 41
53 386
21 447
30 583
4 383
20 510
15 301
29 517
46 301
13 391
58 60
38 583
18 259
16 98
62 56
8 494
16 536
52 20
57 31
32 231
13 395
2 433
7 96
8 101
46 50
33 224
10 229
29 502
33 48
4 82
30 503
0 395
49 524
38 477
6 431
60 95
7 540
2 403
3 434
7 468
58 30
26 281
66 402
52 201
12 401
47 193
14 42
61 516
65 84
13 452
41 84
4 19
1 441
52 275
32 13
48 49
41 580
4 231
4 151
49 578
37 66
61 514
14 209
20 179
23 230
12 30
47 372
14 417
52 365
66 277
34 10
18 512
7 110
51 489
59 30
36 374
50 174
41 270
35 494
38 509
42 195
19 486
27 127
24 415
48 577
27 30
50 296
7 119
13 28
58 377
35 108
38 330
30 136
6 436
16 141
60 564
53 291
12 79
64 31
62 15
21 573
15 295
9 441
60 200
17 72
42 64
47 223
0 1
12 455
58 471
22 421
20 93
3 37
53 200
30 516
15 220
28 590
24 208
13 232
65 498
31 428
29 64
11 403
48 488
5 350
34 143
36 312
53 355
4 142
44 486
46 330
17 585
59 470
18 310
25 585
47 201
21 56
42 76
36 13
53 18
28 195
65 199
17 239
18 280
51 463
5 408
62 398
31 464
54 275
41 441
59 168
48 340
34 182
53 369
61 553
42 193
64 377
21 409
51 184
37 227
58 91
28 414
43 370
46 487
8 586
16 275
2 160
10 56
23 359
30 157
17 487
30 317
57 453
22 495
45 405
36 448
51 119
50 265
60 384
55 422
55 297
23 57
48 55
27 570
7 585
52 24
45 86
22 450
13 589
47 163
60 0
9 495
4 5
0 325
8 280
54 172
13 227
48 184
8 284
31 444
35 379
19 547
57 313
63 589
35 501
19 403
36 480
38 409
10 407
22 473
11 469
34 83
19 517
39 414
39 269
35 16
5 203
36 428
26 522
64 437
50 131
40 169
13 425
26 509
11 517
6 89
37 1
46 337
24 13
35 176
57 171
36 487
59 201
18 287
17 90
31 332
38 473
13 474
49 109
26 129
27 262
59 131
22 525
26 194
20 428
13 259
6 331
14 499
41 207
39 40
9 187
4 476
18 281
36 320
4 373
32 20
40 75
20 44
3 111
2 258
34 584
36 259
39 251
23 379
47 318
8 527
58 488
53 567
18 581
43 327
12 178
57 131
4 164
64 240
27 297
3 414
42 90
8 34
9 146
44 325
21 596
20 498
15 11
63 235
65 122
45 17
17 162
4 9
21 232
26 261
7 406
41 488
14 80
54 124
14 365
51 248
28 348
61 10
18 410
14 265
49 2
56 312
37 219
33 479
3 300
2 456
3 292
38 336
30 6
33 115
57 141
13 244
2 11
45 587
17 219
19 584
25 397
17 430
11 418
12 572
47 530
31 508
26 47
33 29
57 117
30 205
9 136
42 345
64 380
32 439
54 389
32 205
13 248
19 400
14 454
66 395
16 408
0 110
8 12
57 477
64 417
26 545
30 381
65 582
13 349
29 86
26 127
34 287
19 364
12 228
0 236
61 466
50 315
48 274
24 83
19 193
54 314
9 525
58 575
20 287
37 17
53 195
42 19
52 28
61 5
60 149
34 214
50 97
41 506
38 236
31 269
36 313
13 553
41 160
1 594
63 277
28 538
28 345
33 107
46 531
46 184
60 232
0 591
18 443
56 562
65 256
15 293
26 583
31 288
33 362
31 529
61 263
65 426
63 105
54 134
26 196
52 477
13 198
50 216
39 125
3 144
35 94
27 338
56 551
54 577
41 497
52 3
16 240
45 467
51 478
16 203
51 125
42 127
39 472
44 510
10 108
25 279
43 318
50 318
6 223
7 450
11 360
52 482
32 530
30 517
38 574
42 107
32 200
23 36
16 453
6 315
5 537
42 376
10 409
64 250
7 141
26 82
15 528
35 507
36 376
6 409
42 17
43 34
15 61
65 136
25 344
51 574
5 544
24 24
6 193
3 377
63 127
3 353
21 458
37 399
64 315
18 336
32 269
44 493
50 350
2 346
17 137
55 473
36 396
33 329
11 252
34 370
13 105
11 453
52 144
63 387
20 125
51 595
54 185
65 211
46 296
34 530
0 563
16 143
3 372
2 424
41 299
59 154
25 526
38 326
19 412
26 71
33 117
12 203
62 74
35 517
60 566
12 504
12 147
25 379
65 163
54 260
5 189
37 521
61 348
23 450
45 81
11 326
33 140
7 487
18 38
58 345
41 106
10 214
57 571
42 564
3 178
26 43
33 63
21 148
46 16
39 154
28 445
36 406
42 235
63 485
18 133
54 444
13 482
29 118
29 461
14 204
38 103
58 370
59 73
48 481
41 552
17 35
30 47
13 113
11 487
3 63
48 167
63 468
64 124
34 494
31 423
62 245
3 258
25 1
38 382
14 311
25 176
22 410
14 572
46 456
4 131
53 253
51 382
4 567
54 571
39 191
29 296
2 578
9 200
6 277
15 48
53 262
60 145
1 569
19 295
56 157
60 405
46 349
48 62
26 428
0 343
17 548
22 593
7 455
31 211
19 487
14 586
62 555
26 541
65 2
36 254
5 457
66 452
56 25
46 314
59 181
21 380
20 229
46 213
46 181
0 502
1 582
21 248
20 351
44 374
45 370
63 21
39 526
20 580
3 562
36 7
34 382
11 507
65 365
11 62
44 152
56 184
20 425
11 290
31 430
63 351
4 149
41 62
0 586
14 512
26 524
57 531
19 443
55 306
22 38
10 210
1 305
0 575
51 135
8 483
27 87
52 571
21 297
43 418
21 487
20 381
66 170
36 323
26 370
47 143
1 147
47 326
61 299
62 413
6 465
45 340
37 232
65 577
18 26
35 363
49 543
41 576
37 313
5 258
