2000 1000 1000
459 391
617 558
827 986
55 817
362 866
594 411
103 78
140 215
674 674
393 290
236 43
48 809
251 828
221 952
419 117
206 753
810 658
951 893
326 794
680 882
186 121
980 758
450 604
195 567
918 363
303 612
28 978
326 414
61 204
519 634
885 793
366 845
809 608
570 690
391 426
427 858
617 761
645 814
580 403
841 459
932 810
539 206
932 43
153 707
690 465
249 861
760 293
129 136
720 19
691 862
510 600
290 695
157 971
816 135
138 219
514 754
941 800
185 767
0 944
717 403
125 420
500 189
120 803
956 681
621 177
438 248
754 440
489 948
849 566
165 185
950 636
422 918
76 321
565 506
578 268
779 17
517 184
99 493
529 911
627 869
252 736
364 424
127 10
97 56
695 338
25 906
449 809
946 142
546 326
347 902
406 648
659 124
681 515
264 458
242 935
787 880
9 485
469 188
177 383
585 902
947 115
538 687
370 709
200 650
764 926
187 981
530 173
160 361
169 165
367 984
469 466
27 349
30 428
615 768
665 62
375 493
953 729
873 911
456 257
814 686
299 462
846 221
898 583
818 140
304 64
834 180
949 468
14 740
963 237
744 793
850 222
797 778
919 669
745 479
816 5
750 947
725 340
564 58
997 759
443 649
900 870
632 961
906 978
551 253
887 734
700 225
448 878
979 787
192 45
545 703
160 493
783 565
906 381
295 40
195 467
968 171
576 802
797 698
435 450
444 409
158 222
999 849
334 156
968 583
544 31
39 972
790 629
355 952
913 87
988 322
930 442
537 622
456 950
972 996
923 739
273 96
534 835
991 510
452 539
748 773
888 189
492 342
741 215
376 127
199 702
187 555
550 595
910 148
911 954
248 232
91 683
147 800
106 0
729 536
332 86
851 235
314 657
754 322
858 354
67 790
397 953
917 915
143 386
677 937
630 679
974 198
92 348
343 21
898 387
30 235
1 438
868 127
395 576
194 270
40 918
230 150
523 736
993 809
248 740
759 752
812 925
183 929
936 418
944 875
668 170
525 66
602 492
654 923
535 780
299 528
5 25
610 70
620 571
616 868
285 617
358 744
741 252
167 36
823 241
258 34
712 463
843 235
173 697
212 940
449 567
177 377
18 716
655 629
52 399
392 681
654 999
649 231
103 940
353 647
103 63
252 106
539 238
877 864
574 401
287 586
597 574
639 974
558 457
917 631
331 864
341 620
137 648
593 334
257 766
351 206
876 642
22 240
290 904
815 484
51 322
313 639
601 121
86 876
238 129
737 835
661 10
182 607
782 955
141 235
709 159
715 558
207 834
55 267
206 279
970 489
474 179
295 802
585 475
71 232
175 816
758 408
157 925
172 727
871 577
762 187
841 772
283 55
765 897
695 329
798 552
363 488
615 549
735 337
688 135
204 82
334 72
17 602
342 439
875 775
698 379
581 478
565 830
245 10
292 777
874 261
978 250
1 619
275 517
806 289
402 324
912 51
821 150
364 471
123 398
835 84
84 396
553 189
995 564
125 237
696 633
973 763
353 141
818 721
295 241
0 309
848 109
992 499
73 697
655 253
153 598
778 427
99 670
694 441
76 604
500 352
618 76
930 954
147 406
622 836
90 788
912 592
873 436
686 847
272 798
752 457
181 751
754 687
347 929
937 279
568 915
42 265
254 241
129 519
250 451
677 357
875 375
907 457
435 674
501 304
438 235
741 829
950 831
990 507
205 225
653 249
281 230
607 108
880 381
439 350
603 423
332 471
865 688
982 507
933 456
195 550
145 139
8 916
889 942
591 306
244 28
924 307
393 214
977 808
156 502
350 540
675 511
616 770
61 349
820 793
759 376
737 718
406 530
275 717
876 371
396 290
553 350
241 847
938 920
143 438
269 731
264 389
936 145
944 631
238 537
598 577
892 475
42 281
866 600
69 426
68 895
784 55
410 716
867 945
306 856
431 404
581 172
928 658
148 287
195 770
693 251
266 826
928 150
2 338
695 163
515 900
870 311
361 346
168 964
309 572
342 341
182 634
957 381
940 266
826 192
649 413
395 962
558 375
189 50
854 735
535 650
375 981
134 842
875 947
508 590
589 86
581 391
759 147
936 426
417 11
392 287
908 961
97 174
778 977
196 659
848 996
190 376
359 287
159 606
600 676
925 456
715 933
862 225
961 965
859 908
540 809
199 108
2 154
893 848
47 373
407 593
263 540
423 548
701 12
569 84
784 246
795 961
428 828
561 749
347 985
871 279
902 749
241 983
349 476
49 748
611 386
847 971
938 386
589 486
959 700
960 702
631 993
174 370
152 391
502 865
531 816
51 985
950 981
216 971
677 119
254 740
810 181
654 256
755 789
678 227
32 192
493 598
221 369
465 276
444 19
144 756
290 644
387 459
507 512
525 864
288 951
725 266
636 988
273 224
195 67
43 94
501 782
127 718
388 9
622 967
825 754
151 247
861 188
62 361
162 525
156 996
683 396
241 464
640 791
560 315
612 433
309 498
745 882
340 853
354 182
320 350
175 514
807 211
119 75
700 940
600 926
968 941
364 757
76 98
343 949
350 634
416 879
94 59
533 327
270 496
353 711
704 604
655 390
911 734
192 239
833 593
712 650
286 969
467 620
130 628
981 899
753 65
298 290
627 302
522 39
628 630
725 485
459 130
823 876
540 29
685 603
535 378
519 532
350 767
91 992
648 631
214 201
552 864
383 381
945 617
783 91
299 751
837 531
475 740
710 648
525 824
796 347
593 224
619 16
104 938
945 751
124 318
237 169
236 50
760 453
576 62
431 6
797 475
594 965
464 794
497 298
192 438
369 188
282 531
551 989
165 965
17 790
529 647
799 806
444 320
630 39
110 425
46 947
929 120
225 386
455 349
29 95
155 149
292 397
28 48
594 311
290 581
272 829
76 85
958 224
118 29
358 742
627 132
331 823
796 57
193 433
418 240
974 763
33 872
673 53
778 589
945 968
910 106
862 205
297 752
700 809
162 304
350 880
763 632
114 376
669 614
156 747
698 876
765 433
396 717
569 298
556 496
997 483
46 839
763 804
193 427
576 498
907 245
534 216
806 733
117 582
464 357
29 437
450 507
673 347
350 975
744 34
193 110
760 586
622 799
812 667
676 629
585 504
17 906
330 909
450 997
774 78
654 339
140 60
43 551
846 839
550 592
69 864
504 248
313 367
996 17
424 389
571 733
877 64
335 15
169 515
28 704
960 874
75 256
724 84
444 326
456 59
444 210
176 777
999 830
700 369
632 160
723 494
30 508
136 739
956 169
366 806
856 865
844 953
641 866
74 936
656 788
757 467
434 154
333 547
87 947
579 628
315 781
513 310
190 943
141 277
334 140
462 751
802 828
44 311
715 927
556 529
887 615
557 703
268 986
715 556
769 1
785 383
859 425
97 698
804 445
188 641
309 74
413 813
881 687
145 108
737 522
139 926
223 359
188 786
18 200
797 502
503 862
351 970
615 367
115 985
627 563
631 509
525 327
438 335
538 263
130 855
521 520
675 605
838 660
685 810
195 350
113 313
689 311
579 383
930 605
319 163
692 71
237 515
800 680
968 771
832 235
543 683
862 282
951 691
793 281
839 388
99 968
86 189
907 721
933 570
444 440
328 735
246 217
797 572
828 668
945 346
615 357
522 381
921 596
544 375
288 94
853 555
599 547
928 517
977 983
344 619
979 464
27 83
11 931
556 519
243 914
44 473
335 168
979 223
796 90
782 34
884 236
171 883
720 82
111 171
304 630
67 17
567 113
714 755
477 485
503 262
315 523
157 112
556 740
297 342
408 277
601 921
721 66
949 566
866 114
343 537
605 988
488 694
788 176
510 676
972 119
911 174
209 604
785 198
768 794
779 22
954 847
286 564
880 35
397 136
964 941
662 338
761 201
209 765
933 762
916 210
639 985
207 931
229 211
881 722
26 556
287 611
21 431
384 555
673 303
515 289
789 105
280 558
577 878
736 968
363 265
421 287
196 990
22 142
993 410
560 722
473 642
516 67
383 612
501 632
907 589
510 950
330 349
623 517
128 338
418 318
749 416
934 459
925 152
432 69
917 683
723 937
343 353
442 535
956 999
945 2
43 241
484 716
460 747
101 529
652 303
826 453
451 809
975 26
206 757
525 32
731 697
347 779
407 585
237 116
164 378
582 45
672 76
530 699
326 4
672 558
763 849
792 950
682 721
134 560
71 195
503 387
875 786
702 378
519 286
436 718
676 623
891 944
841 205
1000 462
399 976
389 793
908 327
536 690
217 955
11 98
802 32
569 726
854 479
404 904
830 765
146 485
442 121
661 168
989 346
875 162
930 336
579 872
257 360
631 131
251 84
487 849
483 779
94 576
521 244
770 530
12 52
52 812
692 14
517 82
911 260
469 687
119 693
601 703
99 9
190 647
561 61
997 1000
427 914
44 847
12 967
665 289
889 176
624 584
733 860
482 993
951 49
310 602
42 41
358 208
50 32
131 49
608 972
971 120
772 497
273 116
818 282
423 371
395 447
2 888
158 219
863 601
136 878
326 832
569 545
736 707
238 218
63 652
90 843
999 761
998 547
987 350
137 91
329 338
269 132
981 61
788 38
980 944
465 868
515 625
921 14
280 241
388 227
56 778
278 43
562 418
427 645
905 751
257 495
970 933
432 686
360 147
357 987
201 736
18 747
867 172
135 542
200 757
108 195
616 554
825 307
373 990
683 291
808 838
292 284
51 248
936 816
62 154
773 36
769 185
996 766
52 57
533 911
419 899
287 869
78 919
39 150
306 525
900 154
176 237
992 470
339 438
277 205
912 702
247 284
829 480
573 683
432 654
638 437
258 719
444 290
557 936
216 761
349 221
261 392
2 114
846 688
158 728
615 862
910 648
261 977
559 572
280 620
831 642
241 68
318 329
685 208
917 960
740 631
375 860
45 615
411 196
892 933
86 858
674 156
87 422
235 820
576 575
0 109
89 342
58 322
550 798
916 500
66 694
785 844
153 897
978 191
375 148
820 957
159 683
910 334
930 56
563 391
764 68
634 684
243 340
418 697
860 669
699 770
889 913
637 563
279 121
743 361
798 127
157 872
450 896
803 558
129 158
960 19
349 193
131 977
89 575
817 740
320 535
17 473
880 869
52 618
415 312
402 423
894 289
12 105
841 172
357 20
727 893
655 116
198 897
391 327
221 159
988 942
89 503
230 963
823 740
330 379
489 601
586 204
926 502
19 744
215 803
951 259
661 726
467 638
57 999
514 844
973 473
788 496
270 357
790 24
265 280
166 226
51 485
936 336
172 825
892 370
104 911
601 978
784 79
718 1
424 797
780 132
740 415
709 582
691 421
177 494
401 171
851 652
410 53
350 111
983 359
787 557
664 519
455 505
711 11
174 614
23 611
782 486
556 156
169 495
26 182
685 748
827 571
275 140
587 216
68 522
453 486
808 536
53 450
281 192
184 223
101 487
199 466
813 604
81 728
363 523
691 977
394 749
552 872
279 714
593 773
855 346
543 5
141 987
525 588
642 930
712 801
592 495
163 85
858 887
17 800
974 1
622 835
223 839
144 540
557 389
867 483
30 259
425 949
935 252
218 399
257 845
229 240
550 900
839 682
427 476
256 852
280 902
121 748
669 947
183 628
66 832
962 644
744 981
43 650
932 523
369 196
608 504
757 572
848 946
293 728
801 702
624 974
23 59
209 579
333 891
539 928
919 228
315 54
561 9
109 870
612 931
325 82
312 240
559 7
249 950
261 219
933 808
873 992
252 73
631 210
768 462
295 571
884 957
961 844
855 256
391 717
56 870
575 438
175 963
489 414
910 942
650 269
390 190
111 742
576 833
99 364
898 965
337 69
77 644
958 780
807 100
623 131
9 829
564 635
800 418
984 288
882 125
109 318
998 969
147 308
544 299
101 381
579 488
864 186
695 103
538 140
648 74
315 413
339 889
28 783
775 845
132 35
208 908
665 238
685 486
795 971
390 12
999 851
229 652
787 736
266 493
986 733
206 25
285 348
813 101
779 281
940 449
290 705
903 674
622 277
706 2
113 179
298 170
454 739
701 519
805 573
618 197
762 804
841 812
719 726
649 498
459 406
874 562
937 10
923 369
459 749
351 774
67 564
434 99
285 532
693 841
55 686
692 88
126 380
398 127
165 455
818 684
398 132
16 177
944 555
381 903
920 864
379 718
1 705
887 904
335 359
876 432
525 869
977 96
899 165
670 14
210 322
914 772
368 282
528 865
659 765
630 133
891 383
631 93
414 300
102 940
462 63
104 69
374 207
69 892
678 637
256 598
899 970
731 273
938 177
51 25
352 673
577 318
97 153
250 393
567 921
385 169
605 94
727 536
57 643
931 573
939 117
683 386
808 190
676 103
243 994
118 149
741 558
382 464
468 339
78 810
107 442
315 454
546 479
684 972
793 160
478 418
355 942
384 68
494 168
479 422
163 976
423 141
265 892
261 948
180 570
947 609
537 275
617 248
166 832
359 231
870 106
674 157
546 277
42 467
558 116
627 691
503 250
623 183
165 938
872 991
787 952
29 17
151 545
608 682
835 913
663 260
590 222
258 450
850 33
618 431
88 3
340 524
418 921
765 223
850 102
724 715
205 173
479 54
409 962
51 134
806 293
940 76
437 914
189 673
259 432
173 915
497 925
815 534
857 635
522 813
903 56
503 635
932 909
987 502
152 102
746 90
654 494
206 790
628 68
30 147
33 578
698 35
879 674
731 759
569 4
613 95
184 881
181 674
496 715
784 336
689 513
535 23
445 67
583 570
575 878
52 147
308 925
294 756
237 471
247 790
521 665
992 952
84 488
384 652
233 418
278 461
973 898
542 554
45 947
422 645
21 301
175 823
504 298
646 1
347 441
664 885
442 196
477 616
687 226
738 77
540 368
665 586
245 245
167 463
906 252
13 209
849 331
394 190
640 573
654 629
559 489
546 180
216 179
896 387
647 427
447 306
2 618
829 33
965 79
443 705
861 93
755 502
76 949
629 809
838 577
41 8
571 870
96 251
857 765
920 832
320 233
45 527
378 21
11 665
439 100
984 858
306 955
561 949
286 23
399 1000
773 808
251 988
385 858
228 452
8 664
859 647
535 108
739 744
83 84
674 877
765 168
459 788
507 291
295 84
113 377
435 166
998 719
323 485
978 154
731 442
824 861
38 48
269 684
60 72
105 205
949 729
48 713
597 402
976 435
571 512
359 710
281 502
408 867
765 210
121 861
86 278
521 877
379 363
610 181
957 90
888 903
18 871
901 48
646 496
640 132
913 629
707 610
501 912
20 993
572 648
171 208
785 686
455 982
979 173
344 553
955 889
606 963
607 713
359 144
739 83
403 181
243 861
427 922
57 566
477 278
354 348
727 863
468 457
957 404
481 842
391 895
618 409
239 742
409 338
865 42
254 454
897 596
898 191
314 335
963 694
559 680
639 963
229 601
324 279
822 775
161 196
369 562
807 265
797 869
666 780
652 506
192 450
58 114
418 980
771 185
470 385
685 925
650 268
158 34
867 146
545 28
513 166
14 931
995 447
659 614
231 71
34 707
785 226
903 694
207 924
360 463
573 645
300 293
164 870
357 506
405 447
142 783
282 942
301 161
941 804
240 16
222 78
791 565
531 84
389 65
524 703
72 6
505 570
661 929
345 74
1000 613
977 638
4 228
236 751
56 1000
18 266
190 763
119 841
557 576
111 439
834 384
3 247
951 187
746 89
470 199
629 515
4 238
500 430
467 187
328 900
92 714
404 920
255 275
923 878
268 961
172 141
299 983
83 636
611 473
193 86
51 183
396 522
651 347
662 39
835 719
63 0
136 315
236 63
643 217
777 549
161 276
901 582
77 53
433 314
300 570
341 482
443 270
950 642
630 60
772 685
851 261
94 292
24 513
738 793
35 931
201 297
91 189
367 174
939 266
886 730
77 658
481 126
312 811
346 819
141 338
827 802
350 352
425 235
784 427
356 623
833 89
980 326
153 395
214 871
263 445
776 269
966 290
127 329
964 765
156 464
979 339
336 24
405 860
354 910
851 965
121 874
260 945
60 749
725 579
25 988
214 808
868 49
448 929
199 412
854 236
756 970
341 53
944 360
675 903
404 413
764 377
686 919
284 263
491 90
781 771
40 579
26 98
694 976
18 40
483 267
682 412
455 572
754 522
431 801
485 551
249 557
670 965
504 984
537 104
451 924
703 600
654 649
2 134
22 167
270 11
753 691
570 738
705 548
897 418
496 687
833 932
850 98
572 743
501 806
265 252
487 473
109 847
786 382
647 27
851 685
227 207
727 99
723 90
917 980
821 223
509 938
950 53
860 519
341 797
918 14
94 997
30 733
249 542
718 870
610 501
702 916
288 691
142 663
724 876
885 109
65 29
395 788
425 261
700 652
710 807
206 346
36 920
152 879
96 353
101 3
891 493
607 26
232 551
43 428
564 834
525 127
23 582
467 585
916 394
952 219
533 390
637 878
140 432
936 742
437 736
460 815
937 194
898 433
283 824
196 352
204 590
66 663
873 935
509 248
575 444
9 616
199 544
647 288
877 34
907 637
557 727
913 238
616 353
132 78
40 159
811 148
915 194
563 373
153 915
427 67
267 705
101 401
599 807
79 226
191 794
304 514
791 688
87 934
150 511
536 857
7 404
663 190
873 566
728 493
819 495
139 825
122 596
632 73
366 724
171 639
870 385
233 975
352 175
707 198
264 73
665 595
498 287
394 177
100 486
1 60
922 162
216 230
884 47
426 114
165 781
917 287
288 718
827 596
36 394
906 556
632 85
398 659
781 858
560 489
751 948
737 467
684 429
307 710
337 48
268 981
748 445
630 286
82 12
219 866
168 405
935 211
566 357
874 580
294 384
723 18
837 808
668 349
137 371
681 675
141 772
331 368
795 870
161 62
681 646
700 240
518 734
292 366
320 541
507 875
212 196
129 911
94 724
753 125
875 714
273 929
295 932
188 376
520 679
428 561
435 164
506 914
809 624
287 44
407 93
632 645
112 622
