1293 910 773
387 598
670 593
818 233
339 507
492 395
280 176
477 437
80 16
151 404
131 633
348 205
535 422
854 754
248 640
88 564
880 35
515 81
271 143
523 303
615 345
367 343
772 93
154 267
343 109
156 142
342 92
401 655
806 340
93 687
604 607
186 134
439 337
771 30
24 102
506 270
627 24
670 698
62 234
769 225
210 395
386 59
817 179
510 47
613 110
825 681
287 102
281 110
791 670
218 158
332 500
191 394
844 546
591 735
50 478
791 209
491 225
516 460
571 621
209 690
585 458
587 111
82 591
890 718
70 579
190 218
79 728
56 319
707 629
98 646
822 534
255 366
694 384
20 696
571 626
397 441
392 152
259 708
601 153
216 585
729 265
526 486
775 291
775 726
330 494
193 202
864 765
659 463
582 347
182 176
36 615
596 182
417 182
778 530
907 368
99 105
120 488
471 197
497 129
138 46
865 384
696 692
364 639
148 645
316 673
336 215
42 711
544 123
354 402
382 281
620 458
108 394
25 225
93 505
259 764
357 618
339 75
69 65
871 664
740 299
865 369
103 318
761 322
766 255
41 740
269 170
96 66
342 138
417 208
596 444
667 438
681 408
319 342
40 345
241 582
820 92
880 690
900 446
575 233
211 484
213 117
792 574
862 659
87 391
622 480
799 537
370 325
430 59
141 435
445 101
174 90
354 331
267 140
400 325
584 439
692 361
26 500
230 598
525 659
113 168
580 224
490 300
570 58
634 644
460 644
539 144
758 350
495 388
258 636
585 200
535 49
399 442
105 743
870 698
160 486
887 175
180 591
289 482
697 162
457 621
311 225
67 667
672 218
462 203
898 705
784 8
44 44
358 707
648 29
673 692
108 300
619 284
908 315
769 648
267 288
534 99
648 589
715 523
374 270
516 19
47 116
521 335
570 159
906 668
804 758
836 1
240 678
511 139
853 696
14 352
485 513
265 691
420 219
485 236
584 764
253 670
231 236
369 15
22 322
247 18
737 649
94 7
847 542
553 424
725 517
149 211
548 294
683 203
412 228
590 729
653 462
810 167
178 541
895 457
187 219
329 9
477 213
729 217
746 478
639 773
11 527
408 122
4 593
852 639
381 619
595 300
470 121
380 549
352 16
243 426
782 495
42 766
843 446
838 484
449 446
905 61
566 131
790 505
686 444
768 186
844 684
326 350
678 575
593 131
496 22
815 717
249 61
105 88
436 182
641 285
636 363
289 297
879 101
780 250
838 412
175 439
682 712
48 511
346 366
66 32
588 757
371 309
333 218
268 424
206 10
146 117
513 509
893 766
559 766
349 518
295 703
184 605
623 716
500 390
849 545
510 575
392 400
95 552
846 673
146 195
143 531
900 527
313 706
736 397
630 40
186 755
80 71
274 719
311 170
841 740
744 388
849 436
157 298
420 340
304 157
151 297
598 636
711 436
598 773
468 132
139 51
873 222
712 206
469 743
357 677
572 591
115 63
147 380
817 422
711 528
544 768
462 114
475 715
783 11
808 565
763 60
687 121
549 167
866 441
657 510
139 768
243 330
802 97
9 568
31 691
791 611
146 325
738 349
104 175
58 441
255 359
0 134
40 141
17 145
393 326
112 459
265 161
518 414
539 691
893 693
387 433
768 598
525 443
815 534
576 101
796 506
849 502
116 720
307 29
807 185
321 767
226 491
546 396
892 121
62 203
261 638
543 294
371 490
339 282
51 339
641 723
505 465
820 499
376 311
213 621
204 771
157 642
94 235
119 548
869 745
131 712
67 550
359 181
336 715
128 482
878 204
641 230
403 66
804 761
175 337
183 765
753 627
683 576
796 622
696 317
210 729
291 610
95 452
92 468
880 245
97 253
418 98
628 437
155 710
564 48
783 5
890 356
228 14
863 582
771 511
136 664
515 683
383 458
49 320
148 583
360 152
569 77
200 61
540 145
53 52
154 222
437 247
1 315
753 136
304 446
852 258
842 340
909 432
427 486
479 691
869 609
189 577
243 567
337 548
103 133
91 472
649 387
737 32
566 316
169 629
262 750
6 43
699 468
256 731
135 274
387 374
380 193
429 291
210 27
332 78
216 643
271 747
151 429
763 654
581 648
399 521
49 233
358 11
144 468
733 115
88 2
84 336
12 766
389 288
511 81
655 129
730 110
612 500
667 528
323 594
152 580
44 751
359 421
331 667
127 190
68 658
347 632
642 596
677 345
573 321
451 449
339 356
755 227
374 573
760 483
454 503
594 658
606 650
131 186
71 447
116 593
806 447
466 267
796 360
647 667
203 619
319 631
265 185
261 542
343 269
484 629
643 311
152 77
641 627
302 224
628 668
235 342
545 616
226 644
241 609
65 1
679 568
706 729
168 395
36 0
596 580
622 57
221 528
293 304
816 569
73 319
530 215
20 402
642 540
159 213
389 488
650 693
210 287
726 609
391 5
256 584
389 229
248 142
473 563
495 610
451 218
522 593
773 608
399 6
466 765
809 287
356 636
396 316
599 556
44 641
610 644
757 430
852 200
561 209
710 225
676 671
824 684
602 696
363 669
403 300
140 15
482 256
342 749
706 604
292 328
87 513
462 158
183 242
684 753
706 34
816 478
603 397
823 220
64 28
255 665
330 219
850 43
802 289
315 513
41 86
768 545
591 134
706 454
881 41
336 710
519 363
557 477
69 358
219 413
12 158
305 20
771 599
20 161
337 18
696 318
422 299
828 390
857 126
369 42
706 728
358 492
64 53
549 595
738 591
822 410
626 394
771 203
230 137
403 69
759 20
586 703
549 36
832 148
742 719
788 369
305 771
525 550
695 533
864 240
814 121
437 475
711 695
78 424
500 622
757 427
546 618
230 558
25 593
634 351
84 756
29 750
825 635
1 423
383 761
369 663
729 443
718 99
43 551
832 523
437 36
413 470
855 235
502 382
344 454
686 573
438 453
118 532
617 758
697 317
606 427
523 635
378 586
629 411
660 456
190 490
366 754
304 210
81 765
34 340
263 559
8 57
829 428
324 593
587 669
694 505
635 492
549 117
807 518
160 218
380 290
902 709
11 715
47 572
424 242
239 471
638 764
111 404
517 647
852 671
853 507
129 86
846 427
396 712
285 543
873 463
826 555
721 364
389 15
754 70
5 251
803 294
404 344
664 88
400 494
10 314
780 592
424 275
282 469
592 355
713 532
205 431
506 643
735 492
527 605
703 39
223 660
669 343
130 215
324 454
604 643
857 485
370 465
202 397
821 581
717 419
816 241
874 528
417 640
9 430
873 165
830 471
237 169
381 451
503 458
379 622
88 647
893 476
724 726
614 652
460 614
241 597
892 488
251 366
300 191
860 740
434 95
405 71
425 471
607 581
280 13
884 223
383 105
39 85
128 381
283 584
869 541
649 130
216 453
468 601
545 622
244 535
290 230
289 25
28 732
764 230
301 474
606 609
791 116
11 45
553 360
50 316
138 48
877 700
306 530
84 682
621 346
226 66
906 335
233 623
278 189
37 244
835 241
307 111
733 56
462 521
168 266
910 227
425 47
608 763
308 678
729 203
550 337
569 524
710 156
670 521
686 584
877 355
330 511
753 661
120 711
125 35
598 295
601 587
644 574
21 260
718 242
857 524
736 126
456 701
879 765
387 160
141 347
350 187
587 48
168 735
240 30
746 768
825 160
299 229
857 175
571 404
579 160
788 242
308 656
439 247
225 256
335 669
42 642
344 10
522 359
721 53
632 94
607 220
398 0
673 514
83 92
675 444
832 241
437 755
16 130
235 638
883 656
361 202
855 241
642 560
859 393
688 580
286 499
1 642
718 260
781 92
772 272
58 159
99 448
797 670
803 702
462 164
152 124
108 68
424 377
375 243
29 735
745 0
845 368
409 38
550 454
203 238
292 711
214 418
289 493
890 669
366 244
255 468
715 381
655 16
108 435
599 375
488 370
33 322
145 245
136 139
479 187
241 313
295 616
128 276
377 201
187 503
357 412
300 88
342 126
393 401
587 78
732 546
387 546
696 511
798 299
833 456
688 81
322 413
87 339
492 272
705 212
698 558
223 387
368 140
762 580
553 504
700 520
26 59
837 458
196 295
156 548
709 546
803 446
671 561
661 642
693 298
640 373
616 588
804 351
713 115
835 209
439 552
437 635
861 103
145 43
576 280
745 95
596 37
697 529
385 549
365 113
115 385
706 190
841 167
274 264
433 204
529 589
267 440
673 427
259 294
538 606
401 106
614 653
49 304
634 59
145 596
223 465
872 368
813 381
637 367
424 354
871 36
594 580
887 160
821 82
119 537
834 649
263 19
520 82
56 140
856 252
634 107
724 529
628 318
676 23
94 661
653 13
703 687
130 717
145 714
193 409
121 116
42 26
424 112
763 69
517 94
520 317
304 531
414 737
694 482
209 344
695 45
756 558
235 126
383 133
474 47
783 606
304 11
488 146
416 379
126 445
341 295
881 34
858 640
659 592
801 379
301 371
522 763
828 751
325 260
335 615
585 171
829 341
400 63
283 523
135 453
462 267
725 658
24 648
159 586
7 278
388 249
173 359
833 497
7 59
172 79
802 419
258 682
476 481
287 123
201 395
413 621
179 582
816 320
748 540
8 501
488 464
574 310
602 710
393 412
551 361
31 527
840 241
621 86
84 453
669 530
194 716
210 20
23 695
513 251
760 434
234 158
270 224
110 289
14 197
531 583
640 392
562 360
177 70
631 717
223 701
576 78
659 28
184 301
713 625
69 663
99 660
115 564
445 31
733 46
856 268
42 700
862 657
89 8
281 200
777 371
641 69
837 645
721 700
459 297
360 534
435 416
344 509
164 287
594 70
67 481
297 183
754 283
667 314
573 386
531 483
484 148
428 431
859 669
489 340
621 602
503 733
851 114
178 381
159 551
229 0
286 231
187 90
423 90
534 58
409 673
188 201
461 492
361 599
160 596
447 236
217 743
488 91
384 215
69 611
551 242
693 365
196 589
366 749
292 463
439 311
383 115
5 420
616 200
275 176
599 15
137 462
520 657
363 541
769 276
462 765
226 364
164 348
146 490
854 576
64 719
2 18
465 133
328 596
56 290
491 325
327 162
515 475
246 243
116 436
872 58
796 111
822 326
811 751
715 444
851 434
806 593
761 759
607 414
491 257
858 544
563 333
389 160
224 57
832 134
245 307
247 149
573 402
138 10
875 463
490 383
537 324
85 538
695 705
375 359
451 257
136 765
130 483
140 686
363 593
544 499
906 610
219 437
480 544
284 525
680 352
228 424
56 597
887 689
263 764
427 419
764 650
742 82
413 425
606 677
161 125
776 400
27 366
236 439
669 719
185 529
377 226
705 231
232 246
247 353
216 131
633 612
268 601
71 181
402 145
617 560
493 382
55 354
447 166
410 150
438 572
644 536
906 605
702 118
643 89
213 25
732 387
185 730
311 450
771 552
579 493
751 730
44 324
869 284
769 417
495 305
7 463
81 521
595 750
339 434
65 533
70 259
557 746
294 187
651 418
260 366
754 738
286 509
246 350
541 258
814 731
114 74
716 767
698 303
666 351
729 254
809 138
528 433
108 515
721 57
517 641
485 764
526 447
542 390
2 503
547 495
161 647
300 531
16 235
664 498
313 469
662 201
243 667
544 552
446 129
241 93
133 513
528 456
863 90
535 202
202 701
673 154
883 218
72 1
268 148
649 433
400 329
197 230
14 359
470 9
412 387
180 350
570 391
272 183
664 184
600 308
540 277
650 477
862 747
653 444
271 485
44 206
75 389
622 293
143 143
429 177
824 731
629 161
391 262
65 354
692 538
386 763
451 226
769 124
405 729
164 696
666 432
822 210
