1607 915 71
463 1
246 27
613 8
755 62
644 40
530 32
782 21
37 18
504 69
154 68
597 62
883 10
614 49
650 69
480 6
169 52
118 67
490 42
794 24
333 25
700 13
550 8
801 17
476 63
436 41
458 41
803 31
393 8
198 62
383 13
749 3
575 47
563 60
429 57
14 28
881 20
584 4
82 54
95 50
196 5
864 23
66 24
152 59
743 23
303 50
832 49
260 5
146 17
355 3
646 44
723 12
603 25
906 37
810 19
40 42
865 54
174 0
782 67
14 12
551 23
213 21
522 61
1 10
814 22
466 23
567 46
379 48
475 57
185 4
101 65
470 67
379 50
602 52
282 31
291 17
5 56
490 14
577 62
656 57
654 36
180 48
276 34
80 58
630 64
724 59
181 68
541 14
767 23
112 29
336 46
715 28
29 60
619 69
235 62
812 44
614 4
167 38
692 59
811 71
364 48
414 28
598 14
619 14
144 70
448 40
85 20
5 33
242 15
666 45
270 70
666 33
789 27
442 9
622 52
700 50
21 54
231 50
704 61
640 23
215 68
772 51
660 18
902 69
296 1
678 44
381 47
753 59
672 4
490 57
545 9
555 65
386 0
202 50
424 18
84 16
482 49
482 33
403 29
644 47
136 38
232 48
145 11
7 32
144 36
339 13
59 37
552 16
349 55
393 17
756 40
42 37
692 11
452 19
767 11
185 54
390 69
505 40
731 48
731 62
80 20
481 61
210 27
504 42
450 26
874 7
840 29
384 39
446 53
159 8
445 31
687 58
253 65
631 0
110 55
822 49
318 20
190 59
900 33
595 3
274 3
377 44
729 7
573 40
32 13
848 0
560 4
528 2
720 25
784 31
85 35
826 12
2 15
440 37
166 50
172 21
799 30
694 45
388 32
42 23
259 1
614 56
417 10
752 19
817 2
618 20
6 18
122 18
9 11
900 55
445 15
876 29
631 48
901 49
254 6
659 56
234 46
611 14
415 17
184 62
660 7
473 9
369 27
541 56
79 37
79 32
64 33
216 43
700 39
844 12
886 46
722 37
585 9
238 55
479 3
421 20
87 24
105 22
727 14
687 61
778 4
629 32
232 55
8 48
405 25
350 32
506 58
346 6
708 29
82 11
356 69
217 59
131 64
576 35
458 34
174 44
135 66
140 42
248 69
131 11
829 7
882 49
711 42
88 14
330 30
33 63
835 22
840 28
914 22
462 29
764 43
595 9
317 48
515 23
284 36
265 33
893 46
610 15
2 40
869 50
281 63
661 39
465 68
769 31
792 38
460 24
493 64
464 33
44 27
880 56
753 65
330 16
605 39
848 13
558 40
580 21
846 60
517 68
331 21
883 7
144 18
580 57
416 0
686 52
470 19
466 13
862 24
466 43
496 53
102 34
397 55
683 53
766 63
596 32
175 25
903 65
458 5
503 58
400 45
387 37
349 37
449 70
907 51
563 43
389 14
141 42
347 14
786 52
286 1
200 57
589 30
85 43
320 36
390 12
621 12
475 53
907 26
251 46
326 68
313 34
840 40
905 2
10 57
858 50
775 19
618 11
563 29
63 61
278 0
226 24
853 52
233 13
140 52
872 56
84 17
135 35
179 37
526 52
549 60
199 8
310 47
685 12
915 13
191 46
391 70
468 11
401 21
652 0
785 18
401 56
170 65
870 54
323 21
216 50
636 19
575 41
324 50
705 44
271 63
283 42
796 1
717 12
77 21
562 19
881 3
354 23
466 62
476 40
213 45
100 51
335 36
278 17
314 22
310 16
92 14
862 62
785 56
901 16
285 21
170 0
847 66
104 62
168 8
736 32
777 37
30 44
412 33
1 61
154 46
347 39
526 48
611 5
694 27
624 27
225 69
20 42
24 50
308 37
840 6
14 3
483 68
543 54
769 43
56 42
413 18
694 38
556 57
95 48
419 28
377 7
758 54
840 57
747 26
71 19
158 53
160 64
436 68
884 59
243 26
400 18
419 6
539 54
491 40
733 26
883 13
56 15
245 1
256 57
247 12
579 64
761 53
73 0
708 41
764 58
525 12
452 20
29 36
827 3
701 57
327 34
563 0
468 36
684 4
5 66
747 5
799 3
403 59
774 43
749 5
877 42
431 53
189 20
731 54
876 0
522 35
878 67
495 7
445 38
632 17
560 0
221 63
389 35
17 5
233 70
651 4
523 45
513 34
620 25
516 43
397 18
74 70
762 27
377 56
471 9
842 45
663 48
610 14
609 68
795 3
103 37
65 68
782 54
791 43
862 53
195 61
401 71
779 27
665 25
559 17
107 39
47 37
852 32
689 57
46 33
633 25
702 59
242 56
690 14
127 67
672 20
128 56
12 9
423 40
869 70
395 71
752 69
767 63
645 3
617 26
271 28
685 52
180 52
767 18
383 11
353 4
491 47
324 57
580 55
818 41
457 71
12 27
550 70
685 27
137 22
716 71
672 36
474 61
641 58
740 61
207 47
336 41
858 63
0 62
358 49
427 24
260 27
562 51
862 7
736 36
571 36
487 21
633 55
537 66
96 15
482 63
645 70
478 44
571 26
478 40
450 55
622 17
547 53
57 46
290 71
352 30
157 28
634 30
184 27
566 41
904 33
246 32
432 68
213 1
478 32
472 20
106 38
622 23
864 17
159 67
530 15
390 43
846 62
537 37
332 6
353 20
173 3
754 61
61 63
664 30
844 40
728 13
62 52
686 21
394 7
616 45
114 36
127 69
150 67
1 20
135 11
685 1
49 31
161 52
413 64
542 54
172 25
661 1
3 14
115 34
787 11
442 64
497 14
246 9
181 70
373 3
149 65
10 21
640 50
330 0
184 56
157 21
589 63
366 45
787 15
296 8
811 50
445 67
579 56
567 44
642 38
425 61
465 23
410 62
30 37
656 12
776 18
461 41
513 23
109 33
552 8
697 43
223 39
827 58
304 39
496 15
392 39
631 8
410 20
500 70
228 42
384 48
471 46
766 19
211 16
196 43
320 0
634 24
489 54
545 5
762 9
88 47
382 10
146 39
344 32
615 64
177 71
430 64
152 20
378 40
538 52
505 62
377 14
241 33
647 39
4 60
769 14
493 67
71 39
424 12
39 25
698 47
127 41
854 10
62 5
287 2
252 65
351 55
653 62
420 25
823 61
243 44
721 1
425 53
813 71
659 10
385 11
365 25
424 5
65 16
98 4
99 38
582 32
401 7
219 22
245 69
653 53
473 45
520 68
108 26
695 55
105 4
537 41
170 71
582 4
96 28
28 58
4 54
223 66
100 54
195 63
891 26
128 28
577 1
504 8
479 61
237 25
235 34
97 51
23 7
673 22
856 2
81 51
261 64
63 52
471 41
142 31
806 25
828 58
902 37
532 19
292 8
191 40
70 63
288 62
461 34
833 11
189 22
125 17
178 48
825 20
752 31
398 63
654 52
131 2
493 34
832 45
455 55
720 31
658 30
717 7
701 7
437 43
419 49
664 29
181 22
30 13
909 11
50 27
16 2
43 4
912 5
589 16
518 71
167 22
855 59
747 56
306 40
86 61
54 50
0 56
281 69
770 53
847 10
432 52
32 47
53 28
455 71
231 5
370 11
666 67
196 18
34 68
340 42
80 11
348 8
664 34
602 23
694 1
509 32
239 24
672 28
657 10
777 70
149 49
201 48
739 68
162 39
312 43
64 55
573 67
747 8
239 67
184 57
690 35
655 0
893 65
736 63
409 24
413 40
549 51
900 12
300 57
899 24
69 15
549 31
713 10
860 50
161 57
503 41
866 66
640 40
318 24
272 69
852 68
893 53
842 56
645 66
226 64
543 8
155 66
496 24
228 18
620 10
476 38
485 22
612 17
237 6
51 6
797 33
807 55
732 37
237 23
245 58
592 49
765 39
355 41
237 4
384 15
249 69
870 36
774 24
153 7
75 28
493 32
19 63
813 16
817 48
195 28
422 61
400 20
635 60
542 70
912 1
445 16
346 48
807 46
392 49
832 35
276 32
380 43
534 24
743 0
819 16
876 52
739 18
39 49
876 4
396 38
731 36
512 27
337 29
472 55
623 35
283 57
281 35
209 57
737 17
69 11
381 7
2 62
99 17
6 45
231 32
4 17
90 29
787 6
817 9
173 68
437 35
347 11
336 22
545 57
134 41
798 47
89 40
251 61
387 44
54 46
82 44
260 24
738 32
152 25
262 51
584 30
351 22
75 12
571 61
584 26
52 0
365 30
483 47
87 48
457 60
843 50
371 56
650 36
509 51
399 24
19 64
434 56
186 23
786 9
718 57
829 68
804 57
335 25
874 38
646 38
811 12
867 14
619 64
604 20
132 30
432 47
401 6
391 49
397 39
238 30
887 43
124 33
828 24
351 65
690 30
813 24
862 9
49 58
885 43
865 7
364 3
338 55
809 11
726 16
331 46
294 41
110 22
730 14
836 20
248 49
340 16
146 63
579 44
389 56
509 1
746 45
338 51
422 47
286 38
307 56
54 4
734 15
505 29
75 29
705 52
750 59
495 35
781 21
438 5
17 39
342 3
437 17
51 46
657 50
145 44
399 6
156 7
661 58
111 11
475 22
668 65
909 36
291 45
687 53
487 38
139 29
720 6
591 9
696 54
819 40
62 53
689 15
378 14
899 70
153 50
782 49
677 4
405 36
99 15
384 37
31 13
869 31
671 7
366 50
558 11
863 43
264 32
41 57
223 55
70 55
560 52
595 50
827 17
477 60
870 44
378 51
437 61
110 51
617 19
464 3
197 19
442 61
358 61
48 59
75 0
660 60
833 56
168 69
606 46
669 31
464 5
369 61
889 43
560 53
738 33
622 12
843 61
616 17
236 21
848 12
427 27
530 41
725 43
824 65
29 66
561 57
703 34
793 44
600 67
326 16
652 16
644 23
56 28
893 15
842 0
637 6
788 16
435 37
63 3
123 5
807 64
127 57
300 68
548 49
747 60
760 48
154 70
61 16
575 69
510 59
847 4
81 0
839 60
537 30
261 33
310 20
695 18
434 69
623 47
135 9
329 15
167 13
872 6
678 19
471 4
248 6
453 69
12 15
292 50
808 65
792 44
152 49
726 25
746 32
245 28
304 48
833 14
132 25
96 60
523 52
540 32
593 42
154 27
594 46
709 62
56 68
612 43
692 7
54 55
482 71
367 34
585 71
476 44
313 38
840 7
821 15
807 66
668 39
250 64
354 9
822 56
775 42
58 69
868 13
88 46
392 13
861 8
297 52
62 20
263 11
41 2
409 20
637 57
433 38
780 63
766 31
777 36
710 42
903 54
410 56
470 6
181 49
863 18
359 10
835 41
494 13
335 42
24 44
859 41
232 60
843 58
858 0
829 49
882 61
745 49
606 4
509 59
217 36
516 34
611 12
728 28
275 50
851 51
671 70
483 39
728 67
454 66
325 7
893 25
892 60
148 64
337 34
570 69
677 22
18 58
491 54
610 17
441 3
521 33
705 20
118 35
400 0
642 34
907 21
606 16
854 54
681 18
82 50
550 56
520 40
517 10
317 56
746 22
530 61
528 40
339 55
498 41
536 59
357 16
820 6
590 7
909 14
283 53
887 40
763 42
410 15
242 21
72 9
258 31
102 65
715 18
750 29
726 11
299 34
886 16
354 36
262 71
274 38
351 20
430 1
384 4
540 24
551 4
209 64
577 26
242 52
142 58
153 26
298 31
174 56
27 35
862 23
164 40
136 13
642 12
617 61
120 4
158 40
415 57
551 22
30 40
739 17
759 59
656 31
515 21
606 70
104 5
486 70
818 56
344 1
506 1
552 55
229 17
65 56
276 51
281 23
64 9
540 37
33 23
129 12
910 41
808 10
155 46
496 32
769 22
571 56
508 16
548 27
397 30
599 30
541 31
218 69
132 68
220 21
639 67
623 64
11 45
576 59
212 37
872 70
579 3
229 41
559 29
750 71
189 53
285 52
883 41
131 65
93 71
285 31
473 7
269 35
887 25
574 57
431 47
179 53
147 27
47 26
112 63
432 37
393 18
286 69
69 21
318 55
383 27
828 53
243 40
635 12
516 46
779 67
812 28
747 32
565 36
597 20
253 57
757 48
830 40
435 48
413 23
439 29
909 52
773 18
36 24
102 41
103 21
475 61
96 25
682 63
21 52
277 19
773 51
505 61
163 4
783 42
784 8
552 23
621 18
843 69
543 1
346 8
704 56
259 32
181 0
191 13
312 47
187 18
17 49
273 47
754 20
350 55
823 24
80 52
759 48
357 66
349 62
382 32
780 42
735 30
760 65
23 50
578 2
237 1
94 35
616 29
797 34
794 52
139 21
370 20
153 60
542 63
524 19
746 26
85 68
388 2
224 25
637 8
549 17
531 54
278 48
100 31
479 46
238 22
204 71
200 64
176 67
909 1
225 0
116 59
398 2
752 45
755 59
789 47
261 70
8 62
619 37
381 46
210 51
297 57
103 55
664 59
624 8
213 60
294 30
663 12
119 62
743 9
547 23
244 13
85 50
781 23
288 70
673 55
188 46
136 39
519 65
725 4
749 67
477 8
43 59
521 29
265 19
375 8
489 40
479 26
358 7
805 42
737 42
63 59
913 45
791 52
215 22
327 66
874 50
30 14
702 14
409 21
101 21
275 14
808 11
81 64
574 67
69 18
884 64
416 28
348 61
723 68
412 56
25 16
210 50
583 2
319 28
730 56
610 4
293 61
861 25
171 25
783 56
587 63
39 35
291 50
227 31
621 23
806 59
633 34
554 45
138 59
185 38
258 15
593 67
537 44
331 66
759 26
812 55
138 66
98 52
674 11
161 35
244 48
619 58
160 67
127 49
284 24
538 35
686 14
732 30
704 51
115 66
450 22
697 3
744 33
530 49
160 59
386 46
602 61
477 70
68 10
259 54
339 64
789 12
314 60
240 27
362 32
71 31
298 61
465 66
143 3
596 14
851 38
130 55
825 61
607 39
547 41
545 55
895 20
148 71
660 30
223 33
691 36
539 65
739 33
521 42
625 62
341 24
35 32
745 63
91 22
433 35
211 37
105 29
877 60
166 45
89 43
316 37
19 7
872 12
902 57
321 47
774 38
464 45
465 61
893 5
875 49
726 58
187 12
713 21
795 40
905 3
264 15
742 33
432 21
809 22
591 45
869 37
667 44
709 0
685 15
823 25
817 65
875 53
196 68
8 11
769 0
902 2
821 8
578 21
640 68
304 71
734 30
701 1
861 56
