2000 1000 1000
175 25
424 762
950 515
765 504
473 402
221 18
815 401
951 333
302 699
79 746
27 18
546 46
651 658
373 665
817 603
825 762
71 610
695 639
24 812
20 518
565 171
835 270
620 657
515 381
28 398
170 698
249 480
804 729
175 103
973 820
143 594
939 349
542 346
968 16
58 414
335 528
45 712
670 979
877 252
640 909
625 647
521 121
791 381
890 762
2 48
66 358
672 222
600 436
487 873
848 698
985 831
364 980
959 299
589 994
475 749
909 261
920 168
909 178
238 849
612 851
256 586
937 413
611 761
691 586
543 718
827 733
446 173
779 225
772 183
842 762
388 39
607 1
858 278
845 934
754 81
48 303
924 473
696 699
97 292
303 892
570 745
787 745
44 246
463 542
523 815
737 601
832 585
833 104
484 360
659 469
886 275
14 895
912 626
432 688
841 916
447 328
501 344
676 697
159 328
379 471
281 801
607 732
785 374
642 632
323 378
831 24
549 102
849 570
569 366
106 110
524 464
917 528
442 579
254 687
223 622
120 977
58 21
516 324
643 552
336 779
17 368
121 226
280 579
153 905
15 461
353 975
730 223
600 163
999 257
446 414
171 595
358 21
410 408
321 781
494 22
130 594
598 220
141 258
968 122
965 517
536 823
892 438
693 997
82 157
617 500
616 785
861 433
728 384
753 699
154 58
98 42
398 855
470 433
798 120
471 896
972 316
63 817
360 725
1 638
86 485
257 181
455 990
965 756
935 462
778 187
4 961
26 843
976 807
219 58
634 448
829 701
842 457
364 40
424 2
768 867
393 567
971 935
990 101
933 196
614 49
698 458
906 760
338 423
316 118
711 642
966 753
725 242
430 608
101 68
716 653
980 102
579 214
519 404
353 953
694 363
496 446
360 780
291 651
996 741
802 59
653 432
802 726
685 965
968 355
97 80
166 215
978 302
340 554
518 539
372 584
737 282
789 88
157 138
476 428
979 543
797 587
593 73
266 380
123 993
806 89
550 985
374 762
388 214
273 64
815 584
85 393
393 33
692 701
574 596
93 11
402 817
581 155
640 45
915 154
88 958
626 973
233 516
845 400
635 984
523 948
522 653
968 114
434 407
623 299
226 521
266 410
415 517
146 612
161 74
781 838
363 561
537 90
450 809
313 643
475 872
685 732
603 629
787 164
809 318
62 804
957 685
472 603
512 112
110 122
107 435
265 202
447 552
673 292
805 302
236 604
605 589
58 709
459 364
755 331
166 71
962 683
406 338
128 183
477 596
95 602
849 891
106 573
591 125
670 175
144 364
669 37
525 284
541 230
88 798
786 929
102 533
717 554
33 692
881 151
525 180
328 131
153 31
70 705
554 658
168 317
766 753
742 894
673 134
965 672
769 984
585 155
837 759
59 930
880 109
994 524
333 747
568 810
359 739
97 590
483 376
785 231
317 565
432 990
380 406
95 909
920 565
259 345
385 237
229 153
308 738
976 192
519 326
986 880
584 712
556 294
331 151
142 390
955 386
66 453
172 393
114 869
131 957
874 517
813 889
75 756
895 97
484 767
465 689
929 809
393 125
339 137
773 270
745 110
331 340
567 160
274 483
70 401
744 183
180 494
901 207
196 433
732 493
625 541
266 803
499 610
785 671
774 59
852 821
785 212
98 861
97 492
648 189
522 332
364 119
183 649
454 108
621 54
309 906
457 775
161 821
859 937
210 516
689 169
258 6
284 213
450 91
789 505
224 430
942 424
368 349
286 774
797 447
226 251
768 125
930 959
107 321
502 299
735 989
991 205
375 138
264 304
415 896
105 161
100 395
738 247
285 311
732 146
553 397
9 391
345 927
82 164
295 527
77 34
591 441
421 347
531 346
842 102
850 421
588 822
572 312
113 563
776 519
891 946
532 688
740 638
214 331
520 694
750 105
294 752
567 79
740 901
354 797
563 344
411 648
511 884
238 629
386 364
338 354
720 259
530 501
403 914
957 85
812 593
272 251
904 936
201 931
264 867
241 973
569 545
102 601
559 29
82 546
409 178
225 59
338 535
825 587
513 357
322 707
581 179
360 862
524 791
29 537
865 967
990 811
28 396
544 501
588 405
643 171
99 93
185 151
100 224
48 835
300 178
187 234
878 447
327 27
544 9
936 760
647 28
287 363
526 652
902 894
585 200
193 133
56 886
222 612
910 653
282 136
62 920
325 413
915 989
9 690
755 219
377 642
370 996
937 160
491 115
259 520
461 889
490 960
275 654
407 567
420 2
674 344
370 975
239 783
822 907
316 531
88 320
111 997
356 730
723 485
27 74
941 597
923 671
83 154
217 364
470 242
157 657
929 297
34 797
743 544
627 100
243 860
927 995
178 792
304 160
65 554
729 234
425 813
771 187
80 793
296 678
398 819
129 402
688 906
974 446
543 461
412 149
267 217
353 281
807 344
700 416
736 772
960 362
772 707
289 73
372 681
982 639
565 839
199 294
969 791
204 102
210 769
780 254
535 620
955 191
487 237
709 730
350 510
245 602
907 94
440 962
131 778
989 129
624 971
503 791
131 624
613 787
22 31
610 20
257 982
15 744
561 871
38 615
479 683
149 943
730 755
898 799
186 701
753 728
180 563
427 77
248 816
422 495
834 306
694 139
659 52
794 726
812 536
54 237
402 839
863 382
989 569
55 289
498 782
972 941
824 10
462 171
904 409
66 18
124 658
327 265
787 64
450 875
384 193
787 798
543 830
916 192
500 651
731 912
232 654
692 330
739 463
314 951
398 940
411 319
464 558
165 582
158 656
386 818
865 282
740 770
345 840
179 89
659 611
205 935
318 243
843 277
785 678
667 386
831 220
300 566
551 917
509 264
34 605
307 825
169 231
340 373
560 290
210 353
926 717
36 660
486 149
886 773
457 856
808 979
345 217
164 985
53 931
655 822
368 98
591 565
277 911
18 946
890 221
307 386
714 361
672 698
662 761
183 52
135 854
98 883
192 439
983 927
998 291
118 10
58 921
846 834
472 17
648 820
66 706
880 427
169 872
540 249
931 928
311 69
217 27
229 799
274 27
967 448
558 433
638 387
596 946
742 818
87 79
615 227
130 167
699 724
899 825
817 828
614 742
838 917
466 959
626 202
125 807
482 543
983 60
223 105
666 515
855 315
362 987
457 84
674 49
82 752
892 358
878 636
686 485
297 812
661 326
238 778
587 632
418 753
326 882
142 877
601 439
530 144
530 823
840 248
309 359
634 742
874 324
259 629
151 433
973 16
304 126
377 228
317 639
405 213
397 384
849 842
13 264
337 179
985 791
239 188
377 502
113 687
219 721
943 17
789 145
436 848
90 844
434 712
598 193
331 12
866 376
295 194
710 38
273 790
165 991
270 775
977 428
538 947
295 540
374 401
157 201
785 690
613 465
205 803
893 319
830 167
449 975
318 359
131 174
139 897
454 275
861 232
551 367
424 103
549 183
633 498
26 50
177 83
372 241
684 504
20 149
831 702
623 825
216 973
61 199
225 2
908 419
29 708
590 841
776 205
492 95
158 546
836 460
248 507
448 453
127 504
75 220
589 911
94 78
747 207
417 39
431 957
437 32
476 151
963 76
917 750
708 28
761 813
362 604
364 627
914 619
778 67
185 903
340 106
824 227
601 70
72 795
629 57
297 20
417 809
42 947
906 418
312 857
949 455
719 442
110 967
992 542
844 750
532 302
727 420
459 266
789 434
68 391
415 644
629 294
661 422
22 399
850 858
822 909
118 171
250 741
108 500
309 374
455 938
90 451
277 275
612 619
167 123
734 779
589 928
403 815
678 117
826 187
498 998
729 299
280 561
413 91
687 708
965 786
571 576
624 719
300 470
493 469
53 233
325 659
830 627
400 561
840 523
89 681
271 243
241 339
963 830
94 760
832 41
770 964
672 812
708 675
567 871
611 695
987 884
961 298
16 937
426 915
848 341
141 117
110 218
970 960
268 648
262 198
966 102
360 874
362 506
850 599
280 107
585 325
406 867
381 441
408 896
734 507
310 690
330 596
493 791
135 887
313 858
784 535
198 298
747 701
94 455
37 185
521 2
328 60
751 874
164 532
124 486
140 882
870 195
336 380
825 232
6 643
633 569
703 567
445 639
255 512
277 953
906 671
773 425
516 864
270 978
513 93
798 580
298 835
823 306
651 112
657 222
753 633
774 313
185 830
756 586
374 416
483 10
379 941
555 398
199 487
961 94
377 667
71 831
306 200
575 329
38 202
707 137
626 198
31 945
44 9
578 383
851 454
256 166
165 238
288 566
678 391
129 183
978 253
996 525
605 406
264 146
900 438
338 836
870 829
439 600
331 741
78 759
629 561
469 614
913 484
152 625
815 533
480 518
853 879
883 196
650 71
654 247
396 190
961 190
781 492
137 820
94 804
702 620
969 21
731 259
595 867
914 776
929 241
603 108
875 56
563 198
548 143
574 592
967 863
260 824
327 43
622 742
73 47
538 794
291 391
113 857
914 605
962 408
37 98
543 331
319 831
159 804
778 952
744 672
66 265
877 785
502 17
493 317
450 601
496 669
914 474
521 824
606 636
805 509
947 601
722 664
972 267
171 617
176 258
241 433
195 96
302 734
482 882
107 62
963 286
144 28
574 562
247 445
319 436
223 346
724 662
233 314
257 513
630 6
840 323
808 101
576 824
856 290
373 873
854 240
368 297
915 472
124 808
875 475
388 266
330 4
167 659
128 682
13 440
440 764
205 929
688 948
967 102
758 557
577 164
869 956
796 599
906 442
326 504
262 553
280 509
695 847
889 426
815 394
293 455
37 481
959 762
91 593
592 168
584 973
811 198
40 546
402 314
596 967
927 17
161 883
2 31
276 102
764 578
879 124
853 795
411 946
971 626
7 673
342 904
53 203
442 734
177 519
791 784
168 642
363 45
135 929
444 377
403 779
667 889
753 673
69 562
796 749
641 491
810 318
500 994
460 287
554 126
991 592
715 250
791 342
254 981
843 21
273 45
229 796
744 748
247 842
445 704
766 323
443 876
327 79
56 369
207 96
76 857
669 590
914 280
756 703
653 507
556 135
106 421
472 391
312 399
958 366
406 754
570 111
997 707
987 375
167 253
456 931
192 491
702 757
308 755
448 3
461 819
207 832
957 558
260 521
670 493
190 906
437 791
617 55
132 431
723 612
846 145
937 955
969 675
795 311
167 47
394 618
893 316
814 59
589 617
985 567
978 634
643 11
660 248
138 403
458 892
65 422
296 9
755 328
38 313
416 922
922 239
707 812
279 518
360 102
84 598
544 826
72 806
711 262
101 736
509 214
830 379
732 809
118 871
312 15
922 672
240 931
233 653
740 97
746 310
191 713
176 528
806 755
75 308
4 565
406 476
470 713
731 641
150 874
166 96
164 360
950 822
73 78
630 794
904 320
787 154
866 146
227 626
572 269
888 740
367 104
116 569
343 747
151 343
949 102
136 579
844 639
244 459
194 621
578 971
668 650
359 959
733 931
240 439
814 379
254 634
864 882
940 320
76 749
196 71
558 245
214 580
153 1000
405 160
378 93
644 76
40 453
675 937
549 637
518 985
231 270
316 433
122 303
472 943
438 49
660 866
425 423
610 422
830 981
210 874
754 603
827 92
493 906
37 744
972 803
938 677
918 20
846 246
37 38
119 75
959 400
537 588
694 666
489 21
463 440
368 296
886 277
646 922
554 222
909 964
19 459
458 806
706 707
516 997
990 729
481 645
685 754
386 883
296 130
110 876
402 265
281 803
280 419
849 478
633 243
785 253
753 307
0 399
42 140
729 288
658 809
148 442
212 507
965 179
396 837
250 402
217 620
125 48
767 338
4 55
236 568
127 135
266 265
913 225
390 997
502 302
423 266
227 395
900 759
322 612
867 609
87 253
348 231
139 819
379 196
516 988
862 676
224 718
518 867
535 395
641 415
22 282
861 250
153 957
390 614
792 698
40 157
827 499
442 295
869 90
758 525
263 47
861 21
622 636
814 722
956 992
943 451
625 903
994 619
388 476
170 197
939 809
785 853
117 936
80 317
457 786
916 610
619 332
338 11
532 395
461 321
709 461
506 623
179 947
752 310
118 582
322 988
768 202
859 59
162 474
15 824
606 463
29 611
942 435
428 199
391 398
424 645
862 63
13 640
283 339
883 141
468 558
19 691
211 245
194 89
119 847
397 737
183 746
90 289
848 590
47 460
794 439
455 107
641 59
450 241
387 693
163 669
569 159
811 232
198 562
349 75
925 881
825 774
227 289
944 243
67 654
711 709
569 964
428 644
543 466
528 322
760 808
28 692
605 283
740 767
978 959
206 996
338 661
477 157
80 238
559 952
440 548
57 685
976 843
915 577
426 113
452 180
75 385
23 499
4 257
319 736
976 932
380 171
418 407
890 534
613 330
112 382
849 329
366 13
23 296
538 132
688 901
985 180
179 58
266 274
593 978
341 502
864 136
481 377
58 243
77 442
964 472
413 392
373 336
840 789
480 36
455 645
189 325
80 874
872 269
558 345
715 772
736 133
69 134
300 670
499 901
707 182
89 36
233 845
564 924
889 573
337 582
631 633
701 340
76 210
432 983
684 420
395 887
900 225
374 239
937 122
693 709
888 477
192 868
623 891
106 168
515 701
92 64
25 294
231 925
471 479
861 663
178 234
345 101
152 736
663 758
498 909
428 12
691 727
44 886
806 808
804 542
573 113
37 899
211 213
847 753
762 654
165 61
543 184
855 513
617 994
203 101
69 988
831 407
926 160
357 256
472 775
48 481
955 627
660 840
164 818
257 22
307 683
707 658
892 149
584 123
638 611
945 680
59 817
950 324
233 339
61 247
856 760
694 710
779 85
174 404
509 132
67 895
511 10
748 909
775 584
897 795
12 926
235 270
437 306
963 368
511 378
383 570
799 939
717 125
667 958
990 688
421 306
47 798
690 777
79 858
461 231
179 588
10 397
559 730
549 832
691 496
447 766
350 870
926 361
480 276
378 111
909 839
908 182
54 260
992 336
667 256
143 729
903 520
602 327
517 590
473 625
54 213
907 242
765 369
187 14
140 262
510 878
784 910
78 862
998 263
327 579
871 734
530 27
577 305
47 412
857 635
829 78
703 988
291 411
656 816
865 79
620 476
249 459
795 333
345 199
502 671
808 772
254 114
555 185
533 644
436 239
341 357
600 441
539 808
243 169
210 473
628 881
10 864
283 721
828 424
344 172
97 878
204 642
188 704
506 119
49 677
799 652
137 264
813 370
973 613
585 887
833 997
613 851
87 69
334 190
354 668
741 225
882 739
419 262
665 211
479 571
906 835
697 201
494 50
730 398
5 145
500 682
9 328
850 508
69 727
57 383
239 432
130 502
197 577
832 667
681 395
636 547
585 877
860 826
624 110
238 88
957 434
736 623
317 975
147 787
591 327
859 770
217 835
553 463
796 774
765 452
631 846
880 770
125 148
678 398
556 289
788 294
847 778
276 392
215 813
441 676
153 643
205 921
372 22
902 465
574 570
989 961
996 522
30 291
840 375
385 869
669 588
496 917
863 966
300 859
225 282
871 235
473 685
577 338
281 783
734 100
55 326
902 157
84 682
134 187
692 526
140 755
314 892
557 890
38 838
738 65
931 701
742 879
236 333
697 108
286 962
231 975
688 69
960 969
49 767
307 525
167 429
888 800
72 987
952 701
195 630
187 790
16 622
366 190
760 388
555 898
200 681
699 13
303 459
389 578
137 840
575 165
486 418
43 384
635 568
981 160
667 590
679 226
835 104
51 660
289 842
483 994
79 689
709 115
342 10
233 307
779 540
104 711
448 728
414 740
544 726
128 431
632 795
89 793
724 997
634 652
373 96
62 219
611 261
429 135
995 938
600 335
250 216
872 106
941 426
958 644
723 730
344 877
717 94
149 349
641 651
579 732
259 764
491 952
548 381
395 248
316 956
400 715
117 79
812 836
138 123
672 716
892 29
707 14
836 374
37 23
276 300
289 243
331 288
194 387
693 177
475 453
526 934
475 243
842 548
444 516
4 700
382 274
685 842
186 956
134 585
244 898
173 643
418 485
938 327
808 459
842 530
735 907
318 102
608 375
759 914
208 548
734 984
339 890
401 122
369 226
744 486
35 592
517 119
943 134
628 690
524 750
708 32
848 441
21 641
440 997
879 461
515 480
706 934
299 17
884 298
716 888
344 164
325 679
564 948
472 258
963 583
872 97
62 518
881 420
355 612
952 870
413 443
175 661
631 998
546 839
745 970
136 913
579 531
947 931
918 878
486 552
175 251
8 581
238 136
782 449
912 274
889 779
573 962
505 497
883 327
420 579
423 512
329 149
172 153
128 199
989 287
577 527
883 383
1000 968
521 559
786 165
184 172
430 146
319 374
218 266
773 716
384 79
162 219
735 434
609 185
455 371
723 88
571 632
490 583
722 350
48 487
809 248
512 792
96 667
88 534
519 490
228 182
505 141
386 836
653 950
37 24
659 810
579 43
295 7
357 429
205 496
521 459
330 860
659 938
219 696
678 587
117 416
432 625
198 621
689 144
76 569
419 407
311 437
805 545
183 474
230 456
651 665
623 19
751 304
75 938
157 837
750 427
557 897
886 187
531 995
901 294
594 965
683 775
788 762
849 901
221 752
561 461
731 517
162 288
528 407
880 846
699 202
206 145
399 640
485 902
854 280
924 612
68 671
204 684
219 938
631 367
929 249
993 824
642 627
220 950
743 704
307 499
266 994
0 397
877 44
800 767
937 685
548 494
9 855
449 810
520 510
874 629
456 536
791 493
523 696
34 340
575 355
500 215
313 180
337 757
888 7
155 426
75 859
993 644
237 220
943 753
908 404
267 306
770 223
402 633
851 984
241 234
370 52
2 278
234 67
49 517
411 53
503 151
605 779
900 309
146 563
409 115
469 337
67 994
466 63
845 85
655 925
566 587
66 80
390 502
883 602
150 933
2 380
921 412
5 925
200 721
823 578
964 748
381 250
530 261
326 273
265 985
356 986
