1189 189 161
37 11
35 60
119 140
61 1
56 44
99 138
24 71
180 161
3 128
110 52
124 10
14 35
45 135
157 69
63 41
49 129
116 122
103 12
77 134
153 46
47 41
38 111
28 74
107 58
181 103
13 95
148 123
22 66
178 56
150 22
138 51
65 5
176 54
11 121
154 46
121 39
110 62
52 128
119 105
15 92
121 93
90 90
118 13
79 95
63 45
28 31
124 159
2 155
107 5
80 151
93 120
36 22
27 101
106 56
109 65
83 107
67 55
10 146
189 43
70 14
136 19
162 93
71 5
0 43
143 72
20 100
76 114
145 117
72 148
4 69
164 71
83 153
184 26
67 157
157 14
122 104
78 61
43 30
132 86
45 13
25 153
157 104
121 129
78 24
151 5
102 70
162 1
80 124
126 28
55 113
41 117
30 48
74 82
138 67
173 116
26 87
141 136
84 141
140 71
27 157
44 149
40 120
133 100
133 6
180 160
181 65
86 124
68 92
110 83
134 128
12 79
181 144
145 50
41 40
103 62
188 160
79 140
94 17
164 27
113 66
171 52
64 109
17 77
122 136
185 131
86 12
66 112
16 91
2 124
21 155
166 40
55 26
121 139
105 99
88 67
65 12
168 32
136 108
17 95
37 83
139 35
157 59
11 112
34 36
171 107
68 159
24 160
98 82
134 11
138 5
130 33
58 50
81 42
67 129
107 146
158 156
60 73
85 13
165 147
93 147
48 54
62 36
77 11
166 22
26 70
174 40
129 141
164 103
45 53
9 122
7 112
38 28
125 46
61 129
43 29
48 137
126 120
171 91
2 100
56 94
127 4
62 91
117 11
15 7
178 32
50 47
52 79
30 46
107 26
93 22
54 112
68 37
147 74
131 63
178 151
87 123
53 14
188 98
65 39
80 44
136 21
36 153
188 8
89 151
57 81
81 65
154 117
25 39
141 78
131 149
60 153
52 41
89 122
184 35
185 72
64 91
101 93
127 81
100 8
130 70
54 131
93 106
102 49
39 102
177 67
98 72
113 68
117 147
102 38
19 58
67 121
16 45
126 82
28 72
159 81
62 8
1 152
60 89
98 0
119 34
54 150
54 149
185 6
165 152
179 65
117 116
41 90
152 150
128 16
58 83
54 99
149 123
117 58
167 5
113 16
81 150
151 35
124 100
126 71
52 32
107 41
21 136
152 6
129 67
53 86
184 10
15 83
39 99
152 84
159 51
166 158
177 145
184 15
100 146
107 1
64 22
92 161
35 135
65 130
110 150
134 100
145 118
15 12
20 31
131 148
138 135
173 145
159 76
152 140
70 12
177 103
102 95
31 20
135 5
67 140
58 4
110 114
173 118
58 142
42 4
177 58
21 137
86 157
153 104
161 64
3 82
145 19
44 90
95 124
109 132
83 84
38 74
158 97
120 156
89 35
95 33
32 130
37 56
188 60
67 151
71 17
59 121
179 14
86 99
78 6
141 134
159 7
68 107
34 158
69 145
120 57
115 153
138 23
84 32
162 124
36 55
146 99
7 79
143 123
147 29
28 110
24 86
186 22
75 24
25 95
99 141
27 122
50 138
85 57
163 24
49 68
100 24
56 41
44 21
29 6
124 39
114 84
182 101
183 112
115 151
79 122
152 49
75 60
178 78
99 158
134 133
174 108
147 71
42 147
147 11
11 45
149 138
39 100
110 48
69 144
126 69
138 46
155 108
95 145
95 68
70 24
73 130
28 131
148 62
177 138
19 133
51 56
15 113
172 11
103 81
150 136
29 21
97 129
126 2
99 15
94 70
161 160
134 104
29 30
169 117
67 49
77 109
55 7
44 41
155 143
119 120
56 34
62 58
17 128
47 32
30 77
137 48
80 76
45 89
11 60
119 106
22 154
165 84
101 61
139 158
182 106
53 8
69 15
166 13
185 124
102 12
42 11
182 124
70 98
163 48
10 45
123 12
139 14
42 13
32 6
6 2
35 83
135 155
43 38
187 94
115 118
143 149
30 149
10 49
110 145
14 142
66 74
47 2
80 110
104 117
162 115
108 132
33 146
132 19
12 112
184 107
130 1
84 41
136 156
83 82
76 22
157 48
46 0
28 148
107 67
99 151
122 69
1 94
180 149
175 120
120 34
47 26
12 4
85 60
120 10
93 64
110 9
93 3
106 150
147 78
152 132
76 82
95 78
155 88
135 19
61 124
155 71
90 27
163 128
35 113
64 39
116 4
44 82
169 9
97 59
72 138
82 60
84 87
3 147
53 13
148 14
60 85
169 85
46 109
178 5
127 38
28 57
5 161
184 161
0 106
188 17
32 96
30 145
174 109
56 11
103 128
124 68
41 152
173 102
189 18
16 55
128 107
61 103
34 118
107 15
160 115
178 95
81 96
2 45
36 25
53 130
105 126
134 45
75 143
89 123
135 30
28 12
153 90
137 78
142 20
113 27
58 36
58 120
84 93
87 84
168 148
17 15
19 17
6 27
171 75
144 15
140 42
119 94
58 35
179 79
0 120
155 0
1 60
104 118
123 157
183 41
158 6
48 79
57 29
13 115
37 123
84 12
6 154
16 119
136 100
94 52
61 52
23 41
131 53
15 65
50 44
114 4
169 59
165 79
175 145
122 139
165 77
105 135
12 123
125 90
67 50
23 59
72 54
121 25
106 44
131 142
42 151
180 134
62 30
177 115
105 123
189 48
67 105
15 103
16 159
166 137
62 92
164 10
144 29
141 58
128 90
55 54
126 115
45 154
41 107
62 28
66 84
32 79
131 107
38 150
186 29
186 101
6 120
186 92
132 37
172 87
64 18
178 143
24 41
171 133
104 42
99 41
175 161
83 12
96 74
154 76
36 131
46 150
80 146
169 34
175 117
91 68
5 45
79 0
155 41
70 125
175 22
118 36
99 70
93 97
172 15
137 76
101 8
0 153
36 14
37 161
35 154
0 46
174 91
114 121
186 9
93 78
95 152
139 143
20 116
27 130
143 50
171 145
150 19
41 124
71 31
96 126
85 98
66 50
157 91
172 159
185 62
70 134
111 138
133 92
162 135
183 24
116 129
110 16
152 77
126 91
101 86
172 110
96 62
85 87
145 39
107 154
25 48
169 102
154 102
95 119
156 107
70 88
63 153
169 66
20 91
120 80
103 55
114 96
50 1
40 33
26 85
87 6
182 98
185 27
164 136
114 94
179 68
9 68
56 126
78 84
148 48
9 96
184 31
148 134
68 60
71 12
117 77
133 105
175 31
13 76
117 86
114 66
22 93
135 67
23 23
72 143
18 42
101 17
57 67
43 41
22 101
85 119
120 128
155 150
131 34
7 110
100 60
121 141
34 108
42 132
17 112
172 101
29 33
116 67
11 156
182 108
158 124
22 40
160 71
45 156
144 89
118 33
189 155
43 51
3 7
24 16
108 26
173 41
161 116
134 51
83 68
54 88
181 99
112 127
172 22
72 137
126 51
87 48
118 1
47 39
110 89
160 100
149 161
74 7
163 61
94 135
99 130
112 31
82 58
10 67
24 45
187 155
88 20
59 35
180 94
93 79
117 151
158 93
157 160
68 54
175 112
15 111
20 16
160 14
44 109
159 21
188 43
129 148
131 52
126 32
104 47
72 153
79 127
66 62
62 75
147 83
174 92
81 7
47 138
120 93
147 113
103 39
108 81
4 130
161 155
113 38
105 19
170 46
57 77
129 82
58 32
28 102
105 55
59 42
167 43
75 57
174 90
43 79
42 158
40 111
131 113
34 110
143 74
76 24
43 49
106 69
36 120
63 37
158 17
28 59
141 37
183 154
90 133
51 108
67 22
48 66
7 113
59 77
50 43
127 153
50 101
168 144
22 103
181 106
114 128
189 161
147 121
38 109
18 131
99 65
84 74
36 3
39 130
170 158
156 99
79 88
4 132
125 29
42 39
110 43
68 141
52 115
53 36
37 47
59 31
28 84
79 87
179 117
107 61
55 100
32 46
73 69
102 134
121 101
102 34
45 77
33 44
121 29
52 63
90 58
52 15
67 58
128 78
103 154
11 86
176 82
110 28
79 144
114 48
22 96
146 65
64 90
165 14
147 110
96 12
2 101
69 59
121 14
77 43
185 114
170 115
35 156
4 139
45 126
73 73
71 150
7 129
32 150
18 31
84 107
49 72
125 94
168 149
23 57
117 91
125 145
142 84
129 3
142 104
2 34
74 29
181 73
163 86
47 161
50 49
67 117
11 136
144 138
117 98
133 5
27 46
139 21
98 66
115 130
59 64
1 126
74 146
58 17
20 108
72 87
99 100
34 106
19 124
32 159
176 122
126 55
0 109
21 139
32 154
132 7
8 18
84 34
145 25
169 18
69 49
154 66
187 147
71 92
65 99
174 31
174 29
34 155
95 161
67 70
181 98
188 25
49 157
157 10
90 147
91 104
171 149
4 10
10 19
11 122
70 26
122 97
15 107
94 106
75 117
173 4
70 146
106 110
37 80
160 82
153 64
73 26
151 141
55 44
32 53
127 78
108 30
83 105
160 138
48 116
25 67
148 0
124 26
131 81
74 103
178 82
146 48
95 160
152 13
115 97
27 31
67 64
151 77
136 9
175 7
97 41
127 108
116 91
108 139
130 127
47 75
125 39
117 9
10 158
109 76
113 37
119 41
67 90
90 156
44 125
78 14
103 53
153 107
10 13
25 90
124 64
55 126
110 138
95 9
124 131
39 83
130 14
107 53
103 51
157 140
63 113
9 154
131 12
135 69
102 5
125 54
60 152
135 39
34 35
2 15
136 32
15 153
83 159
175 86
66 76
97 55
170 34
106 106
78 11
61 111
75 97
8 24
86 151
153 18
153 39
31 12
9 7
56 135
166 93
11 46
133 66
101 49
167 113
106 85
73 98
53 107
141 125
29 77
9 22
25 124
122 26
45 134
179 146
117 85
165 86
123 37
105 113
62 10
47 33
12 61
175 159
153 50
18 64
9 130
97 119
158 134
112 7
127 126
185 102
73 147
58 63
46 35
29 98
84 51
96 45
70 71
81 50
135 7
7 95
176 0
144 35
91 128
3 66
109 61
161 19
74 41
52 112
9 94
10 99
34 28
156 113
149 39
52 135
138 127
74 98
24 59
67 108
148 38
0 72
78 106
183 100
187 4
59 12
168 92
31 30
13 1
177 69
73 117
7 24
142 16
172 128
93 56
30 10
150 104
116 125
167 161
117 18
73 132
61 156
7 134
124 2
37 42
20 3
26 55
173 110
141 24
187 107
118 83
65 160
55 105
33 109
104 15
37 48
83 146
147 147
136 123
82 63
25 94
157 131
19 46
128 97
122 112
172 82
85 122
89 19
46 39
51 35
143 37
21 40
