137 1000 1000
947 484
924 457
937 485
929 452
942 485
946 484
956 465
955 474
954 459
943 485
921 463
945 484
923 476
956 469
948 452
951 481
921 472
927 454
921 465
923 458
939 450
928 453
925 455
935 450
934 485
921 470
947 451
952 479
954 477
952 455
953 458
932 484
923 459
935 485
937 450
956 473
947 452
941 485
954 476
956 467
931 451
944 485
921 464
933 485
949 453
926 481
924 479
943 450
922 474
946 451
921 471
950 481
932 451
930 452
926 455
922 461
925 479
951 480
956 470
933 450
947 483
939 485
938 450
930 451
953 478
953 479
929 483
952 456
923 477
945 451
922 462
956 472
948 483
936 450
950 454
956 466
921 473
956 471
949 482
955 475
948 453
940 485
951 455
933 451
927 453
955 460
953 456
950 453
927 481
926 480
952 480
921 468
931 484
921 469
922 475
926 454
925 456
956 463
922 459
944 450
924 456
940 450
934 450
930 483
954 458
921 462
941 450
924 478
922 476
942 450
925 480
922 460
953 457
955 461
956 462
956 468
951 454
928 482
956 464
955 476
929 482
955 473
955 459
922 473
930 484
921 466
924 477
944 451
921 467
924 458
936 485
938 485
950 482
933 484
927 482
955 462
944 484
