639 1000 1000
352 781
357 791
530 703
376 674
539 745
423 841
514 811
534 713
529 701
462 650
447 649
476 655
354 706
346 746
346 757
535 776
364 803
347 761
391 828
477 655
367 807
538 727
531 706
346 736
394 661
347 762
367 684
375 815
528 700
478 836
366 805
359 697
502 669
463 651
352 711
442 649
346 745
537 722
377 817
373 813
379 819
346 741
425 650
492 662
525 796
507 818
502 822
354 784
539 747
488 660
374 814
512 813
447 842
525 797
391 663
494 663
496 826
385 824
475 837
461 650
351 778
367 806
475 654
355 703
420 651
472 653
432 842
505 671
395 661
497 826
539 757
532 707
473 838
480 835
523 691
346 749
462 651
360 797
355 787
409 837
522 691
360 695
405 835
365 687
410 654
511 676
454 842
519 686
381 820
479 656
360 796
386 667
376 816
472 838
371 680
361 693
402 657
387 666
452 842
536 772
522 801
518 685
350 774
356 790
509 816
446 842
491 830
408 655
423 840
382 821
476 836
451 842
530 786
347 728
536 720
414 653
355 704
359 696
449 842
499 825
539 741
393 662
517 808
525 694
530 704
401 658
487 832
418 652
356 701
422 651
451 649
510 676
440 842
505 820
396 660
351 779
538 761
362 692
538 764
424 650
356 702
450 842
532 709
414 838
408 836
446 649
484 658
531 707
411 654
539 737
533 780
397 660
361 798
357 699
471 838
535 774
348 767
539 758
358 698
474 654
346 744
421 651
421 840
537 766
539 735
511 677
346 743
427 841
383 822
441 842
485 658
352 710
351 714
397 831
439 649
385 668
503 822
353 708
358 699
377 674
399 659
435 649
532 782
353 783
448 842
348 722
346 733
518 806
488 831
412 653
386 824
509 675
537 769
372 678
539 739
504 670
529 788
390 664
496 827
505 819
507 673
435 842
371 811
493 663
355 788
348 768
409 836
420 840
354 785
407 655
481 657
347 731
349 720
453 649
438 649
346 734
532 784
520 804
534 777
346 753
423 650
389 665
506 672
515 810
470 838
481 656
354 705
424 841
519 805
505 672
476 837
443 649
499 667
372 679
456 649
501 823
347 727
348 724
483 834
522 689
512 678
441 649
528 791
529 702
398 832
398 659
346 742
396 661
349 721
465 840
510 675
533 711
346 751
348 726
520 687
359 795
539 742
437 842
494 827
426 650
538 731
463 840
481 835
532 708
492 829
407 836
452 649
487 659
537 723
406 656
538 760
539 753
350 776
362 800
524 799
422 840
512 814
511 814
410 837
384 668
354 786
349 772
361 694
466 840
486 659
536 719
374 677
531 786
353 782
362 799
380 672
504 821
515 681
429 842
526 795
539 759
430 842
349 769
482 834
514 680
539 751
418 839
425 841
533 781
506 819
457 841
361 692
379 672
480 656
534 779
434 649
393 829
531 784
466 651
347 732
449 649
357 701
465 651
353 784
347 730
346 739
455 649
506 673
427 650
461 841
460 650
372 813
363 690
485 833
529 789
346 748
432 649
539 749
496 664
539 748
404 656
497 666
467 839
476 654
392 829
359 796
385 667
533 782
537 725
389 826
436 842
498 666
370 810
539 746
419 840
459 650
525 695
539 755
493 829
388 825
486 832
478 655
538 763
501 668
495 664
506 818
494 664
483 657
411 837
535 773
532 783
348 769
426 841
400 658
433 842
346 747
347 765
526 696
380 820
521 802
369 682
364 689
539 733
536 721
535 715
508 817
352 780
437 649
365 688
365 804
530 787
516 682
526 695
364 802
353 709
401 833
428 650
469 652
454 649
382 669
533 710
395 830
489 660
527 793
444 649
351 712
381 670
405 656
347 763
464 651
537 767
349 719
534 714
445 649
376 675
442 842
358 792
490 830
536 718
535 716
357 792
516 683
363 801
346 735
539 752
346 737
347 764
413 653
359 794
455 842
444 842
527 698
346 756
469 839
523 800
457 650
409 655
528 790
538 729
403 657
346 740
434 842
477 836
390 827
524 797
352 779
368 683
385 823
535 718
504 671
526 697
453 842
372 812
490 661
514 812
346 732
493 828
346 752
366 686
481 834
350 773
347 760
388 826
494 828
500 824
361 799
460 841
416 652
419 651
468 652
392 828
517 683
497 665
356 789
459 841
348 725
388 665
346 758
378 818
516 809
358 793
413 838
535 717
528 792
428 841
513 679
537 765
370 809
380 671
378 673
517 807
518 684
539 738
489 661
445 842
531 785
370 681
363 689
467 652
448 649
537 768
534 778
527 794
536 770
539 732
388 666
539 756
471 653
515 809
537 726
536 773
400 833
479 835
430 649
349 773
438 842
354 707
387 825
538 728
382 670
458 650
383 669
360 694
470 652
521 689
458 841
403 834
431 649
503 821
523 692
513 812
352 712
440 649
498 825
495 827
357 700
348 723
368 808
375 676
470 839
417 839
526 794
504 820
349 771
350 775
394 662
539 740
468 839
539 736
379 818
404 835
491 661
417 652
416 839
537 724
348 765
396 831
361 797
367 685
373 678
362 691
473 653
539 734
520 688
368 807
529 790
510 815
350 717
346 759
516 808
381 821
539 754
529 703
351 777
485 659
399 832
394 829
391 664
509 817
496 665
470 653
539 743
531 705
491 829
409 654
363 802
464 840
530 788
522 690
400 832
415 652
524 798
523 799
350 715
500 667
519 806
358 697
527 697
364 688
350 716
369 808
415 838
538 726
433 649
538 759
402 834
508 674
503 670
355 786
524 692
347 729
429 649
431 842
533 712
517 684
349 718
436 649
347 759
503 669
346 750
524 694
484 833
474 837
539 744
384 822
528 699
462 840
536 771
482 657
443 842
466 652
527 699
347 726
534 712
349 770
348 766
429 650
381 671
412 654
499 824
538 730
359 695
450 649
524 693
