1146 1000 1000
554 334
854 573
382 590
845 496
698 340
423 698
561 793
704 342
707 782
483 758
492 362
716 778
848 618
381 557
712 345
840 645
675 792
839 478
385 517
708 781
385 514
847 505
542 787
818 436
834 660
405 458
448 728
452 732
529 343
390 497
843 634
391 491
722 350
727 353
572 795
753 368
474 751
839 646
672 332
382 586
387 617
514 349
550 790
706 343
545 788
570 330
531 783
444 724
726 773
793 403
407 671
842 486
852 598
388 621
786 396
555 791
853 538
669 331
674 332
410 448
849 615
446 726
789 399
817 690
805 708
626 799
850 607
603 799
813 429
478 754
816 433
630 326
576 796
818 688
400 468
854 574
526 344
388 504
854 570
735 356
815 693
695 787
382 539
398 474
381 562
562 793
446 399
382 585
407 454
399 470
393 488
531 342
429 707
414 684
386 513
854 543
399 655
436 411
749 760
852 531
511 774
826 450
742 361
684 335
778 737
838 476
788 398
382 533
510 351
698 785
451 731
778 388
567 331
662 795
603 326
519 347
738 359
449 395
708 782
614 326
828 671
394 640
520 778
785 394
808 421
395 481
494 360
515 776
494 765
388 623
443 723
597 326
679 334
792 402
419 692
552 335
806 419
854 541
385 518
381 556
780 735
834 659
851 605
400 658
381 549
728 772
782 392
845 629
803 415
389 624
762 375
850 606
743 763
381 555
681 334
848 506
527 781
441 404
546 337
809 702
444 401
851 522
551 790
729 771
526 781
520 347
439 407
801 413
479 755
418 434
463 742
400 467
854 544
838 649
663 795
750 759
622 799
483 757
827 674
419 434
448 397
501 769
404 459
483 367
701 784
632 799
382 588
777 387
843 490
772 383
455 390
842 485
845 628
779 389
849 513
566 331
561 332
402 463
383 596
850 516
676 792
385 607
735 768
512 350
513 350
848 616
677 333
445 400
847 502
470 748
837 473
404 666
620 326
569 331
462 741
381 581
777 738
573 330
696 786
392 490
548 336
478 371
795 719
493 764
479 370
612 326
571 330
408 453
419 691
785 395
598 799
685 335
505 771
387 508
710 781
485 366
734 769
396 646
465 744
384 605
553 791
816 691
390 630
755 369
583 797
398 652
838 477
799 715
388 505
418 691
411 446
382 589
804 708
394 484
842 638
616 326
812 698
468 746
475 752
601 326
509 773
852 599
391 492
854 569
687 336
386 510
435 714
425 425
756 755
529 782
599 326
381 542
535 785
844 493
645 798
618 326
831 459
797 408
476 372
842 640
849 613
486 760
430 707
565 331
772 382
852 595
819 688
640 798
802 711
605 799
743 362
491 763
847 623
680 791
390 629
384 519
383 599
661 795
590 327
852 596
517 777
391 633
482 757
683 335
519 778
638 799
602 799
852 600
624 799
736 768
801 713
499 768
845 495
448 396
824 678
770 381
670 331
493 361
383 531
823 444
613 326
841 485
844 491
395 645
391 494
795 720
390 495
849 511
736 358
392 637
671 793
496 359
507 772
442 403
384 523
465 381
456 736
527 344
742 764
691 788
474 374
854 560
402 661
798 716
832 462
827 673
770 744
441 405
830 457
508 352
579 796
824 446
723 350
735 357
535 340
437 409
510 774
851 601
540 786
382 538
435 411
472 376
381 552
458 738
507 353
480 369
453 392
647 327
741 360
843 636
743 361
508 353
827 452
511 351
781 734
557 333
530 783
628 799
853 532
424 426
759 372
436 715
733 770
803 710
473 375
854 557
826 676
605 326
820 686
853 540
527 782
848 509
754 368
459 386
854 559
389 499
596 327
538 339
381 550
650 328
615 799
769 380
739 359
401 467
791 401
854 555
461 741
836 654
625 326
811 425
623 326
548 789
381 548
849 614
580 328
381 558
532 783
407 670
438 717
682 791
850 515
815 431
729 353
829 456
677 792
671 332
607 799
385 515
845 627
832 662
853 535
383 598
571 795
381 563
457 388
417 689
854 584
452 733
453 733
433 414
837 651
699 785
413 683
712 780
646 798
643 327
381 567
523 345
818 437
689 788
846 624
852 530
737 358
489 364
382 532
509 352
394 483
404 460
405 668
853 589
834 466
690 337
844 494
427 703
410 676
664 795
427 704
842 639
560 793
487 760
550 335
854 572
415 686
425 424
853 536
854 566
487 364
449 396
631 326
847 504
401 659
854 545
854 547
595 327
498 767
381 573
382 592
679 791
718 777
853 537
584 797
836 471
655 797
406 669
837 474
383 530
439 719
800 412
721 349
824 679
854 550
399 654
621 799
570 795
780 390
718 348
476 753
733 356
847 620
427 421
818 689
807 705
419 433
585 328
626 326
428 705
389 501
847 622
416 687
788 727
783 393
720 349
410 447
411 678
656 796
575 796
825 448
383 529
583 328
611 799
734 356
452 393
822 443
741 765
840 481
659 329
388 502
796 407
637 799
477 753
802 712
816 692
393 486
606 326
410 678
538 786
687 789
521 346
467 745
819 687
739 766
703 342
848 507
837 652
854 556
488 364
405 667
543 338
665 795
513 775
695 339
794 404
740 766
664 330
428 420
689 337
762 751
489 762
609 326
505 354
853 592
387 618
430 418
382 540
564 793
581 328
461 740
809 422
854 551
744 362
819 437
831 460
621 326
408 674
658 796
804 416
757 371
629 799
785 730
635 326
802 414
823 681
826 449
832 663
853 590
454 391
811 426
768 379
661 796
508 773
854 562
458 737
701 341
851 521
787 728
829 670
832 461
383 527
432 415
398 651
809 423
728 353
419 693
797 717
388 503
585 797
773 383
382 535
450 731
843 635
441 721
578 329
651 797
406 455
549 789
381 553
401 466
731 354
421 695
840 643
434 712
708 344
540 787
463 383
426 422
850 517
812 427
553 334
831 666
658 329
466 380
768 380
609 799
433 413
786 395
381 546
820 439
447 727
384 524
833 662
669 794
421 430
779 736
787 397
615 326
853 585
752 367
725 774
387 506
582 797
432 710
848 508
623 799
418 690
422 429
404 665
559 333
832 463
697 786
614 799
587 797
502 356
774 740
841 642
814 429
497 358
642 798
800 411
408 451
383 595
381 561
426 703
715 779
813 428
521 779
751 758
709 344
431 416
601 799
533 784
764 749
854 563
660 329
384 603
796 719
384 601
387 509
854 582
652 797
392 634
543 788
460 385
381 571
416 437
607 326
744 763
625 799
381 543
693 787
804 709
637 326
382 536
543 337
758 371
713 779
401 658
500 768
424 699
755 755
838 650
801 712
817 435
409 676
608 326
834 467
844 633
753 757
854 561
657 329
389 625
705 783
750 366
394 641
841 482
386 611
556 334
840 480
757 754
381 569
420 693
803 414
382 587
665 330
381 547
384 520
667 794
600 326
815 694
467 746
854 553
854 552
629 326
678 792
591 798
413 682
501 356
589 798
480 370
422 696
810 701
573 795
688 789
654 797
440 405
464 382
631 799
703 784
536 785
416 438
820 440
500 356
833 660
584 328
808 422
468 747
384 604
433 711
842 488
551 335
403 462
481 369
563 793
799 410
841 484
853 586
740 359
544 788
776 386
636 799
764 376
805 707
381 574
444 723
821 440
402 464
745 363
833 463
697 339
851 520
382 593
564 332
516 777
385 516
760 373
450 395
406 456
381 554
381 565
557 792
558 792
423 697
381 564
472 750
766 377
397 649
854 549
834 658
765 748
512 775
849 612
381 572
738 767
632 326
844 632
816 434
495 765
767 379
490 763
732 355
828 454
699 340
386 512
672 793
692 787
383 526
713 346
835 658
815 432
751 759
850 608
792 723
745 362
834 465
752 758
534 341
522 346
844 634
854 554
833 661
381 582
854 583
816 432
853 591
843 488
845 497
424 700
668 331
464 743
852 597
591 327
460 386
773 741
451 394
833 464
819 438
406 670
771 743
661 330
752 368
391 631
854 567
618 799
806 707
830 458
806 706
397 475
783 732
775 739
437 716
382 591
722 775
514 776
767 747
838 475
579 329
599 799
828 453
410 677
839 647
426 423
412 444
475 373
841 641
486 365
534 784
740 765
851 604
426 702
462 384
825 678
832 664
397 476
495 360
409 674
853 593
702 784
469 747
466 745
414 441
384 602
387 616
724 351
790 726
793 404
396 478
457 737
617 326
532 784
686 335
381 577
381 580
767 378
775 386
737 767
413 443
462 742
852 594
450 730
807 420
634 326
415 685
422 428
825 447
390 631
760 752
854 581
854 565
829 455
528 343
549 336
416 688
497 766
445 725
796 718
524 345
749 759
461 385
405 457
684 790
746 364
775 740
386 613
381 545
635 799
766 747
506 772
417 688
482 368
777 737
827 451
653 328
821 684
821 441
460 740
738 766
799 714
854 542
854 548
761 751
458 387
721 776
748 760
828 672
714 346
809 703
587 328
688 336
590 798
784 732
823 445
397 477
395 482
443 402
680 334
438 408
606 799
425 701
745 762
403 663
844 631
398 653
654 328
846 627
774 385
417 436
381 576
774 384
381 583
391 493
707 343
835 469
759 753
786 729
663 330
394 642
842 487
673 793
775 385
758 753
400 469
399 472
821 442
843 491
389 500
683 790
746 363
854 579
392 635
408 673
546 788
854 571
396 479
434 413
831 665
769 745
438 407
415 439
714 779
694 787
846 501
490 363
817 434
455 735
400 657
841 483
552 790
383 594
582 328
477 371
835 657
634 799
692 338
651 328
390 628
689 789
633 326
803 416
709 781
765 377
766 378
837 653
746 762
611 326
543 787
393 638
386 615
566 794
743 764
846 498
850 518
589 327
700 785
547 336
496 766
730 771
396 647
442 721
393 487
391 632
396 648
562 332
386 612
839 479
517 348
686 789
670 794
787 396
412 445
713 780
782 733
520 346
850 519
849 512
386 511
469 378
393 639
854 546
787 729
639 326
711 345
481 756
811 700
810 425
776 387
401 660
381 570
586 328
553 335
427 422
723 775
594 327
731 355
381 544
850 514
754 369
825 677
793 722
767 746
382 541
537 340
407 672
642 327
811 699
692 337
580 797
420 432
381 551
628 326
381 575
700 340
792 722
783 733
559 792
852 526
429 706
693 338
854 575
424 425
790 400
810 424
627 326
854 564
636 326
386 514
675 333
845 498
486 366
434 713
790 725
604 799
399 471
554 791
640 327
681 791
422 697
771 382
