1005 1000 1000
710 374
778 26
596 228
740 29
923 307
843 39
828 34
620 297
927 301
664 64
599 246
913 321
697 368
889 344
597 238
838 374
651 336
886 347
888 66
596 230
914 92
865 361
752 27
628 311
629 100
595 216
595 190
759 26
607 140
620 113
678 357
948 253
927 109
945 264
621 112
796 27
745 28
839 374
856 45
674 355
715 35
664 348
916 94
611 130
595 224
598 240
703 371
603 151
941 274
901 78
618 294
790 385
738 29
809 29
739 382
784 385
869 52
885 63
821 379
928 300
951 170
625 306
792 26
766 385
705 372
933 120
894 340
706 372
715 375
606 141
617 119
692 46
630 98
617 118
827 378
947 153
600 250
663 347
768 385
609 277
754 27
595 215
855 44
690 364
816 30
913 320
913 90
749 27
933 291
920 100
772 385
694 44
720 377
765 385
785 26
954 192
954 206
910 324
714 36
798 27
660 345
846 40
821 32
595 212
916 316
750 27
771 26
942 139
954 198
682 360
688 363
902 332
931 116
938 129
715 36
695 367
605 267
745 383
921 310
737 382
898 336
781 26
769 26
945 148
671 58
893 341
940 136
668 351
597 235
675 355
596 185
755 384
690 365
716 35
925 106
661 66
954 194
936 284
628 310
597 233
922 102
929 113
723 33
901 334
608 137
625 305
954 215
595 220
829 34
722 378
918 314
820 31
939 132
875 355
854 367
875 56
935 286
622 301
922 308
742 28
600 251
932 119
699 369
879 352
678 53
604 262
937 127
719 34
779 385
713 36
954 222
796 384
597 177
871 357
781 385
700 42
662 65
954 223
703 40
770 26
632 96
946 151
934 122
882 61
674 56
650 76
896 339
859 365
823 379
599 248
602 255
666 62
943 269
928 111
779 26
726 379
894 71
644 330
725 379
727 32
935 123
807 28
646 332
751 27
954 190
900 77
609 136
709 373
952 176
941 137
934 289
642 328
809 382
600 163
657 342
750 384
685 50
642 327
595 221
683 51
597 173
954 212
824 378
906 328
895 340
925 304
952 234
624 304
599 243
837 374
951 240
647 333
952 173
877 353
610 133
822 32
942 138
863 362
950 164
640 325
892 69
932 118
903 332
645 331
766 26
613 125
708 373
597 178
726 32
947 258
879 59
954 202
954 210
840 38
951 238
877 58
673 57
924 106
948 252
699 42
854 44
780 26
926 303
747 28
926 108
904 80
940 275
648 78
638 88
855 45
846 371
850 369
892 342
954 211
952 235
702 370
596 231
953 180
738 382
839 37
763 385
627 102
596 179
596 227
867 360
642 84
954 201
672 58
597 234
613 285
954 209
938 281
638 322
857 46
954 195
927 110
893 70
672 353
810 29
620 298
878 58
865 50
621 300
819 31
797 27
944 267
757 385
595 197
786 26
798 384
747 383
610 278
921 311
876 57
877 57
764 385
639 87
900 76
924 306
626 104
629 99
799 27
931 117
694 45
733 381
758 385
650 75
812 29
916 95
605 266
689 47
625 106
611 280
634 318
730 380
614 124
938 280
862 363
610 279
916 317
944 146
619 114
834 375
777 26
671 353
895 72
811 382
752 384
603 260
852 43
595 206
680 52
670 59
912 89
650 336
601 255
598 170
677 54
857 45
776 26
906 83
844 39
622 110
626 103
803 383
612 127
803 28
926 302
835 36
611 131
789 385
831 35
784 26
615 122
686 362
934 288
718 376
791 385
922 103
728 379
939 280
601 254
612 282
746 28
661 345
887 65
948 158
736 381
685 49
814 30
951 168
627 309
602 256
721 377
951 173
934 123
891 342
773 385
707 39
952 177
880 352
884 348
646 80
646 331
873 55
605 144
868 52
659 68
643 83
820 380
866 50
746 383
643 82
754 384
620 112
782 385
940 277
598 242
595 203
600 248
954 219
618 117
653 73
863 49
603 152
770 385
847 370
817 380
946 260
717 35
598 168
941 275
795 384
911 323
939 279
954 203
914 319
801 383
947 257
910 87
855 367
953 229
608 274
805 383
938 282
611 282
908 85
712 374
950 165
688 48
596 180
837 37
846 370
689 364
614 287
634 93
693 366
951 172
882 350
595 188
951 171
597 179
917 95
895 339
727 379
920 311
847 41
662 346
701 41
664 63
791 26
841 373
832 376
622 300
949 160
842 372
883 62
936 285
944 265
691 365
695 44
604 147
948 254
626 307
595 209
954 191
954 197
635 92
599 164
644 82
901 77
683 50
953 230
951 241
950 166
597 237
686 49
776 385
684 361
648 334
631 314
600 249
930 115
679 53
954 221
788 385
616 120
808 382
834 36
753 27
627 103
937 282
826 33
722 33
639 324
681 52
950 244
881 60
933 290
769 385
890 67
953 181
774 26
701 370
801 384
718 35
938 130
596 184
954 187
595 214
637 90
595 202
952 179
649 76
654 339
923 103
943 268
659 344
641 326
851 42
804 383
705 371
605 265
844 40
942 271
787 26
773 26
676 55
612 283
762 26
829 377
870 358
953 231
947 256
937 128
905 329
953 182
595 198
742 382
599 245
912 321
619 115
599 165
743 383
833 35
700 370
609 134
655 340
925 305
841 38
664 347
605 145
874 55
940 135
702 41
601 253
712 37
849 369
817 31
623 108
670 352
682 51
760 26
813 381
953 183
899 336
937 283
609 135
859 46
831 376
632 315
818 31
602 257
877 354
641 85
696 368
675 356
595 218
785 385
633 317
627 308
902 333
936 127
606 143
954 199
647 79
881 351
940 276
866 360
915 93
734 381
728 32
941 136
632 95
755 27
600 160
953 185
954 205
812 30
896 73
658 68
691 46
944 144
724 378
943 143
787 385
942 273
951 239
953 228
853 43
805 28
601 158
930 297
599 167
802 383
700 369
610 132
595 200
905 330
918 315
740 382
596 226
705 40
603 262
862 48
836 375
897 337
954 218
595 199
939 278
683 361
815 30
953 179
617 293
912 322
954 214
806 28
887 346
598 169
717 376
855 366
899 75
940 134
667 61
788 26
914 320
954 216
913 91
759 385
599 163
668 350
697 43
905 82
707 38
954 204
908 326
609 275
597 176
620 114
736 30
655 71
936 125
600 162
861 47
845 371
874 56
933 119
929 299
748 384
844 372
949 248
825 33
733 30
826 378
891 69
840 373
621 111
737 29
808 29
636 321
741 29
696 43
932 292
812 381
606 269
604 264
824 379
614 125
651 337
692 365
775 26
612 128
595 204
950 167
954 213
764 26
850 42
595 205
658 343
929 297
649 334
714 375
696 367
659 343
825 378
951 243
857 365
872 54
624 106
852 368
919 98
600 161
954 193
915 92
680 358
761 26
598 243
908 84
616 291
772 26
870 53
866 361
954 196
950 246
884 349
935 124
807 382
602 258
732 31
631 97
629 311
673 354
953 225
944 266
595 189
909 86
716 376
949 161
665 348
706 39
711 374
786 385
906 329
794 384
792 385
793 385
625 105
608 138
678 54
941 273
878 353
861 48
797 384
915 318
866 51
771 385
630 313
761 385
687 363
698 368
595 222
836 36
598 239
780 385
920 312
917 96
612 129
868 359
669 351
952 237
941 138
946 261
601 159
904 331
936 126
613 126
597 174
660 344
598 241
675 55
897 73
932 293
596 225
669 60
833 376
635 319
954 217
948 157
721 34
953 227
815 381
930 114
719 377
725 32
907 328
946 149
735 30
595 207
602 155
881 61
920 99
889 67
774 385
616 292
929 298
637 89
604 148
845 40
848 370
751 384
911 88
834 376
765 26
832 35
636 91
952 175
931 294
778 385
945 147
928 112
876 354
945 263
596 183
602 154
744 28
604 265
623 109
954 189
653 339
946 262
953 226
830 34
858 46
935 288
823 32
853 368
660 67
698 43
954 220
658 342
944 145
880 351
890 68
615 290
907 83
923 104
652 337
651 75
595 223
757 26
598 171
711 37
767 26
619 295
948 156
645 80
880 59
824 32
931 295
853 367
859 364
938 131
952 178
874 356
794 27
603 150
626 308
930 295
881 350
613 286
936 286
683 360
710 373
949 163
597 236
843 372
595 211
891 343
631 96
948 159
949 251
860 364
707 372
617 292
902 78
739 29
675 56
919 313
789 26
884 62
730 31
945 262
633 95
934 121
799 384
889 66
678 358
731 380
861 364
813 30
783 385
859 47
806 383
654 72
685 362
595 194
640 86
812 382
954 224
953 232
622 109
952 236
624 108
748 27
628 101
885 347
690 47
950 168
899 76
596 187
898 337
867 51
599 244
756 385
595 191
601 157
945 149
705 39
603 261
816 381
710 37
684 50
596 229
839 373
943 142
672 354
595 196
652 73
819 380
873 356
742 383
886 64
762 385
937 284
660 66
720 34
610 280
911 89
810 382
652 74
652 338
710 38
643 329
777 385
860 47
800 384
734 30
690 46
753 384
657 69
942 272
951 242
900 335
886 346
827 33
713 375
651 74
923 308
604 263
667 350
605 146
946 150
596 232
645 81
659 67
687 48
927 302
924 105
822 379
725 33
614 288
649 335
632 316
921 101
899 335
