162 1000 1000
962 871
960 871
965 913
979 888
939 880
975 879
937 885
979 898
979 890
978 884
936 893
936 888
966 872
945 874
976 904
965 872
971 910
972 876
944 910
936 887
960 914
937 883
962 914
938 883
938 902
967 912
945 910
957 871
979 893
953 914
971 875
936 890
979 895
944 875
973 908
939 881
955 871
972 909
958 914
937 899
936 892
950 872
938 882
978 900
949 913
977 883
979 892
969 911
937 901
978 886
956 871
941 878
954 914
959 914
968 873
952 871
938 903
975 906
936 889
943 876
967 873
948 873
978 899
956 914
940 879
976 905
961 871
968 912
943 909
978 885
977 881
976 881
979 896
937 902
976 880
941 907
979 887
973 877
936 894
948 913
955 914
979 886
952 914
936 891
942 877
936 897
946 873
979 889
937 900
947 912
958 871
974 906
961 914
953 871
937 886
942 908
945 875
947 873
948 912
954 871
977 902
963 871
964 914
951 913
957 914
951 871
949 872
939 904
963 914
974 878
951 914
977 882
978 901
979 897
979 899
946 911
969 912
939 905
946 874
950 913
936 899
975 905
970 874
945 911
969 874
966 913
964 871
942 909
951 872
937 884
936 898
970 911
979 891
959 871
977 903
967 913
940 906
936 886
936 895
940 880
974 907
967 872
936 896
970 910
964 872
979 894
973 909
964 913
941 906
948 872
969 873
940 905
942 876
975 880
973 876
978 883
938 904
970 875
974 877
938 881
941 877
974 908
