594 1000 1000
363 72
371 76
292 72
405 182
333 232
244 158
404 184
377 81
271 211
247 123
373 219
317 232
400 190
383 86
273 85
260 198
354 228
354 69
253 110
248 121
244 146
379 215
406 117
345 231
401 188
256 104
316 65
327 232
365 74
353 68
406 178
246 169
269 88
252 185
261 97
345 66
263 202
259 100
372 220
404 182
387 208
411 143
308 67
292 73
254 107
286 75
411 144
245 130
258 196
310 231
388 207
410 162
399 105
338 232
260 199
301 228
262 96
395 199
293 225
406 120
368 75
380 83
251 183
284 220
291 224
386 88
244 145
286 221
249 178
398 103
411 150
292 224
257 193
302 69
411 146
246 129
392 95
405 180
280 79
411 161
391 93
394 98
348 67
359 70
405 116
321 65
404 183
381 84
303 68
269 209
244 156
411 154
283 77
305 230
406 119
249 179
247 124
381 83
268 90
409 127
411 139
363 225
267 207
281 78
400 191
357 227
411 142
391 203
262 202
251 184
263 203
376 217
334 232
404 115
396 197
374 218
277 81
313 66
283 78
410 134
298 70
356 228
346 230
304 229
402 187
319 232
383 211
335 232
287 222
272 212
290 73
256 193
300 228
353 229
411 160
319 65
394 200
393 201
264 203
299 70
253 188
328 65
263 95
367 75
257 103
411 141
252 186
407 176
296 71
384 86
405 115
255 107
254 188
266 91
402 110
398 195
297 70
251 114
279 80
405 181
323 232
286 76
269 89
264 93
248 177
378 81
411 136
355 69
350 230
252 112
272 85
401 189
391 204
265 205
411 140
288 74
244 150
256 105
406 177
331 65
250 115
410 164
313 231
284 221
404 114
377 217
316 232
360 71
248 175
289 223
257 102
410 131
244 138
380 214
390 204
359 71
295 226
244 144
324 232
270 209
386 89
341 231
370 221
402 109
384 211
288 223
365 224
344 231
255 191
315 232
349 230
382 212
249 118
411 148
322 65
285 221
266 205
309 67
279 217
361 71
369 76
392 203
312 231
332 65
369 222
411 149
375 218
275 83
312 66
245 165
385 209
381 213
244 154
339 65
409 169
285 76
366 223
246 168
411 138
386 209
244 159
408 171
282 78
276 215
400 192
364 224
287 75
282 219
253 109
249 119
395 198
410 132
286 222
391 94
399 192
408 126
401 108
254 189
350 229
244 148
335 65
244 143
403 112
323 65
411 155
409 129
411 137
252 111
266 92
403 186
337 232
338 65
409 170
245 135
368 222
331 232
246 130
255 106
392 202
281 218
265 93
326 232
375 79
332 232
244 151
408 123
367 223
372 77
374 219
245 163
314 231
361 225
397 101
248 176
254 190
352 68
348 230
272 86
349 67
364 73
408 124
328 232
254 108
410 133
342 231
321 232
278 81
405 117
324 65
394 97
377 216
246 170
401 190
411 157
248 174
325 65
339 232
305 229
308 230
400 105
402 188
351 68
343 231
346 67
410 163
267 90
384 87
244 153
268 89
322 232
250 182
378 216
273 212
288 75
407 121
307 230
244 147
365 73
403 185
390 92
275 214
389 92
411 156
329 65
246 167
283 220
395 98
297 227
264 94
251 115
401 107
306 67
281 79
299 228
284 77
373 78
261 98
406 179
293 72
393 96
390 205
397 102
372 219
358 70
342 66
325 232
247 173
290 223
410 165
371 220
244 160
260 98
411 152
367 74
244 155
244 139
268 207
357 70
407 177
245 131
253 187
366 74
272 211
378 215
358 227
244 137
329 232
359 227
274 213
379 82
315 65
265 204
291 73
409 128
409 130
356 227
355 228
292 225
371 221
330 65
311 231
253 186
304 68
410 135
257 194
257 104
350 68
341 66
362 72
371 77
384 210
299 227
385 210
278 217
248 122
280 218
266 206
247 126
254 109
284 76
356 69
244 136
248 120
407 123
396 99
290 224
278 80
333 65
330 232
256 192
347 67
397 196
244 149
247 172
271 210
301 69
408 174
251 113
370 76
387 90
361 72
261 200
250 117
404 113
245 162
250 181
244 161
388 206
409 126
396 100
318 232
259 197
244 140
382 84
309 231
398 194
340 232
258 102
305 68
407 175
351 229
320 65
309 230
347 230
382 85
302 229
337 65
343 66
340 65
271 86
411 159
399 193
411 145
260 99
400 106
294 72
399 104
267 91
281 219
296 226
320 232
361 226
258 195
360 226
314 66
244 152
255 192
326 65
408 172
307 67
334 65
255 190
250 180
388 91
295 71
248 123
264 204
352 229
367 222
369 221
409 168
407 174
299 69
362 225
344 66
270 210
381 214
389 91
244 141
408 173
411 158
300 69
306 230
310 66
276 214
394 199
389 205
245 133
411 151
390 93
294 226
289 74
318 65
296 227
249 180
246 127
263 94
383 212
274 84
410 166
244 142
261 199
276 82
294 71
246 126
411 147
250 116
353 228
385 87
277 216
317 65
327 65
353 69
411 153
290 74
311 66
403 111
245 134
346 231
259 198
277 215
315 231
265 92
376 80
385 88
247 174
294 225
262 95
406 180
268 208
374 79
247 171
249 177
245 166
288 222
387 89
258 101
407 122
386 208
382 213
359 226
247 125
262 97
363 73
270 87
298 227
257 195
303 229
409 167
407 120
402 186
315 66
340 66
401 109
244 157
251 182
255 105
249 120
409 171
378 82
336 232
403 113
374 78
280 80
