508 1000 1000
145 414
52 350
130 462
139 448
145 409
11 386
91 348
57 349
47 483
116 475
32 475
27 365
117 475
44 482
114 358
11 449
98 484
112 357
18 460
16 377
4 422
75 488
12 384
136 382
144 403
127 369
107 480
8 442
42 481
85 488
135 380
4 408
129 372
143 397
143 436
15 379
80 488
64 488
4 410
141 392
92 349
4 420
59 348
131 375
11 450
41 355
24 468
4 425
13 454
42 354
20 372
145 420
4 407
8 443
5 430
145 421
145 424
64 347
84 488
105 482
13 452
53 485
119 362
136 381
112 478
101 483
18 374
12 451
144 433
145 429
93 349
74 488
7 439
21 464
88 487
136 452
123 470
97 485
63 347
77 488
50 351
45 482
134 379
42 355
127 370
137 450
141 442
96 350
140 445
132 460
27 471
111 479
27 364
14 454
46 482
110 479
4 417
6 397
81 347
61 487
69 347
70 347
79 347
57 486
72 488
145 410
145 422
90 487
51 484
38 478
30 362
25 468
107 481
142 395
28 471
36 477
144 405
117 360
8 441
31 362
5 429
90 348
68 488
34 359
48 483
33 475
67 488
79 488
5 431
4 423
145 406
126 467
8 393
129 463
41 480
87 348
78 347
36 358
128 465
37 357
5 432
142 439
4 428
25 366
4 416
4 414
10 389
141 441
103 352
9 391
145 415
142 438
76 488
27 470
125 468
84 347
10 448
145 408
102 483
38 356
138 448
89 487
28 363
22 465
129 462
54 350
7 438
143 437
143 399
145 411
124 469
145 418
8 392
10 387
104 353
4 415
123 469
16 457
31 474
100 484
30 473
145 416
142 440
145 427
81 488
42 480
118 474
60 348
121 364
113 477
32 474
4 418
101 352
62 348
141 394
86 347
75 347
137 451
105 353
130 373
88 348
134 380
23 466
48 351
132 376
53 350
145 425
13 382
78 488
118 361
96 485
105 481
19 374
129 371
55 349
135 454
87 487
40 355
14 455
83 347
55 486
50 484
141 393
135 455
48 484
134 378
46 353
115 359
108 480
85 347
18 461
139 389
19 462
76 347
94 349
11 385
29 363
74 347
106 354
4 427
126 369
128 464
143 401
35 476
66 488
77 347
15 456
133 377
116 360
56 486
18 375
131 461
5 401
121 471
142 441
12 383
145 419
145 426
6 436
143 435
44 353
25 367
144 430
16 378
48 352
118 362
124 366
59 487
12 452
141 443
110 356
23 467
145 413
7 394
126 368
60 487
16 458
103 482
102 352
125 368
14 381
71 347
7 440
54 349
145 407
111 478
97 350
24 367
111 357
133 458
5 404
7 397
13 453
145 428
143 400
13 383
122 365
93 486
4 413
109 355
65 347
132 459
62 487
40 479
142 396
6 399
122 470
138 386
133 457
6 435
49 484
26 366
140 390
17 376
61 348
133 378
35 358
5 433
4 421
80 347
51 350
106 481
104 482
95 350
32 361
4 406
92 486
98 350
117 474
6 434
4 411
14 380
23 369
124 367
114 476
6 437
143 398
143 438
71 488
17 458
99 484
17 375
10 447
22 369
72 347
29 472
82 347
144 434
117 361
145 423
137 384
9 390
139 388
89 348
144 402
9 445
56 349
7 395
5 405
130 374
136 383
142 397
9 444
45 353
63 488
6 400
73 488
43 354
138 449
5 434
140 444
98 485
86 488
4 426
21 371
125 467
25 469
123 366
39 479
135 381
63 487
58 348
95 349
113 358
49 351
10 388
109 479
15 378
7 441
136 453
4 412
70 488
95 485
134 457
139 387
38 357
109 480
114 359
19 373
128 371
31 473
69 488
24 368
68 347
124 468
22 370
46 352
24 467
119 472
115 476
144 431
131 374
23 368
100 351
67 347
130 461
40 356
107 354
120 363
28 364
39 356
122 471
37 478
33 360
134 456
144 432
28 472
91 486
34 476
40 480
17 459
9 446
145 417
17 460
6 398
120 472
138 385
65 488
47 352
8 391
99 351
139 447
126 466
122 364
26 470
142 394
5 403
22 466
4 419
127 465
66 347
138 387
6 401
20 463
4 409
140 446
82 488
83 488
114 477
7 396
127 466
91 487
26 365
35 359
8 444
139 446
144 401
140 389
137 383
46 483
136 454
103 483
103 353
94 486
137 452
73 347
144 429
108 355
58 487
43 481
123 365
26 469
118 473
51 485
131 460
5 406
51 351
11 387
119 473
125 367
20 462
137 385
138 450
9 389
31 361
15 457
4 429
4 424
101 484
54 486
98 351
144 404
20 464
143 434
111 356
140 391
141 391
109 356
