582 1000 1000
125 67
68 95
218 129
128 67
222 164
149 243
170 237
201 213
91 77
122 67
212 113
100 73
117 243
148 68
49 182
222 156
60 206
212 198
46 174
55 113
190 87
45 144
48 182
46 140
200 96
217 125
149 68
210 111
102 239
207 206
93 76
111 69
193 89
209 108
168 73
45 159
219 132
92 234
45 168
222 151
58 109
118 243
126 67
180 80
127 244
209 109
61 206
198 217
45 148
110 70
139 244
48 131
209 203
222 148
90 233
194 90
46 170
221 139
75 89
133 67
74 222
62 209
134 244
106 240
217 186
158 241
221 170
111 242
45 151
55 114
188 226
45 157
205 102
194 221
144 244
88 232
222 143
82 83
94 76
57 110
119 243
195 220
221 173
180 231
191 87
96 75
67 96
51 121
119 68
197 93
164 72
64 211
216 190
71 92
92 77
52 121
115 69
107 71
217 124
49 128
219 181
203 211
174 235
202 212
220 134
46 142
68 215
200 97
129 244
162 240
45 145
140 244
186 227
206 104
75 223
66 97
84 229
45 142
45 149
219 179
70 93
73 90
203 100
64 100
98 74
220 174
97 237
181 231
59 205
200 215
121 244
55 197
52 119
52 192
96 236
163 239
124 244
81 84
137 244
168 237
132 67
67 215
222 167
214 117
189 225
115 68
99 73
66 98
50 185
204 209
201 97
84 82
222 145
165 239
47 178
74 90
189 86
48 130
175 77
211 199
102 72
193 222
140 67
136 244
201 214
222 161
138 244
85 81
185 228
50 187
199 216
59 204
46 137
98 237
178 232
188 85
191 223
171 75
218 185
55 198
221 141
57 201
59 107
69 217
50 186
116 243
88 79
219 180
155 69
104 239
221 140
51 188
56 112
222 154
108 70
196 219
127 67
76 88
45 150
45 165
220 176
46 141
159 241
204 210
47 175
210 201
147 67
157 241
222 162
61 207
45 167
195 219
112 69
58 203
210 110
213 195
162 71
48 179
161 71
147 243
183 230
145 244
81 227
145 67
222 158
106 71
60 106
200 214
156 242
48 129
112 242
76 223
153 242
79 85
101 72
56 111
80 227
222 144
83 82
219 129
175 234
49 183
45 146
155 242
87 79
113 69
71 219
222 163
184 82
141 244
93 235
48 180
125 244
86 231
216 189
205 209
196 92
45 154
142 244
83 229
97 74
218 183
52 120
51 122
94 235
167 238
211 112
171 236
81 83
61 208
217 126
222 146
139 67
195 91
192 222
50 124
135 244
219 133
76 224
150 68
45 156
172 236
131 67
210 109
222 157
179 232
61 104
202 99
49 127
214 193
45 162
184 228
215 119
101 73
213 116
146 244
103 239
150 243
53 118
114 242
216 188
51 189
199 96
116 68
220 175
72 91
215 190
72 92
191 88
85 230
146 67
152 69
134 67
84 230
81 228
154 69
222 160
60 105
89 78
222 159
117 68
219 178
71 218
137 67
178 79
221 171
54 195
78 86
206 207
198 94
46 173
109 70
72 220
132 244
130 67
79 226
52 191
222 153
219 130
63 210
120 243
154 242
222 142
144 67
218 184
82 228
181 80
208 205
172 75
45 143
163 71
221 138
203 99
104 72
142 67
221 172
218 182
167 73
107 240
208 204
209 202
45 147
161 240
68 216
206 208
86 80
59 106
53 194
47 176
91 234
160 240
222 165
208 107
166 73
45 161
66 214
173 76
99 74
62 103
63 101
118 68
217 185
45 153
103 72
199 215
218 128
114 69
54 196
196 93
99 237
56 199
148 243
54 116
128 244
169 237
45 164
152 243
222 168
143 67
215 192
49 129
206 206
187 227
123 244
45 163
105 71
48 132
168 238
126 244
214 194
46 172
65 99
217 187
220 177
164 239
87 80
57 109
69 94
115 243
87 231
216 122
160 241
218 127
66 213
184 229
186 228
180 232
62 102
197 94
222 155
64 99
178 78
183 82
108 241
60 205
124 67
182 230
213 115
222 150
47 177
222 166
135 67
207 106
153 69
151 243
160 71
123 67
129 67
166 238
64 212
213 196
105 240
220 133
53 193
122 244
177 78
110 241
143 244
63 209
65 213
136 67
74 89
101 238
222 147
47 134
58 202
89 79
207 205
46 139
99 238
151 68
179 79
221 137
215 121
185 83
178 233
202 98
89 232
202 213
109 241
120 68
206 103
203 212
156 69
177 233
212 197
169 74
216 121
50 126
95 236
141 67
77 87
214 118
73 221
77 224
133 244
49 126
45 169
212 114
208 106
54 115
53 117
73 220
70 94
72 219
111 241
50 125
204 101
199 95
56 200
220 136
222 149
152 68
214 192
182 81
58 108
51 123
100 238
215 191
47 136
221 169
187 84
190 224
70 218
186 83
192 89
61 103
157 70
130 244
214 119
184 83
197 218
47 133
221 142
90 78
47 135
174 76
120 244
219 131
77 225
107 241
222 152
65 212
221 174
194 91
220 178
48 181
107 70
93 77
104 71
187 85
75 88
183 229
78 225
80 84
165 72
57 202
191 224
63 102
46 138
210 202
159 70
186 84
194 220
192 88
87 232
95 75
79 86
158 70
76 87
62 208
173 235
113 242
156 241
45 152
89 233
131 244
218 126
192 223
216 123
45 166
104 240
