437 1000 1000
302 359
258 328
294 357
366 270
263 261
281 246
369 277
357 339
354 343
251 305
370 315
267 340
371 313
372 293
312 238
295 357
349 346
269 255
315 238
255 320
251 307
278 349
257 326
271 344
326 239
271 253
251 289
269 343
286 354
372 305
356 341
343 351
332 356
349 250
361 334
364 267
353 344
329 240
268 341
321 238
350 252
292 241
265 338
344 350
264 260
333 242
316 238
252 283
259 330
279 350
294 240
366 272
323 239
371 283
318 238
290 242
280 351
371 284
366 326
329 357
291 241
371 286
363 265
336 354
256 273
255 322
252 314
365 327
274 347
364 329
286 243
312 359
335 242
367 324
310 238
365 270
338 243
338 244
257 325
303 359
273 346
371 312
339 353
258 270
299 239
368 323
365 328
363 332
345 248
282 352
372 299
287 243
347 348
325 358
262 335
320 238
345 247
282 245
269 254
252 313
265 260
344 247
339 244
251 300
253 315
256 324
262 262
368 321
330 240
310 359
266 258
277 248
266 339
276 348
369 317
371 287
330 357
372 298
284 353
340 352
366 271
272 252
347 249
252 312
313 238
267 256
345 350
337 354
359 337
369 278
302 238
273 251
316 359
318 359
258 329
254 318
356 340
255 275
354 255
306 359
354 254
367 273
334 242
278 248
275 347
252 310
367 323
311 238
340 245
327 358
261 333
372 288
270 343
372 291
353 254
298 239
355 256
264 337
343 246
342 246
370 282
251 291
254 277
259 267
356 257
359 260
258 269
296 240
331 356
298 358
353 343
372 304
324 239
317 359
251 293
372 301
251 309
372 290
288 355
327 239
278 247
251 297
357 257
276 249
299 358
255 277
362 332
352 345
253 282
253 281
327 357
369 279
334 355
251 302
253 280
314 359
255 321
370 316
275 250
284 244
328 357
348 347
346 249
364 268
257 272
360 336
321 359
258 327
304 359
296 358
274 346
259 268
297 239
308 359
254 317
357 258
291 356
365 329
338 353
289 242
255 276
371 314
263 335
303 238
261 265
348 249
297 358
281 351
251 288
270 254
265 259
253 316
293 357
372 289
277 349
251 308
337 243
256 274
360 335
358 338
292 356
332 241
285 244
317 238
252 287
369 318
305 359
371 285
368 276
370 314
296 239
370 317
251 290
260 331
251 304
269 342
258 268
341 352
300 239
261 332
352 253
254 319
263 336
349 347
342 351
370 281
274 250
319 359
283 352
366 325
300 358
280 246
290 241
251 298
260 266
323 358
361 263
346 248
261 264
279 247
372 306
358 259
314 238
272 345
256 272
372 294
322 359
351 252
283 353
361 333
353 253
348 348
346 349
333 241
254 320
254 279
262 264
355 341
366 327
251 296
365 268
372 302
252 286
306 238
273 252
301 238
365 269
363 331
368 275
350 251
268 256
335 355
350 346
267 341
251 299
266 340
342 245
370 283
362 265
251 294
320 359
288 242
267 257
285 353
295 240
372 292
257 270
363 266
372 300
354 342
264 261
369 319
372 309
371 311
372 308
351 345
251 292
287 354
327 240
285 354
289 355
368 322
309 359
363 267
252 285
358 260
315 359
336 243
370 280
251 306
368 277
262 334
256 323
305 238
307 238
345 349
372 303
341 245
252 284
362 333
262 263
311 359
308 238
372 297
251 301
281 352
293 240
252 311
325 239
251 295
266 257
372 296
360 262
369 320
324 358
268 342
359 261
313 359
309 238
264 336
290 356
256 325
251 303
254 278
361 335
285 243
322 238
268 255
278 350
372 295
260 267
368 320
326 358
265 337
340 353
367 325
304 238
331 241
355 342
307 359
346 348
371 310
253 317
257 271
333 356
367 274
283 245
348 250
259 329
367 272
372 307
352 344
361 264
255 323
364 330
280 247
362 264
253 314
301 359
274 251
290 355
319 238
263 262
343 350
328 240
296 357
257 327
293 241
275 348
350 345
338 354
360 261
271 252
275 249
281 245
342 352
355 255
