2000 1000 1000
1 0
999 0
1 1
999 1
1 2
999 2
1 3
999 3
1 4
999 4
1 5
999 5
1 6
999 6
1 7
999 7
1 8
999 8
1 9
999 9
1 10
999 10
1 11
999 11
1 12
999 12
1 13
999 13
1 14
999 14
1 15
999 15
1 16
999 16
1 17
999 17
1 18
999 18
1 19
999 19
1 20
999 20
1 21
999 21
1 22
999 22
1 23
999 23
1 24
999 24
1 25
999 25
1 26
999 26
1 27
999 27
1 28
999 28
1 29
999 29
1 30
999 30
1 31
999 31
1 32
999 32
1 33
999 33
1 34
999 34
1 35
999 35
1 36
999 36
1 37
999 37
1 38
999 38
1 39
999 39
1 40
999 40
1 41
999 41
1 42
999 42
1 43
999 43
1 44
999 44
1 45
999 45
1 46
999 46
1 47
999 47
1 48
999 48
1 49
999 49
1 50
999 50
1 51
999 51
1 52
999 52
1 53
999 53
1 54
999 54
1 55
999 55
1 56
999 56
1 57
999 57
1 58
999 58
1 59
999 59
1 60
999 60
1 61
999 61
1 62
999 62
1 63
999 63
1 64
999 64
1 65
999 65
1 66
999 66
1 67
999 67
1 68
999 68
1 69
999 69
1 70
999 70
1 71
999 71
1 72
999 72
1 73
999 73
1 74
999 74
1 75
999 75
1 76
999 76
1 77
999 77
1 78
999 78
1 79
999 79
1 80
999 80
1 81
999 81
1 82
999 82
1 83
999 83
1 84
999 84
1 85
999 85
1 86
999 86
1 87
999 87
1 88
999 88
1 89
999 89
1 90
999 90
1 91
999 91
1 92
999 92
1 93
999 93
1 94
999 94
1 95
999 95
1 96
999 96
1 97
999 97
1 98
999 98
1 99
999 99
1 100
999 100
1 101
999 101
1 102
999 102
1 103
999 103
1 104
999 104
1 105
999 105
1 106
999 106
1 107
999 107
1 108
999 108
1 109
999 109
1 110
999 110
1 111
999 111
1 112
999 112
1 113
999 113
1 114
999 114
1 115
999 115
1 116
999 116
1 117
999 117
1 118
999 118
1 119
999 119
1 120
999 120
1 121
999 121
1 122
999 122
1 123
999 123
1 124
999 124
1 125
999 125
1 126
999 126
1 127
999 127
1 128
999 128
1 129
999 129
1 130
999 130
1 131
999 131
1 132
999 132
1 133
999 133
1 134
999 134
1 135
999 135
1 136
999 136
1 137
999 137
1 138
999 138
1 139
999 139
1 140
999 140
1 141
999 141
1 142
999 142
1 143
999 143
1 144
999 144
1 145
999 145
1 146
999 146
1 147
999 147
1 148
999 148
1 149
999 149
1 150
999 150
1 151
999 151
1 152
999 152
1 153
999 153
1 154
999 154
1 155
999 155
1 156
999 156
1 157
999 157
1 158
999 158
1 159
999 159
1 160
999 160
1 161
999 161
1 162
999 162
1 163
999 163
1 164
999 164
1 165
999 165
1 166
999 166
1 167
999 167
1 168
999 168
1 169
999 169
1 170
999 170
1 171
999 171
1 172
999 172
1 173
999 173
1 174
999 174
1 175
999 175
1 176
999 176
1 177
999 177
1 178
999 178
1 179
999 179
1 180
999 180
1 181
999 181
1 182
999 182
1 183
999 183
1 184
999 184
1 185
999 185
1 186
999 186
1 187
999 187
1 188
999 188
1 189
999 189
1 190
999 190
1 191
999 191
1 192
999 192
1 193
999 193
1 194
999 194
1 195
999 195
1 196
999 196
1 197
999 197
1 198
999 198
1 199
999 199
1 200
999 200
1 201
999 201
1 202
999 202
1 203
999 203
1 204
999 204
1 205
999 205
1 206
999 206
1 207
999 207
1 208
999 208
1 209
999 209
1 210
999 210
1 211
999 211
1 212
999 212
1 213
999 213
1 214
999 214
1 215
999 215
1 216
999 216
1 217
999 217
1 218
999 218
1 219
999 219
1 220
999 220
1 221
999 221
1 222
999 222
1 223
999 223
1 224
999 224
1 225
999 225
1 226
999 226
1 227
999 227
1 228
999 228
1 229
999 229
1 230
999 230
1 231
999 231
1 232
999 232
1 233
999 233
1 234
999 234
1 235
999 235
1 236
999 236
1 237
999 237
1 238
999 238
1 239
999 239
1 240
999 240
1 241
999 241
1 242
999 242
1 243
999 243
1 244
999 244
1 245
999 245
1 246
999 246
1 247
999 247
1 248
999 248
1 249
999 249
1 250
999 250
1 251
999 251
1 252
999 252
1 253
999 253
1 254
999 254
1 255
999 255
1 256
999 256
1 257
999 257
1 258
999 258
1 259
999 259
1 260
999 260
1 261
999 261
1 262
999 262
1 263
999 263
1 264
999 264
1 265
999 265
1 266
999 266
1 267
999 267
1 268
999 268
1 269
999 269
1 270
999 270
1 271
999 271
1 272
999 272
1 273
999 273
1 274
999 274
1 275
999 275
1 276
999 276
1 277
999 277
1 278
999 278
1 279
999 279
1 280
999 280
1 281
999 281
1 282
999 282
1 283
999 283
1 284
999 284
1 285
999 285
1 286
999 286
1 287
999 287
1 288
999 288
1 289
999 289
1 290
999 290
1 291
999 291
1 292
999 292
1 293
999 293
1 294
999 294
1 295
999 295
1 296
999 296
1 297
999 297
1 298
999 298
1 299
999 299
1 300
999 300
1 301
999 301
1 302
999 302
1 303
999 303
1 304
999 304
1 305
999 305
1 306
999 306
1 307
999 307
1 308
999 308
1 309
999 309
1 310
999 310
1 311
999 311
1 312
999 312
1 313
999 313
1 314
999 314
1 315
999 315
1 316
999 316
1 317
999 317
1 318
999 318
1 319
999 319
1 320
999 320
1 321
999 321
1 322
999 322
1 323
999 323
1 324
999 324
1 325
999 325
1 326
999 326
1 327
999 327
1 328
999 328
1 329
999 329
1 330
999 330
1 331
999 331
1 332
999 332
1 333
999 333
1 334
999 334
1 335
999 335
1 336
999 336
1 337
999 337
1 338
999 338
1 339
999 339
1 340
999 340
1 341
999 341
1 342
999 342
1 343
999 343
1 344
999 344
1 345
999 345
1 346
999 346
1 347
999 347
1 348
999 348
1 349
999 349
1 350
999 350
1 351
999 351
1 352
999 352
1 353
999 353
1 354
999 354
1 355
999 355
1 356
999 356
1 357
999 357
1 358
999 358
1 359
999 359
1 360
999 360
1 361
999 361
1 362
999 362
1 363
999 363
1 364
999 364
1 365
999 365
1 366
999 366
1 367
999 367
1 368
999 368
1 369
999 369
1 370
999 370
1 371
999 371
1 372
999 372
1 373
999 373
1 374
999 374
1 375
999 375
1 376
999 376
1 377
999 377
1 378
999 378
1 379
999 379
1 380
999 380
1 381
999 381
1 382
999 382
1 383
999 383
1 384
999 384
1 385
999 385
1 386
999 386
1 387
999 387
1 388
999 388
1 389
999 389
1 390
999 390
1 391
999 391
1 392
999 392
1 393
999 393
1 394
999 394
1 395
999 395
1 396
999 396
1 397
999 397
1 398
999 398
1 399
999 399
1 400
999 400
1 401
999 401
1 402
999 402
1 403
999 403
1 404
999 404
1 405
999 405
1 406
999 406
1 407
999 407
1 408
999 408
1 409
999 409
1 410
999 410
1 411
999 411
1 412
999 412
1 413
999 413
1 414
999 414
1 415
999 415
1 416
999 416
1 417
999 417
1 418
999 418
1 419
999 419
1 420
999 420
1 421
999 421
1 422
999 422
1 423
999 423
1 424
999 424
1 425
999 425
1 426
999 426
1 427
999 427
1 428
999 428
1 429
999 429
1 430
999 430
1 431
999 431
1 432
999 432
1 433
999 433
1 434
999 434
1 435
999 435
1 436
999 436
1 437
999 437
1 438
999 438
1 439
999 439
1 440
999 440
1 441
999 441
1 442
999 442
1 443
999 443
1 444
999 444
1 445
999 445
1 446
999 446
1 447
999 447
1 448
999 448
1 449
999 449
1 450
999 450
1 451
999 451
1 452
999 452
1 453
999 453
1 454
999 454
1 455
999 455
1 456
999 456
1 457
999 457
1 458
999 458
1 459
999 459
1 460
999 460
1 461
999 461
1 462
999 462
1 463
999 463
1 464
999 464
1 465
999 465
1 466
999 466
1 467
999 467
1 468
999 468
1 469
999 469
1 470
999 470
1 471
999 471
1 472
999 472
1 473
999 473
1 474
999 474
1 475
999 475
1 476
999 476
1 477
999 477
1 478
999 478
1 479
999 479
1 480
999 480
1 481
999 481
1 482
999 482
1 483
999 483
1 484
999 484
1 485
999 485
1 486
999 486
1 487
999 487
1 488
999 488
1 489
999 489
1 490
999 490
1 491
999 491
1 492
999 492
1 493
999 493
1 494
999 494
1 495
999 495
1 496
999 496
1 497
999 497
1 498
999 498
1 499
999 499
1 500
999 500
1 501
999 501
1 502
999 502
1 503
999 503
1 504
999 504
1 505
999 505
1 506
999 506
1 507
999 507
1 508
999 508
1 509
999 509
1 510
999 510
1 511
999 511
1 512
999 512
1 513
999 513
1 514
999 514
1 515
999 515
1 516
999 516
1 517
999 517
1 518
999 518
1 519
999 519
1 520
999 520
1 521
999 521
1 522
999 522
1 523
999 523
1 524
999 524
1 525
999 525
1 526
999 526
1 527
999 527
1 528
999 528
1 529
999 529
1 530
999 530
1 531
999 531
1 532
999 532
1 533
999 533
1 534
999 534
1 535
999 535
1 536
999 536
1 537
999 537
1 538
999 538
1 539
999 539
1 540
999 540
1 541
999 541
1 542
999 542
1 543
999 543
1 544
999 544
1 545
999 545
1 546
999 546
1 547
999 547
1 548
999 548
1 549
999 549
1 550
999 550
1 551
999 551
1 552
999 552
1 553
999 553
1 554
999 554
1 555
999 555
1 556
999 556
1 557
999 557
1 558
999 558
1 559
999 559
1 560
999 560
1 561
999 561
1 562
999 562
1 563
999 563
1 564
999 564
1 565
999 565
1 566
999 566
1 567
999 567
1 568
999 568
1 569
999 569
1 570
999 570
1 571
999 571
1 572
999 572
1 573
999 573
1 574
999 574
1 575
999 575
1 576
999 576
1 577
999 577
1 578
999 578
1 579
999 579
1 580
999 580
1 581
999 581
1 582
999 582
1 583
999 583
1 584
999 584
1 585
999 585
1 586
999 586
1 587
999 587
1 588
999 588
1 589
999 589
1 590
999 590
1 591
999 591
1 592
999 592
1 593
999 593
1 594
999 594
1 595
999 595
1 596
999 596
1 597
999 597
1 598
999 598
1 599
999 599
1 600
999 600
1 601
999 601
1 602
999 602
1 603
999 603
1 604
999 604
1 605
999 605
1 606
999 606
1 607
999 607
1 608
999 608
1 609
999 609
1 610
999 610
1 611
999 611
1 612
999 612
1 613
999 613
1 614
999 614
1 615
999 615
1 616
999 616
1 617
999 617
1 618
999 618
1 619
999 619
1 620
999 620
1 621
999 621
1 622
999 622
1 623
999 623
1 624
999 624
1 625
999 625
1 626
999 626
1 627
999 627
1 628
999 628
1 629
999 629
1 630
999 630
1 631
999 631
1 632
999 632
1 633
999 633
1 634
999 634
1 635
999 635
1 636
999 636
1 637
999 637
1 638
999 638
1 639
999 639
1 640
999 640
1 641
999 641
1 642
999 642
1 643
999 643
1 644
999 644
1 645
999 645
1 646
999 646
1 647
999 647
1 648
999 648
1 649
999 649
1 650
999 650
1 651
999 651
1 652
999 652
1 653
999 653
1 654
999 654
1 655
999 655
1 656
999 656
1 657
999 657
1 658
999 658
1 659
999 659
1 660
999 660
1 661
999 661
1 662
999 662
1 663
999 663
1 664
999 664
1 665
999 665
1 666
999 666
1 667
999 667
1 668
999 668
1 669
999 669
1 670
999 670
1 671
999 671
1 672
999 672
1 673
999 673
1 674
999 674
1 675
999 675
1 676
999 676
1 677
999 677
1 678
999 678
1 679
999 679
1 680
999 680
1 681
999 681
1 682
999 682
1 683
999 683
1 684
999 684
1 685
999 685
1 686
999 686
1 687
999 687
1 688
999 688
1 689
999 689
1 690
999 690
1 691
999 691
1 692
999 692
1 693
999 693
1 694
999 694
1 695
999 695
1 696
999 696
1 697
999 697
1 698
999 698
1 699
999 699
1 700
999 700
1 701
999 701
1 702
999 702
1 703
999 703
1 704
999 704
1 705
999 705
1 706
999 706
1 707
999 707
1 708
999 708
1 709
999 709
1 710
999 710
1 711
999 711
1 712
999 712
1 713
999 713
1 714
999 714
1 715
999 715
1 716
999 716
1 717
999 717
1 718
999 718
1 719
999 719
1 720
999 720
1 721
999 721
1 722
999 722
1 723
999 723
1 724
999 724
1 725
999 725
1 726
999 726
1 727
999 727
1 728
999 728
1 729
999 729
1 730
999 730
1 731
999 731
1 732
999 732
1 733
999 733
1 734
999 734
1 735
999 735
1 736
999 736
1 737
999 737
1 738
999 738
1 739
999 739
1 740
999 740
1 741
999 741
1 742
999 742
1 743
999 743
1 744
999 744
1 745
999 745
1 746
999 746
1 747
999 747
1 748
999 748
1 749
999 749
1 750
999 750
1 751
999 751
1 752
999 752
1 753
999 753
1 754
999 754
1 755
999 755
1 756
999 756
1 757
999 757
1 758
999 758
1 759
999 759
1 760
999 760
1 761
999 761
1 762
999 762
1 763
999 763
1 764
999 764
1 765
999 765
1 766
999 766
1 767
999 767
1 768
999 768
1 769
999 769
1 770
999 770
1 771
999 771
1 772
999 772
1 773
999 773
1 774
999 774
1 775
999 775
1 776
999 776
1 777
999 777
1 778
999 778
1 779
999 779
1 780
999 780
1 781
999 781
1 782
999 782
1 783
999 783
1 784
999 784
1 785
999 785
1 786
999 786
1 787
999 787
1 788
999 788
1 789
999 789
1 790
999 790
1 791
999 791
1 792
999 792
1 793
999 793
1 794
999 794
1 795
999 795
1 796
999 796
1 797
999 797
1 798
999 798
1 799
999 799
1 800
999 800
1 801
999 801
1 802
999 802
1 803
999 803
1 804
999 804
1 805
999 805
1 806
999 806
1 807
999 807
1 808
999 808
1 809
999 809
1 810
999 810
1 811
999 811
1 812
999 812
1 813
999 813
1 814
999 814
1 815
999 815
1 816
999 816
1 817
999 817
1 818
999 818
1 819
999 819
1 820
999 820
1 821
999 821
1 822
999 822
1 823
999 823
1 824
999 824
1 825
999 825
1 826
999 826
1 827
999 827
1 828
999 828
1 829
999 829
1 830
999 830
1 831
999 831
1 832
999 832
1 833
999 833
1 834
999 834
1 835
999 835
1 836
999 836
1 837
999 837
1 838
999 838
1 839
999 839
1 840
999 840
1 841
999 841
1 842
999 842
1 843
999 843
1 844
999 844
1 845
999 845
1 846
999 846
1 847
999 847
1 848
999 848
1 849
999 849
1 850
999 850
1 851
999 851
1 852
999 852
1 853
999 853
1 854
999 854
1 855
999 855
1 856
999 856
1 857
999 857
1 858
999 858
1 859
999 859
1 860
999 860
1 861
999 861
1 862
999 862
1 863
999 863
1 864
999 864
1 865
999 865
1 866
999 866
1 867
999 867
1 868
999 868
1 869
999 869
1 870
999 870
1 871
999 871
1 872
999 872
1 873
999 873
1 874
999 874
1 875
999 875
1 876
999 876
1 877
999 877
1 878
999 878
1 879
999 879
1 880
999 880
1 881
999 881
1 882
999 882
1 883
999 883
1 884
999 884
1 885
999 885
1 886
999 886
1 887
999 887
1 888
999 888
1 889
999 889
1 890
999 890
1 891
999 891
1 892
999 892
1 893
999 893
1 894
999 894
1 895
999 895
1 896
999 896
1 897
999 897
1 898
999 898
1 899
999 899
1 900
999 900
1 901
999 901
1 902
999 902
1 903
999 903
1 904
999 904
1 905
999 905
1 906
999 906
1 907
999 907
1 908
999 908
1 909
999 909
1 910
999 910
1 911
999 911
1 912
999 912
1 913
999 913
1 914
999 914
1 915
999 915
1 916
999 916
1 917
999 917
1 918
999 918
1 919
999 919
1 920
999 920
1 921
999 921
1 922
999 922
1 923
999 923
1 924
999 924
1 925
999 925
1 926
999 926
1 927
999 927
1 928
999 928
1 929
999 929
1 930
999 930
1 931
999 931
1 932
999 932
1 933
999 933
1 934
999 934
1 935
999 935
1 936
999 936
1 937
999 937
1 938
999 938
1 939
999 939
1 940
999 940
1 941
999 941
1 942
999 942
1 943
999 943
1 944
999 944
1 945
999 945
1 946
999 946
1 947
999 947
1 948
999 948
1 949
999 949
1 950
999 950
1 951
999 951
1 952
999 952
1 953
999 953
1 954
999 954
1 955
999 955
1 956
999 956
1 957
999 957
1 958
999 958
1 959
999 959
1 960
999 960
1 961
999 961
1 962
999 962
1 963
999 963
1 964
999 964
1 965
999 965
1 966
999 966
1 967
999 967
1 968
999 968
1 969
999 969
1 970
999 970
1 971
999 971
1 972
999 972
1 973
999 973
1 974
999 974
1 975
999 975
1 976
999 976
1 977
999 977
1 978
999 978
1 979
999 979
1 980
999 980
1 981
999 981
1 982
999 982
1 983
999 983
1 984
999 984
1 985
999 985
1 986
999 986
1 987
999 987
1 988
999 988
1 989
999 989
1 990
999 990
1 991
999 991
1 992
999 992
1 993
999 993
1 994
999 994
1 995
999 995
1 996
999 996
1 997
999 997
1 998
999 998
1 999
999 999
