2000 1000 1000
0 0
0 999
1 1
1 998
2 2
2 997
3 3
3 996
4 4
4 995
5 5
5 994
6 6
6 993
7 7
7 992
8 8
8 991
9 9
9 990
10 10
10 989
11 11
11 988
12 12
12 987
13 13
13 986
14 14
14 985
15 15
15 984
16 16
16 983
17 17
17 982
18 18
18 981
19 19
19 980
20 20
20 979
21 21
21 978
22 22
22 977
23 23
23 976
24 24
24 975
25 25
25 974
26 26
26 973
27 27
27 972
28 28
28 971
29 29
29 970
30 30
30 969
31 31
31 968
32 32
32 967
33 33
33 966
34 34
34 965
35 35
35 964
36 36
36 963
37 37
37 962
38 38
38 961
39 39
39 960
40 40
40 959
41 41
41 958
42 42
42 957
43 43
43 956
44 44
44 955
45 45
45 954
46 46
46 953
47 47
47 952
48 48
48 951
49 49
49 950
50 50
50 949
51 51
51 948
52 52
52 947
53 53
53 946
54 54
54 945
55 55
55 944
56 56
56 943
57 57
57 942
58 58
58 941
59 59
59 940
60 60
60 939
61 61
61 938
62 62
62 937
63 63
63 936
64 64
64 935
65 65
65 934
66 66
66 933
67 67
67 932
68 68
68 931
69 69
69 930
70 70
70 929
71 71
71 928
72 72
72 927
73 73
73 926
74 74
74 925
75 75
75 924
76 76
76 923
77 77
77 922
78 78
78 921
79 79
79 920
80 80
80 919
81 81
81 918
82 82
82 917
83 83
83 916
84 84
84 915
85 85
85 914
86 86
86 913
87 87
87 912
88 88
88 911
89 89
89 910
90 90
90 909
91 91
91 908
92 92
92 907
93 93
93 906
94 94
94 905
95 95
95 904
96 96
96 903
97 97
97 902
98 98
98 901
99 99
99 900
100 100
100 899
101 101
101 898
102 102
102 897
103 103
103 896
104 104
104 895
105 105
105 894
106 106
106 893
107 107
107 892
108 108
108 891
109 109
109 890
110 110
110 889
111 111
111 888
112 112
112 887
113 113
113 886
114 114
114 885
115 115
115 884
116 116
116 883
117 117
117 882
118 118
118 881
119 119
119 880
120 120
120 879
121 121
121 878
122 122
122 877
123 123
123 876
124 124
124 875
125 125
125 874
126 126
126 873
127 127
127 872
128 128
128 871
129 129
129 870
130 130
130 869
131 131
131 868
132 132
132 867
133 133
133 866
134 134
134 865
135 135
135 864
136 136
136 863
137 137
137 862
138 138
138 861
139 139
139 860
140 140
140 859
141 141
141 858
142 142
142 857
143 143
143 856
144 144
144 855
145 145
145 854
146 146
146 853
147 147
147 852
148 148
148 851
149 149
149 850
150 150
150 849
151 151
151 848
152 152
152 847
153 153
153 846
154 154
154 845
155 155
155 844
156 156
156 843
157 157
157 842
158 158
158 841
159 159
159 840
160 160
160 839
161 161
161 838
162 162
162 837
163 163
163 836
164 164
164 835
165 165
165 834
166 166
166 833
167 167
167 832
168 168
168 831
169 169
169 830
170 170
170 829
171 171
171 828
172 172
172 827
173 173
173 826
174 174
174 825
175 175
175 824
176 176
176 823
177 177
177 822
178 178
178 821
179 179
179 820
180 180
180 819
181 181
181 818
182 182
182 817
183 183
183 816
184 184
184 815
185 185
185 814
186 186
186 813
187 187
187 812
188 188
188 811
189 189
189 810
190 190
190 809
191 191
191 808
192 192
192 807
193 193
193 806
194 194
194 805
195 195
195 804
196 196
196 803
197 197
197 802
198 198
198 801
199 199
199 800
200 200
200 799
201 201
201 798
202 202
202 797
203 203
203 796
204 204
204 795
205 205
205 794
206 206
206 793
207 207
207 792
208 208
208 791
209 209
209 790
210 210
210 789
211 211
211 788
212 212
212 787
213 213
213 786
214 214
214 785
215 215
215 784
216 216
216 783
217 217
217 782
218 218
218 781
219 219
219 780
220 220
220 779
221 221
221 778
222 222
222 777
223 223
223 776
224 224
224 775
225 225
225 774
226 226
226 773
227 227
227 772
228 228
228 771
229 229
229 770
230 230
230 769
231 231
231 768
232 232
232 767
233 233
233 766
234 234
234 765
235 235
235 764
236 236
236 763
237 237
237 762
238 238
238 761
239 239
239 760
240 240
240 759
241 241
241 758
242 242
242 757
243 243
243 756
244 244
244 755
245 245
245 754
246 246
246 753
247 247
247 752
248 248
248 751
249 249
249 750
250 250
250 749
251 251
251 748
252 252
252 747
253 253
253 746
254 254
254 745
255 255
255 744
256 256
256 743
257 257
257 742
258 258
258 741
259 259
259 740
260 260
260 739
261 261
261 738
262 262
262 737
263 263
263 736
264 264
264 735
265 265
265 734
266 266
266 733
267 267
267 732
268 268
268 731
269 269
269 730
270 270
270 729
271 271
271 728
272 272
272 727
273 273
273 726
274 274
274 725
275 275
275 724
276 276
276 723
277 277
277 722
278 278
278 721
279 279
279 720
280 280
280 719
281 281
281 718
282 282
282 717
283 283
283 716
284 284
284 715
285 285
285 714
286 286
286 713
287 287
287 712
288 288
288 711
289 289
289 710
290 290
290 709
291 291
291 708
292 292
292 707
293 293
293 706
294 294
294 705
295 295
295 704
296 296
296 703
297 297
297 702
298 298
298 701
299 299
299 700
300 300
300 699
301 301
301 698
302 302
302 697
303 303
303 696
304 304
304 695
305 305
305 694
306 306
306 693
307 307
307 692
308 308
308 691
309 309
309 690
310 310
310 689
311 311
311 688
312 312
312 687
313 313
313 686
314 314
314 685
315 315
315 684
316 316
316 683
317 317
317 682
318 318
318 681
319 319
319 680
320 320
320 679
321 321
321 678
322 322
322 677
323 323
323 676
324 324
324 675
325 325
325 674
326 326
326 673
327 327
327 672
328 328
328 671
329 329
329 670
330 330
330 669
331 331
331 668
332 332
332 667
333 333
333 666
334 334
334 665
335 335
335 664
336 336
336 663
337 337
337 662
338 338
338 661
339 339
339 660
340 340
340 659
341 341
341 658
342 342
342 657
343 343
343 656
344 344
344 655
345 345
345 654
346 346
346 653
347 347
347 652
348 348
348 651
349 349
349 650
350 350
350 649
351 351
351 648
352 352
352 647
353 353
353 646
354 354
354 645
355 355
355 644
356 356
356 643
357 357
357 642
358 358
358 641
359 359
359 640
360 360
360 639
361 361
361 638
362 362
362 637
363 363
363 636
364 364
364 635
365 365
365 634
366 366
366 633
367 367
367 632
368 368
368 631
369 369
369 630
370 370
370 629
371 371
371 628
372 372
372 627
373 373
373 626
374 374
374 625
375 375
375 624
376 376
376 623
377 377
377 622
378 378
378 621
379 379
379 620
380 380
380 619
381 381
381 618
382 382
382 617
383 383
383 616
384 384
384 615
385 385
385 614
386 386
386 613
387 387
387 612
388 388
388 611
389 389
389 610
390 390
390 609
391 391
391 608
392 392
392 607
393 393
393 606
394 394
394 605
395 395
395 604
396 396
396 603
397 397
397 602
398 398
398 601
399 399
399 600
400 400
400 599
401 401
401 598
402 402
402 597
403 403
403 596
404 404
404 595
405 405
405 594
406 406
406 593
407 407
407 592
408 408
408 591
409 409
409 590
410 410
410 589
411 411
411 588
412 412
412 587
413 413
413 586
414 414
414 585
415 415
415 584
416 416
416 583
417 417
417 582
418 418
418 581
419 419
419 580
420 420
420 579
421 421
421 578
422 422
422 577
423 423
423 576
424 424
424 575
425 425
425 574
426 426
426 573
427 427
427 572
428 428
428 571
429 429
429 570
430 430
430 569
431 431
431 568
432 432
432 567
433 433
433 566
434 434
434 565
435 435
435 564
436 436
436 563
437 437
437 562
438 438
438 561
439 439
439 560
440 440
440 559
441 441
441 558
442 442
442 557
443 443
443 556
444 444
444 555
445 445
445 554
446 446
446 553
447 447
447 552
448 448
448 551
449 449
449 550
450 450
450 549
451 451
451 548
452 452
452 547
453 453
453 546
454 454
454 545
455 455
455 544
456 456
456 543
457 457
457 542
458 458
458 541
459 459
459 540
460 460
460 539
461 461
461 538
462 462
462 537
463 463
463 536
464 464
464 535
465 465
465 534
466 466
466 533
467 467
467 532
468 468
468 531
469 469
469 530
470 470
470 529
471 471
471 528
472 472
472 527
473 473
473 526
474 474
474 525
475 475
475 524
476 476
476 523
477 477
477 522
478 478
478 521
479 479
479 520
480 480
480 519
481 481
481 518
482 482
482 517
483 483
483 516
484 484
484 515
485 485
485 514
486 486
486 513
487 487
487 512
488 488
488 511
489 489
489 510
490 490
490 509
491 491
491 508
492 492
492 507
493 493
493 506
494 494
494 505
495 495
495 504
496 496
496 503
497 497
497 502
498 498
498 501
499 499
499 500
500 500
500 499
501 501
501 498
502 502
502 497
503 503
503 496
504 504
504 495
505 505
505 494
506 506
506 493
507 507
507 492
508 508
508 491
509 509
509 490
510 510
510 489
511 511
511 488
512 512
512 487
513 513
513 486
514 514
514 485
515 515
515 484
516 516
516 483
517 517
517 482
518 518
518 481
519 519
519 480
520 520
520 479
521 521
521 478
522 522
522 477
523 523
523 476
524 524
524 475
525 525
525 474
526 526
526 473
527 527
527 472
528 528
528 471
529 529
529 470
530 530
530 469
531 531
531 468
532 532
532 467
533 533
533 466
534 534
534 465
535 535
535 464
536 536
536 463
537 537
537 462
538 538
538 461
539 539
539 460
540 540
540 459
541 541
541 458
542 542
542 457
543 543
543 456
544 544
544 455
545 545
545 454
546 546
546 453
547 547
547 452
548 548
548 451
549 549
549 450
550 550
550 449
551 551
551 448
552 552
552 447
553 553
553 446
554 554
554 445
555 555
555 444
556 556
556 443
557 557
557 442
558 558
558 441
559 559
559 440
560 560
560 439
561 561
561 438
562 562
562 437
563 563
563 436
564 564
564 435
565 565
565 434
566 566
566 433
567 567
567 432
568 568
568 431
569 569
569 430
570 570
570 429
571 571
571 428
572 572
572 427
573 573
573 426
574 574
574 425
575 575
575 424
576 576
576 423
577 577
577 422
578 578
578 421
579 579
579 420
580 580
580 419
581 581
581 418
582 582
582 417
583 583
583 416
584 584
584 415
585 585
585 414
586 586
586 413
587 587
587 412
588 588
588 411
589 589
589 410
590 590
590 409
591 591
591 408
592 592
592 407
593 593
593 406
594 594
594 405
595 595
595 404
596 596
596 403
597 597
597 402
598 598
598 401
599 599
599 400
600 600
600 399
601 601
601 398
602 602
602 397
603 603
603 396
604 604
604 395
605 605
605 394
606 606
606 393
607 607
607 392
608 608
608 391
609 609
609 390
610 610
610 389
611 611
611 388
612 612
612 387
613 613
613 386
614 614
614 385
615 615
615 384
616 616
616 383
617 617
617 382
618 618
618 381
619 619
619 380
620 620
620 379
621 621
621 378
622 622
622 377
623 623
623 376
624 624
624 375
625 625
625 374
626 626
626 373
627 627
627 372
628 628
628 371
629 629
629 370
630 630
630 369
631 631
631 368
632 632
632 367
633 633
633 366
634 634
634 365
635 635
635 364
636 636
636 363
637 637
637 362
638 638
638 361
639 639
639 360
640 640
640 359
641 641
641 358
642 642
642 357
643 643
643 356
644 644
644 355
645 645
645 354
646 646
646 353
647 647
647 352
648 648
648 351
649 649
649 350
650 650
650 349
651 651
651 348
652 652
652 347
653 653
653 346
654 654
654 345
655 655
655 344
656 656
656 343
657 657
657 342
658 658
658 341
659 659
659 340
660 660
660 339
661 661
661 338
662 662
662 337
663 663
663 336
664 664
664 335
665 665
665 334
666 666
666 333
667 667
667 332
668 668
668 331
669 669
669 330
670 670
670 329
671 671
671 328
672 672
672 327
673 673
673 326
674 674
674 325
675 675
675 324
676 676
676 323
677 677
677 322
678 678
678 321
679 679
679 320
680 680
680 319
681 681
681 318
682 682
682 317
683 683
683 316
684 684
684 315
685 685
685 314
686 686
686 313
687 687
687 312
688 688
688 311
689 689
689 310
690 690
690 309
691 691
691 308
692 692
692 307
693 693
693 306
694 694
694 305
695 695
695 304
696 696
696 303
697 697
697 302
698 698
698 301
699 699
699 300
700 700
700 299
701 701
701 298
702 702
702 297
703 703
703 296
704 704
704 295
705 705
705 294
706 706
706 293
707 707
707 292
708 708
708 291
709 709
709 290
710 710
710 289
711 711
711 288
712 712
712 287
713 713
713 286
714 714
714 285
715 715
715 284
716 716
716 283
717 717
717 282
718 718
718 281
719 719
719 280
720 720
720 279
721 721
721 278
722 722
722 277
723 723
723 276
724 724
724 275
725 725
725 274
726 726
726 273
727 727
727 272
728 728
728 271
729 729
729 270
730 730
730 269
731 731
731 268
732 732
732 267
733 733
733 266
734 734
734 265
735 735
735 264
736 736
736 263
737 737
737 262
738 738
738 261
739 739
739 260
740 740
740 259
741 741
741 258
742 742
742 257
743 743
743 256
744 744
744 255
745 745
745 254
746 746
746 253
747 747
747 252
748 748
748 251
749 749
749 250
750 750
750 249
751 751
751 248
752 752
752 247
753 753
753 246
754 754
754 245
755 755
755 244
756 756
756 243
757 757
757 242
758 758
758 241
759 759
759 240
760 760
760 239
761 761
761 238
762 762
762 237
763 763
763 236
764 764
764 235
765 765
765 234
766 766
766 233
767 767
767 232
768 768
768 231
769 769
769 230
770 770
770 229
771 771
771 228
772 772
772 227
773 773
773 226
774 774
774 225
775 775
775 224
776 776
776 223
777 777
777 222
778 778
778 221
779 779
779 220
780 780
780 219
781 781
781 218
782 782
782 217
783 783
783 216
784 784
784 215
785 785
785 214
786 786
786 213
787 787
787 212
788 788
788 211
789 789
789 210
790 790
790 209
791 791
791 208
792 792
792 207
793 793
793 206
794 794
794 205
795 795
795 204
796 796
796 203
797 797
797 202
798 798
798 201
799 799
799 200
800 800
800 199
801 801
801 198
802 802
802 197
803 803
803 196
804 804
804 195
805 805
805 194
806 806
806 193
807 807
807 192
808 808
808 191
809 809
809 190
810 810
810 189
811 811
811 188
812 812
812 187
813 813
813 186
814 814
814 185
815 815
815 184
816 816
816 183
817 817
817 182
818 818
818 181
819 819
819 180
820 820
820 179
821 821
821 178
822 822
822 177
823 823
823 176
824 824
824 175
825 825
825 174
826 826
826 173
827 827
827 172
828 828
828 171
829 829
829 170
830 830
830 169
831 831
831 168
832 832
832 167
833 833
833 166
834 834
834 165
835 835
835 164
836 836
836 163
837 837
837 162
838 838
838 161
839 839
839 160
840 840
840 159
841 841
841 158
842 842
842 157
843 843
843 156
844 844
844 155
845 845
845 154
846 846
846 153
847 847
847 152
848 848
848 151
849 849
849 150
850 850
850 149
851 851
851 148
852 852
852 147
853 853
853 146
854 854
854 145
855 855
855 144
856 856
856 143
857 857
857 142
858 858
858 141
859 859
859 140
860 860
860 139
861 861
861 138
862 862
862 137
863 863
863 136
864 864
864 135
865 865
865 134
866 866
866 133
867 867
867 132
868 868
868 131
869 869
869 130
870 870
870 129
871 871
871 128
872 872
872 127
873 873
873 126
874 874
874 125
875 875
875 124
876 876
876 123
877 877
877 122
878 878
878 121
879 879
879 120
880 880
880 119
881 881
881 118
882 882
882 117
883 883
883 116
884 884
884 115
885 885
885 114
886 886
886 113
887 887
887 112
888 888
888 111
889 889
889 110
890 890
890 109
891 891
891 108
892 892
892 107
893 893
893 106
894 894
894 105
895 895
895 104
896 896
896 103
897 897
897 102
898 898
898 101
899 899
899 100
900 900
900 99
901 901
901 98
902 902
902 97
903 903
903 96
904 904
904 95
905 905
905 94
906 906
906 93
907 907
907 92
908 908
908 91
909 909
909 90
910 910
910 89
911 911
911 88
912 912
912 87
913 913
913 86
914 914
914 85
915 915
915 84
916 916
916 83
917 917
917 82
918 918
918 81
919 919
919 80
920 920
920 79
921 921
921 78
922 922
922 77
923 923
923 76
924 924
924 75
925 925
925 74
926 926
926 73
927 927
927 72
928 928
928 71
929 929
929 70
930 930
930 69
931 931
931 68
932 932
932 67
933 933
933 66
934 934
934 65
935 935
935 64
936 936
936 63
937 937
937 62
938 938
938 61
939 939
939 60
940 940
940 59
941 941
941 58
942 942
942 57
943 943
943 56
944 944
944 55
945 945
945 54
946 946
946 53
947 947
947 52
948 948
948 51
949 949
949 50
950 950
950 49
951 951
951 48
952 952
952 47
953 953
953 46
954 954
954 45
955 955
955 44
956 956
956 43
957 957
957 42
958 958
958 41
959 959
959 40
960 960
960 39
961 961
961 38
962 962
962 37
963 963
963 36
964 964
964 35
965 965
965 34
966 966
966 33
967 967
967 32
968 968
968 31
969 969
969 30
970 970
970 29
971 971
971 28
972 972
972 27
973 973
973 26
974 974
974 25
975 975
975 24
976 976
976 23
977 977
977 22
978 978
978 21
979 979
979 20
980 980
980 19
981 981
981 18
982 982
982 17
983 983
983 16
984 984
984 15
985 985
985 14
986 986
986 13
987 987
987 12
988 988
988 11
989 989
989 10
990 990
990 9
991 991
991 8
992 992
992 7
993 993
993 6
994 994
994 5
995 995
995 4
996 996
996 3
997 997
997 2
998 998
998 1
999 999
999 0
