2000 1000 1000
500 0
0 500
500 1
1 500
500 2
2 500
500 3
3 500
500 4
4 500
500 5
5 500
500 6
6 500
500 7
7 500
500 8
8 500
500 9
9 500
500 10
10 500
500 11
11 500
500 12
12 500
500 13
13 500
500 14
14 500
500 15
15 500
500 16
16 500
500 17
17 500
500 18
18 500
500 19
19 500
500 20
20 500
500 21
21 500
500 22
22 500
500 23
23 500
500 24
24 500
500 25
25 500
500 26
26 500
500 27
27 500
500 28
28 500
500 29
29 500
500 30
30 500
500 31
31 500
500 32
32 500
500 33
33 500
500 34
34 500
500 35
35 500
500 36
36 500
500 37
37 500
500 38
38 500
500 39
39 500
500 40
40 500
500 41
41 500
500 42
42 500
500 43
43 500
500 44
44 500
500 45
45 500
500 46
46 500
500 47
47 500
500 48
48 500
500 49
49 500
500 50
50 500
500 51
51 500
500 52
52 500
500 53
53 500
500 54
54 500
500 55
55 500
500 56
56 500
500 57
57 500
500 58
58 500
500 59
59 500
500 60
60 500
500 61
61 500
500 62
62 500
500 63
63 500
500 64
64 500
500 65
65 500
500 66
66 500
500 67
67 500
500 68
68 500
500 69
69 500
500 70
70 500
500 71
71 500
500 72
72 500
500 73
73 500
500 74
74 500
500 75
75 500
500 76
76 500
500 77
77 500
500 78
78 500
500 79
79 500
500 80
80 500
500 81
81 500
500 82
82 500
500 83
83 500
500 84
84 500
500 85
85 500
500 86
86 500
500 87
87 500
500 88
88 500
500 89
89 500
500 90
90 500
500 91
91 500
500 92
92 500
500 93
93 500
500 94
94 500
500 95
95 500
500 96
96 500
500 97
97 500
500 98
98 500
500 99
99 500
500 100
100 500
500 101
101 500
500 102
102 500
500 103
103 500
500 104
104 500
500 105
105 500
500 106
106 500
500 107
107 500
500 108
108 500
500 109
109 500
500 110
110 500
500 111
111 500
500 112
112 500
500 113
113 500
500 114
114 500
500 115
115 500
500 116
116 500
500 117
117 500
500 118
118 500
500 119
119 500
500 120
120 500
500 121
121 500
500 122
122 500
500 123
123 500
500 124
124 500
500 125
125 500
500 126
126 500
500 127
127 500
500 128
128 500
500 129
129 500
500 130
130 500
500 131
131 500
500 132
132 500
500 133
133 500
500 134
134 500
500 135
135 500
500 136
136 500
500 137
137 500
500 138
138 500
500 139
139 500
500 140
140 500
500 141
141 500
500 142
142 500
500 143
143 500
500 144
144 500
500 145
145 500
500 146
146 500
500 147
147 500
500 148
148 500
500 149
149 500
500 150
150 500
500 151
151 500
500 152
152 500
500 153
153 500
500 154
154 500
500 155
155 500
500 156
156 500
500 157
157 500
500 158
158 500
500 159
159 500
500 160
160 500
500 161
161 500
500 162
162 500
500 163
163 500
500 164
164 500
500 165
165 500
500 166
166 500
500 167
167 500
500 168
168 500
500 169
169 500
500 170
170 500
500 171
171 500
500 172
172 500
500 173
173 500
500 174
174 500
500 175
175 500
500 176
176 500
500 177
177 500
500 178
178 500
500 179
179 500
500 180
180 500
500 181
181 500
500 182
182 500
500 183
183 500
500 184
184 500
500 185
185 500
500 186
186 500
500 187
187 500
500 188
188 500
500 189
189 500
500 190
190 500
500 191
191 500
500 192
192 500
500 193
193 500
500 194
194 500
500 195
195 500
500 196
196 500
500 197
197 500
500 198
198 500
500 199
199 500
500 200
200 500
500 201
201 500
500 202
202 500
500 203
203 500
500 204
204 500
500 205
205 500
500 206
206 500
500 207
207 500
500 208
208 500
500 209
209 500
500 210
210 500
500 211
211 500
500 212
212 500
500 213
213 500
500 214
214 500
500 215
215 500
500 216
216 500
500 217
217 500
500 218
218 500
500 219
219 500
500 220
220 500
500 221
221 500
500 222
222 500
500 223
223 500
500 224
224 500
500 225
225 500
500 226
226 500
500 227
227 500
500 228
228 500
500 229
229 500
500 230
230 500
500 231
231 500
500 232
232 500
500 233
233 500
500 234
234 500
500 235
235 500
500 236
236 500
500 237
237 500
500 238
238 500
500 239
239 500
500 240
240 500
500 241
241 500
500 242
242 500
500 243
243 500
500 244
244 500
500 245
245 500
500 246
246 500
500 247
247 500
500 248
248 500
500 249
249 500
500 250
250 500
500 251
251 500
500 252
252 500
500 253
253 500
500 254
254 500
500 255
255 500
500 256
256 500
500 257
257 500
500 258
258 500
500 259
259 500
500 260
260 500
500 261
261 500
500 262
262 500
500 263
263 500
500 264
264 500
500 265
265 500
500 266
266 500
500 267
267 500
500 268
268 500
500 269
269 500
500 270
270 500
500 271
271 500
500 272
272 500
500 273
273 500
500 274
274 500
500 275
275 500
500 276
276 500
500 277
277 500
500 278
278 500
500 279
279 500
500 280
280 500
500 281
281 500
500 282
282 500
500 283
283 500
500 284
284 500
500 285
285 500
500 286
286 500
500 287
287 500
500 288
288 500
500 289
289 500
500 290
290 500
500 291
291 500
500 292
292 500
500 293
293 500
500 294
294 500
500 295
295 500
500 296
296 500
500 297
297 500
500 298
298 500
500 299
299 500
500 300
300 500
500 301
301 500
500 302
302 500
500 303
303 500
500 304
304 500
500 305
305 500
500 306
306 500
500 307
307 500
500 308
308 500
500 309
309 500
500 310
310 500
500 311
311 500
500 312
312 500
500 313
313 500
500 314
314 500
500 315
315 500
500 316
316 500
500 317
317 500
500 318
318 500
500 319
319 500
500 320
320 500
500 321
321 500
500 322
322 500
500 323
323 500
500 324
324 500
500 325
325 500
500 326
326 500
500 327
327 500
500 328
328 500
500 329
329 500
500 330
330 500
500 331
331 500
500 332
332 500
500 333
333 500
500 334
334 500
500 335
335 500
500 336
336 500
500 337
337 500
500 338
338 500
500 339
339 500
500 340
340 500
500 341
341 500
500 342
342 500
500 343
343 500
500 344
344 500
500 345
345 500
500 346
346 500
500 347
347 500
500 348
348 500
500 349
349 500
500 350
350 500
500 351
351 500
500 352
352 500
500 353
353 500
500 354
354 500
500 355
355 500
500 356
356 500
500 357
357 500
500 358
358 500
500 359
359 500
500 360
360 500
500 361
361 500
500 362
362 500
500 363
363 500
500 364
364 500
500 365
365 500
500 366
366 500
500 367
367 500
500 368
368 500
500 369
369 500
500 370
370 500
500 371
371 500
500 372
372 500
500 373
373 500
500 374
374 500
500 375
375 500
500 376
376 500
500 377
377 500
500 378
378 500
500 379
379 500
500 380
380 500
500 381
381 500
500 382
382 500
500 383
383 500
500 384
384 500
500 385
385 500
500 386
386 500
500 387
387 500
500 388
388 500
500 389
389 500
500 390
390 500
500 391
391 500
500 392
392 500
500 393
393 500
500 394
394 500
500 395
395 500
500 396
396 500
500 397
397 500
500 398
398 500
500 399
399 500
500 400
400 500
500 401
401 500
500 402
402 500
500 403
403 500
500 404
404 500
500 405
405 500
500 406
406 500
500 407
407 500
500 408
408 500
500 409
409 500
500 410
410 500
500 411
411 500
500 412
412 500
500 413
413 500
500 414
414 500
500 415
415 500
500 416
416 500
500 417
417 500
500 418
418 500
500 419
419 500
500 420
420 500
500 421
421 500
500 422
422 500
500 423
423 500
500 424
424 500
500 425
425 500
500 426
426 500
500 427
427 500
500 428
428 500
500 429
429 500
500 430
430 500
500 431
431 500
500 432
432 500
500 433
433 500
500 434
434 500
500 435
435 500
500 436
436 500
500 437
437 500
500 438
438 500
500 439
439 500
500 440
440 500
500 441
441 500
500 442
442 500
500 443
443 500
500 444
444 500
500 445
445 500
500 446
446 500
500 447
447 500
500 448
448 500
500 449
449 500
500 450
450 500
500 451
451 500
500 452
452 500
500 453
453 500
500 454
454 500
500 455
455 500
500 456
456 500
500 457
457 500
500 458
458 500
500 459
459 500
500 460
460 500
500 461
461 500
500 462
462 500
500 463
463 500
500 464
464 500
500 465
465 500
500 466
466 500
500 467
467 500
500 468
468 500
500 469
469 500
500 470
470 500
500 471
471 500
500 472
472 500
500 473
473 500
500 474
474 500
500 475
475 500
500 476
476 500
500 477
477 500
500 478
478 500
500 479
479 500
500 480
480 500
500 481
481 500
500 482
482 500
500 483
483 500
500 484
484 500
500 485
485 500
500 486
486 500
500 487
487 500
500 488
488 500
500 489
489 500
500 490
490 500
500 491
491 500
500 492
492 500
500 493
493 500
500 494
494 500
500 495
495 500
500 496
496 500
500 497
497 500
500 498
498 500
500 499
499 500
500 500
1000 500
500 501
501 500
500 502
502 500
500 503
503 500
500 504
504 500
500 505
505 500
500 506
506 500
500 507
507 500
500 508
508 500
500 509
509 500
500 510
510 500
500 511
511 500
500 512
512 500
500 513
513 500
500 514
514 500
500 515
515 500
500 516
516 500
500 517
517 500
500 518
518 500
500 519
519 500
500 520
520 500
500 521
521 500
500 522
522 500
500 523
523 500
500 524
524 500
500 525
525 500
500 526
526 500
500 527
527 500
500 528
528 500
500 529
529 500
500 530
530 500
500 531
531 500
500 532
532 500
500 533
533 500
500 534
534 500
500 535
535 500
500 536
536 500
500 537
537 500
500 538
538 500
500 539
539 500
500 540
540 500
500 541
541 500
500 542
542 500
500 543
543 500
500 544
544 500
500 545
545 500
500 546
546 500
500 547
547 500
500 548
548 500
500 549
549 500
500 550
550 500
500 551
551 500
500 552
552 500
500 553
553 500
500 554
554 500
500 555
555 500
500 556
556 500
500 557
557 500
500 558
558 500
500 559
559 500
500 560
560 500
500 561
561 500
500 562
562 500
500 563
563 500
500 564
564 500
500 565
565 500
500 566
566 500
500 567
567 500
500 568
568 500
500 569
569 500
500 570
570 500
500 571
571 500
500 572
572 500
500 573
573 500
500 574
574 500
500 575
575 500
500 576
576 500
500 577
577 500
500 578
578 500
500 579
579 500
500 580
580 500
500 581
581 500
500 582
582 500
500 583
583 500
500 584
584 500
500 585
585 500
500 586
586 500
500 587
587 500
500 588
588 500
500 589
589 500
500 590
590 500
500 591
591 500
500 592
592 500
500 593
593 500
500 594
594 500
500 595
595 500
500 596
596 500
500 597
597 500
500 598
598 500
500 599
599 500
500 600
600 500
500 601
601 500
500 602
602 500
500 603
603 500
500 604
604 500
500 605
605 500
500 606
606 500
500 607
607 500
500 608
608 500
500 609
609 500
500 610
610 500
500 611
611 500
500 612
612 500
500 613
613 500
500 614
614 500
500 615
615 500
500 616
616 500
500 617
617 500
500 618
618 500
500 619
619 500
500 620
620 500
500 621
621 500
500 622
622 500
500 623
623 500
500 624
624 500
500 625
625 500
500 626
626 500
500 627
627 500
500 628
628 500
500 629
629 500
500 630
630 500
500 631
631 500
500 632
632 500
500 633
633 500
500 634
634 500
500 635
635 500
500 636
636 500
500 637
637 500
500 638
638 500
500 639
639 500
500 640
640 500
500 641
641 500
500 642
642 500
500 643
643 500
500 644
644 500
500 645
645 500
500 646
646 500
500 647
647 500
500 648
648 500
500 649
649 500
500 650
650 500
500 651
651 500
500 652
652 500
500 653
653 500
500 654
654 500
500 655
655 500
500 656
656 500
500 657
657 500
500 658
658 500
500 659
659 500
500 660
660 500
500 661
661 500
500 662
662 500
500 663
663 500
500 664
664 500
500 665
665 500
500 666
666 500
500 667
667 500
500 668
668 500
500 669
669 500
500 670
670 500
500 671
671 500
500 672
672 500
500 673
673 500
500 674
674 500
500 675
675 500
500 676
676 500
500 677
677 500
500 678
678 500
500 679
679 500
500 680
680 500
500 681
681 500
500 682
682 500
500 683
683 500
500 684
684 500
500 685
685 500
500 686
686 500
500 687
687 500
500 688
688 500
500 689
689 500
500 690
690 500
500 691
691 500
500 692
692 500
500 693
693 500
500 694
694 500
500 695
695 500
500 696
696 500
500 697
697 500
500 698
698 500
500 699
699 500
500 700
700 500
500 701
701 500
500 702
702 500
500 703
703 500
500 704
704 500
500 705
705 500
500 706
706 500
500 707
707 500
500 708
708 500
500 709
709 500
500 710
710 500
500 711
711 500
500 712
712 500
500 713
713 500
500 714
714 500
500 715
715 500
500 716
716 500
500 717
717 500
500 718
718 500
500 719
719 500
500 720
720 500
500 721
721 500
500 722
722 500
500 723
723 500
500 724
724 500
500 725
725 500
500 726
726 500
500 727
727 500
500 728
728 500
500 729
729 500
500 730
730 500
500 731
731 500
500 732
732 500
500 733
733 500
500 734
734 500
500 735
735 500
500 736
736 500
500 737
737 500
500 738
738 500
500 739
739 500
500 740
740 500
500 741
741 500
500 742
742 500
500 743
743 500
500 744
744 500
500 745
745 500
500 746
746 500
500 747
747 500
500 748
748 500
500 749
749 500
500 750
750 500
500 751
751 500
500 752
752 500
500 753
753 500
500 754
754 500
500 755
755 500
500 756
756 500
500 757
757 500
500 758
758 500
500 759
759 500
500 760
760 500
500 761
761 500
500 762
762 500
500 763
763 500
500 764
764 500
500 765
765 500
500 766
766 500
500 767
767 500
500 768
768 500
500 769
769 500
500 770
770 500
500 771
771 500
500 772
772 500
500 773
773 500
500 774
774 500
500 775
775 500
500 776
776 500
500 777
777 500
500 778
778 500
500 779
779 500
500 780
780 500
500 781
781 500
500 782
782 500
500 783
783 500
500 784
784 500
500 785
785 500
500 786
786 500
500 787
787 500
500 788
788 500
500 789
789 500
500 790
790 500
500 791
791 500
500 792
792 500
500 793
793 500
500 794
794 500
500 795
795 500
500 796
796 500
500 797
797 500
500 798
798 500
500 799
799 500
500 800
800 500
500 801
801 500
500 802
802 500
500 803
803 500
500 804
804 500
500 805
805 500
500 806
806 500
500 807
807 500
500 808
808 500
500 809
809 500
500 810
810 500
500 811
811 500
500 812
812 500
500 813
813 500
500 814
814 500
500 815
815 500
500 816
816 500
500 817
817 500
500 818
818 500
500 819
819 500
500 820
820 500
500 821
821 500
500 822
822 500
500 823
823 500
500 824
824 500
500 825
825 500
500 826
826 500
500 827
827 500
500 828
828 500
500 829
829 500
500 830
830 500
500 831
831 500
500 832
832 500
500 833
833 500
500 834
834 500
500 835
835 500
500 836
836 500
500 837
837 500
500 838
838 500
500 839
839 500
500 840
840 500
500 841
841 500
500 842
842 500
500 843
843 500
500 844
844 500
500 845
845 500
500 846
846 500
500 847
847 500
500 848
848 500
500 849
849 500
500 850
850 500
500 851
851 500
500 852
852 500
500 853
853 500
500 854
854 500
500 855
855 500
500 856
856 500
500 857
857 500
500 858
858 500
500 859
859 500
500 860
860 500
500 861
861 500
500 862
862 500
500 863
863 500
500 864
864 500
500 865
865 500
500 866
866 500
500 867
867 500
500 868
868 500
500 869
869 500
500 870
870 500
500 871
871 500
500 872
872 500
500 873
873 500
500 874
874 500
500 875
875 500
500 876
876 500
500 877
877 500
500 878
878 500
500 879
879 500
500 880
880 500
500 881
881 500
500 882
882 500
500 883
883 500
500 884
884 500
500 885
885 500
500 886
886 500
500 887
887 500
500 888
888 500
500 889
889 500
500 890
890 500
500 891
891 500
500 892
892 500
500 893
893 500
500 894
894 500
500 895
895 500
500 896
896 500
500 897
897 500
500 898
898 500
500 899
899 500
500 900
900 500
500 901
901 500
500 902
902 500
500 903
903 500
500 904
904 500
500 905
905 500
500 906
906 500
500 907
907 500
500 908
908 500
500 909
909 500
500 910
910 500
500 911
911 500
500 912
912 500
500 913
913 500
500 914
914 500
500 915
915 500
500 916
916 500
500 917
917 500
500 918
918 500
500 919
919 500
500 920
920 500
500 921
921 500
500 922
922 500
500 923
923 500
500 924
924 500
500 925
925 500
500 926
926 500
500 927
927 500
500 928
928 500
500 929
929 500
500 930
930 500
500 931
931 500
500 932
932 500
500 933
933 500
500 934
934 500
500 935
935 500
500 936
936 500
500 937
937 500
500 938
938 500
500 939
939 500
500 940
940 500
500 941
941 500
500 942
942 500
500 943
943 500
500 944
944 500
500 945
945 500
500 946
946 500
500 947
947 500
500 948
948 500
500 949
949 500
500 950
950 500
500 951
951 500
500 952
952 500
500 953
953 500
500 954
954 500
500 955
955 500
500 956
956 500
500 957
957 500
500 958
958 500
500 959
959 500
500 960
960 500
500 961
961 500
500 962
962 500
500 963
963 500
500 964
964 500
500 965
965 500
500 966
966 500
500 967
967 500
500 968
968 500
500 969
969 500
500 970
970 500
500 971
971 500
500 972
972 500
500 973
973 500
500 974
974 500
500 975
975 500
500 976
976 500
500 977
977 500
500 978
978 500
500 979
979 500
500 980
980 500
500 981
981 500
500 982
982 500
500 983
983 500
500 984
984 500
500 985
985 500
500 986
986 500
500 987
987 500
500 988
988 500
500 989
989 500
500 990
990 500
500 991
991 500
500 992
992 500
500 993
993 500
500 994
994 500
500 995
995 500
500 996
996 500
500 997
997 500
500 998
998 500
500 999
999 500
