100 400
-9930 3848
-9707 -4537
-9147 -3395
-9055 4111
-8967 -7976
-8519 6863
-8425 4734
-7900 -5418
-7840 7332
-7589 6377
-7393 -2932
-7293 8346
-7241 6861
-7235 -1259
-7120 8504
-7094 2406
-6941 2
-6783 53
-6699 3506
-6459 -8466
-5989 8225
-5843 2573
-5405 -2866
-5373 4865
-5021 -179
-4893 -3888
-4868 3294
-4834 570
-4222 7837
-4004 -4990
-3655 -7298
-3222 -9753
-3206 5645
-3078 9616
-2827 -2584
-2106 -6829
-1574 6862
-1138 6325
-1134 -2442
-1033 8281
-1031 6077
-895 3143
-838 -5732
-491 6202
-480 -7633
-453 161
-263 8583
-166 -2937
276 -4203
536 -9410
755 -2561
1059 -3693
1180 -9128
1374 1697
1404 409
1419 -2324
1511 -7782
1562 847
1727 6160
2768 9471
2835 -307
2990 -7855
3339 2021
3401 -7143
3417 -4663
3725 3405
3733 6776
4270 937
4453 -9108
4783 -6807
5045 1660
5086 -883
5173 -7968
5301 -1754
5428 8399
5508 -6569
5530 2182
5579 -2028
5600 -5760
5872 -1329
6566 6571
6793 -32
6916 -9405
7330 7407
7481 7037
7772 8089
7804 -595
7805 -1726
7947 9827
7976 -8935
8128 -3112
8356 -6066
8386 -3472
9160 -5466
9335 -730
9356 4194
9417 8797
9428 5556
9811 351
9987 2093
1 21 1305
1 29 6687
1 33 2288
1 40 6754
1 70 4345
1 74 8722
1 76 4609
1 86 9184
1 90 1200
2 4 2467
2 9 1550
2 11 3867
2 19 6181
2 27 5794
2 39 1220
2 71 2165
2 72 962
2 87 7242
2 90 332
2 97 6770
3 23 1392
3 40 8911
3 46 4018
3 50 2611
3 65 8283
3 74 1945
3 94 3033
4 30 4784
4 53 3222
4 57 4350
4 75 3446
4 78 7868
4 82 5449
4 89 4615
4 92 816
5 23 5278
5 30 6371
5 45 750
5 53 7853
5 56 1467
5 71 9765
5 89 3326
5 100 9835
6 20 3137
6 24 177
6 43 4281
6 45 4845
6 49 9214
6 82 2401
6 86 1918
7 14 7270
7 40 9718
7 42 1762
7 44 163
7 46 3290
7 85 4062
7 86 7661
8 34 8860
8 50 9567
8 53 5088
8 56 2107
8 62 5060
8 78 1876
8 79 8967
9 54 5887
9 76 8818
9 82 3886
9 100 7062
10 25 1886
10 30 5601
10 42 2546
10 49 9668
10 78 8131
10 84 5003
10 90 8688
10 99 2395
11 29 7593
11 30 701
11 36 8832
11 48 5493
11 51 5708
11 65 5837
11 74 6068
12 46 3317
12 50 4592
12 80 8126
12 83 5613
13 14 63
13 39 180
13 86 1075
14 55 6928
14 78 9176
14 97 4160
15 16 7718
15 17 8712
15 30 9444
15 34 1186
15 55 5406
15 59 2387
15 82 5112
15 92 2455
16 17 353
16 19 8431
16 31 2854
16 43 8830
16 44 8746
16 50 5098
16 67 7805
17 32 9565
17 84 4923
17 85 4606
17 90 3248
17 92 3879
17 99 6259
18 26 9617
18 51 8333
18 60 7242
18 61 1996
18 62 1595
18 67 6926
18 70 8664
18 97 5726
18 98 7558
19 25 8187
19 28 681
19 43 9089
19 71 757
19 74 8293
19 75 6423
19 87 4048
19 90 3440
19 96 6885
20 34 9939
21 30 8081
21 33 7672
21 56 6714
21 86 2843
21 95 289
22 23 2286
22 38 9463
22 56 8558
22 65 368
22 76 4948
23 30 7521
23 38 4796
23 68 6833
23 71 1791
23 75 6154
24 28 1813
24 57 9325
24 59 3372
24 61 8737
24 68 2097
24 74 8538
24 79 7762
24 94 4618
25 26 5198
25 29 9530
25 30 5951
25 33 1589
25 43 5123
25 53 6898
25 65 1009
25 75 7236
25 80 9663
25 84 1535
25 96 5243
25 99 8228
26 46 1274
26 48 7363
26 50 8789
26 71 6173
26 80 8748
26 87 8969
26 93 6261
26 97 7803
27 69 1769
27 80 871
27 85 4551
27 88 2346
27 90 721
27 91 3862
27 95 8926
27 96 3347
28 46 2995
28 67 1622
28 74 6622
28 79 9232
28 81 1672
28 83 6588
28 85 7591
28 90 8802
29 34 8767
29 40 989
29 44 8170
29 81 4333
30 33 193
30 39 1883
30 41 4855
30 55 8979
30 56 717
30 58 4977
30 81 7651
30 85 9031
31 38 2958
31 87 8223
32 40 4010
32 49 2183
32 65 6964
32 72 6149
32 79 1670
33 39 7112
33 57 923
33 89 7422
34 50 8601
34 60 6687
34 62 7995
35 58 881
35 60 5626
35 77 3075
35 81 3829
35 86 8733
35 96 4912
35 100 4720
36 40 2460
36 42 5817
36 66 1067
36 75 9581
36 87 1723
36 94 4469
37 62 2620
37 63 3526
37 66 420
37 76 4560
37 85 8798
37 93 9206
37 97 5308
38 63 6391
38 73 9075
38 98 5325
39 40 2978
39 51 8169
39 53 1224
39 69 6760
39 88 1653
39 90 5250
39 93 2163
40 43 7063
40 98 4238
40 100 2265
41 69 7377
41 77 5414
41 91 9018
41 93 424
41 98 9378
42 44 5152
42 49 3350
42 52 7818
42 72 7478
42 74 9117
42 98 7998
43 57 7747
43 90 3203
44 54 8094
44 67 3015
44 82 7595
45 53 3089
45 62 7215
45 74 3619
45 86 3622
45 88 3146
46 48 9458
46 67 9787
46 69 3274
46 87 4374
46 88 5115
47 50 8271
47 58 5008
47 90 5764
47 100 3484
48 57 1623
48 84 6701
48 87 5973
49 79 8571
49 84 580
49 88 7116
49 90 9463
50 56 6423
50 60 5041
50 96 4695
51 63 637
51 69 2943
51 70 7695
51 72 1301
51 76 6821
51 90 3883
51 94 9429
52 63 9183
52 92 2992
52 99 8809
53 64 572
53 66 1431
53 83 5169
53 84 7791
53 85 8270
53 90 1841
54 61 6200
54 86 1577
54 89 8828
55 57 1940
55 62 507
55 68 2925
55 72 9495
55 79 2724
55 88 2353
56 63 3154
56 87 3952
57 64 1245
57 69 339
57 85 5594
57 100 7571
58 60 6183
58 61 9684
58 77 8179
58 80 5596
58 83 4366
58 91 7971
59 60 6796
59 68 5049
59 92 9173
59 95 9771
59 97 2061
60 62 2436
60 83 5588
60 91 2076
60 95 9376
60 100 2404
61 72 4014
62 67 596
62 71 1439
62 75 294
62 88 3494
62 98 4120
63 76 9041
63 92 2481
64 70 350
64 98 6009
65 69 201
65 72 1419
65 85 8277
65 98 9127
66 70 3378
66 79 7846
66 86 7293
66 94 2281
66 98 3315
67 71 3281
67 78 3706
68 78 6604
68 95 3474
68 98 7910
69 88 5152
69 90 9655
69 98 4527
70 78 9524
70 84 6345
71 83 4823
72 78 1817
72 79 2041
72 83 2483
72 91 307
72 94 1165
73 77 4652
75 83 381
75 84 7512
76 85 4695
77 86 7773
78 82 1475
78 89 9024
78 93 6008
78 98 7463
82 85 41
82 96 1883
82 99 1990
83 98 511
85 95 8699
85 99 3774
86 91 6703
87 98 1543
87 100 4749
88 89 464
88 90 1632
89 93 4380
89 99 26
90 91 6109
90 99 1239
92 93 4886
93 100 455
95 98 9588
96 98 939
