124
2040 1067 657
1764 745 659
2053 1336 165
3324 478 19
6833 5040 1360
631 574 325
6794 2826 2466
8778 5216 4031
5119 4921 474
666 617 147
6119 1974 822
1578 723 678
4407 2384 1603
1902 429 138
6260 4448 849
6357 1171 200
3037 2914 2681
3616 2570 1521
6668 3396 2122
5496 3184 2214
1817 1639 589
5501 3784 3251
3425 933 765
9749 1358 723
9518 8997 4727
3160 2263 89
3281 1399 478
3872 1407 835
3407 2989 2228
8548 3459 1147
1617 772 354
5278 990 652
1880 923 573
3828 391 12
6044 973 627
3280 616 537
2974 87 63
5223 4795 4377
7184 3219 1153
6934 5199 1005
7883 1671 57
2361 1863 1004
5806 3824 3529
5463 3219 805
8496 7594 4922
2060 995 496
6053 2095 750
1270 346 250
3808 1198 921
957 169 70
2145 1427 1157
6695 2267 114
4126 2786 942
554 283 14
6749 4072 919
2104 1601 961
5836 2007 759
3561 2101 165
3098 2287 794
819 813 322
4312 2140 493
972 941 24
1235 446 355
5943 297 32
4157 2461 2344
5368 2252 2172
2776 1992 1436
6255 4202 1610
6874 4762 2856
5468 1213 809
8459 6342 1514
3555 3006 1438
681 328 243
8694 4346 121
2481 1616 687
5363 2413 161
4184 324 250
3977 3419 46
1504 1349 1121
8394 1012 1008
5701 520 460
3475 3177 410
5690 5289 430
136 56 43
3857 572 169
2914 1680 1246
5628 5100 878
2273 26 2
3227 576 304
5726 3699 1329
3710 2815 93
5785 4392 35
2462 2344 725
681 557 54
4831 174 78
4762 2894 780
5665 5396 4854
5866 404 95
9700 4265 1823
8020 4456 925
7506 2735 1599
1970 689 240
7653 2006 1666
5323 2759 321
6007 2001 1953
8685 2603 1730
5516 3949 2051
8632 3799 1752
8906 5420 1640
929 344 322
9155 1094 146
9918 534 452
9224 6024 1488
9421 2349 45
3185 699 543
8917 6024 828
1837 423 422
9616 2940 328
2425 2095 826
2012 620 316
2150 1543 1473
5522 272 184
1623 1173 8
6048 2958 2797
