60
46633 46633 46633
53000 52999 52999
78205 78205 74668
67728 67728 67728
62013 62013 62013
30254 30253 30253
61371 61371 21219
44524 44524 44524
79907 79906 44950
48239 48238 48238
89515 89515 32341
52568 52567 20690
32468 32467 32467
60540 60540 60540
89361 89361 89361
86357 86356 86356
54746 54745 40031
76267 76267 35973
84108 84108 83743
41063 41062 41062
33812 16916 16916
38492 38492 14192
48580 24299 20002
38404 38404 38404
44236 22133 15245
31022 31022 31022
55426 27724 27724
24276 24276 20853
43938 21981 21981
39396 39396 34669
38896 19453 19453
21950 21950 21950
56640 28322 28322
24724 24724 24724
21589 10809 10809
16582 16582 16582
43653 21831 21831
27092 27092 27092
64983 32507 32507
22885 22885 22885
42341 37750 21424
70125 69500 21424
99242 52702 21424
76969 52555 21424
87971 59713 21424
49335 22327 21424
93324 66769 21424
90114 61093 21424
67272 29928 21424
89371 65246 21424
95016 94069 90203
95786 93809 90203
99180 94797 90203
98961 97146 90203
99925 99295 90203
99482 97957 90203
99823 97458 90203
98931 95486 90203
99932 92745 90203
99667 95802 90203
