100
99990 99980 99970
99990 99980 99971
99990 99980 99972
99990 99980 99973
99990 99980 99974
99990 99980 99975
99990 99980 99976
99990 99980 99977
99990 99980 99978
99990 99980 99979
99990 99980 99980
99990 99981 99971
99990 99981 99972
99990 99981 99973
99990 99981 99974
99990 99981 99975
99990 99981 99976
99990 99981 99977
99990 99981 99978
99990 99981 99979
99990 99981 99980
99990 99981 99981
99990 99982 99972
99990 99982 99973
99990 99982 99974
99990 99982 99975
99990 99982 99976
99990 99982 99977
99990 99982 99978
99990 99982 99979
99990 99982 99980
99990 99982 99981
99990 99982 99982
99990 99983 99973
99990 99983 99974
99990 99983 99975
99990 99983 99976
99990 99983 99977
99990 99983 99978
99990 99983 99979
99990 99983 99980
99990 99983 99981
99990 99983 99982
99990 99983 99983
99990 99984 99974
99990 99984 99975
99990 99984 99976
99990 99984 99977
99990 99984 99978
99990 99984 99979
99990 99984 99980
99990 99984 99981
99990 99984 99982
99990 99984 99983
99990 99984 99984
99990 99985 99975
99990 99985 99976
99990 99985 99977
99990 99985 99978
99990 99985 99979
99990 99985 99980
99990 99985 99981
99990 99985 99982
99990 99985 99983
99990 99985 99984
99990 99985 99985
99990 99986 99976
99990 99986 99977
99990 99986 99978
99990 99986 99979
99990 99986 99980
99990 99986 99981
99990 99986 99982
99990 99986 99983
99990 99986 99984
99990 99986 99985
99990 99986 99986
99990 99987 99977
99990 99987 99978
99990 99987 99979
99990 99987 99980
99990 99987 99981
99990 99987 99982
99990 99987 99983
99990 99987 99984
99990 99987 99985
99990 99987 99986
99990 99987 99987
99990 99988 99978
99990 99988 99979
99990 99988 99980
99990 99988 99981
99990 99988 99982
99990 99988 99983
99990 99988 99984
99990 99988 99985
99990 99988 99986
99990 99988 99987
99990 99988 99988
99990 99989 99979
