400
42620 25573 8524
27452 18385 9192
20420 20167 10081
19369 12824 6277
11730 11727 5863
15840 15840 7919
26844 17896 8948
18494 12328 6164
6071 6069 6068
19256 9628 9618
34310 22870 11434
9384 9380 9380
23655 23654 7881
14178 7090 7090
19775 19775 9887
15605 10402 5200
11829 5934 5932
27288 16291 5430
26911 17941 8970
32960 19776 6592
18074 17766 8883
23556 23514 7838
15381 7690 7633
34072 17075 8537
22921 22920 11459
39195 26131 13065
6446 6442 6442
19515 9756 9753
12629 12628 6314
17628 17628 8792
26356 13178 6462
14957 14957 7478
17689 17689 5896
17530 17462 8730
7608 7608 7605
5341 5336 5334
22281 11141 5569
24138 12069 5855
13010 12714 6357
41385 24870 8355
24771 16341 7910
31027 18659 6219
17624 8811 8811
30548 18360 6174
6192 6192 6191
16359 16357 5453
22515 22515 7504
10644 10643 5321
26067 26065 8688
35086 34946 11649
13025 6511 6246
13911 13910 6955
22476 22472 7491
28902 28900 9634
19563 19562 9781
29081 29078 14539
12999 12997 6498
12812 6405 5964
20209 20209 6737
11696 11694 5847
50444 30272 10102
19104 9553 9553
6108 5492 5481
49277 29567 9856
32775 16132 8067
12549 6275 6275
32625 16313 8157
17720 17069 5689
5302 5298 5295
34666 23179 11589
26129 13064 6531
13010 12967 6483
47498 28500 9501
19282 9659 9659
20024 20022 6674
17661 17660 8781
19284 9641 9640
20265 13509 6754
36786 18391 9196
51969 31180 10393
20575 10287 9883
9592 9591 9546
9545 9525 9523
48332 29000 9667
11488 5744 5740
11924 11923 5960
35882 21564 7242
34655 17327 8665
13514 6756 6753
19080 19076 9538
44776 26866 8955
29510 29510 9837
20968 10483 10482
21286 10645 5324
15593 10396 5198
15278 7528 7528
8543 8540 8539
28760 19176 9588
19160 9581 9039
17287 17286 5833
47427 28400 9523
8528 8525 8525
40215 26809 13403
5923 5923 5921
6071 6071 6070
33693 16847 8423
12692 6348 6347
17290 11526 5761
44636 26718 8906
16884 16884 5629
22177 14785 7392
12890 12887 6443
28205 18804 9402
47558 28534 9510
12433 12430 6215
45250 27149 9050
18369 18366 9182
14476 14473 7260
20485 13658 6829
36404 18202 9087
18475 18470 6157
10642 10642 5321
22906 22904 11451
18908 12605 6302
17660 17660 5887
24349 24349 8117
45208 27126 9042
27557 18372 9185
28509 28506 9502
25278 12640 6320
68291 40841 13613
11610 11608 5859
41520 24758 8252
22692 22691 7564
13684 6840 6840
30010 19931 9855
35899 21947 7315
12747 12744 12257
6860 6860 6858
5603 5602 5599
33779 17024 8513
7777 7775 7735
22166 11081 11080
24321 12160 6080
15444 7722 7719
19464 9762 8996
6004 6003 6002
10721 10720 5359
21905 10951 10947
15545 15543 7772
14729 14728 7364
31106 18663 6221
16438 8219 8216
8391 8391 8389
33157 19895 6632
45562 27336 9111
18318 18280 6092
13657 7010 7008
29271 29270 14634
11820 5908 5907
44431 26660 8886
22532 22531 7511
21656 14333 7166
41858 27975 13987
16662 8330 8330
20006 20003 10000
16551 8276 7465
36266 21660 7051
19870 19869 9935
23992 15944 7972
24210 16140 8068
34154 17076 8538
22579 21885 7122
9350 9349 9349
13052 12664 6331
52785 26393 13196
21199 21199 7088
45541 22772 11094
21600 21599 7200
5525 5525 5525
36000 18000 9000
12221 11785 5893
26544 13270 6634
20147 19880 9940
29309 14655 7329
18022 9067 9067
12405 12351 12350
14275 14273 6998
27816 27815 13907
26991 26990 13496
29448 29448 14723
24658 24657 8219
21414 20928 10465
34463 22952 11474
16434 8494 8494
20606 13736 6867
16272 15824 7913
25225 16803 8382
36727 18396 9196
21806 21632 10711
17716 17185 8592
13574 13520 6760
11791 5895 5893
13304 13302 6662
14107 7102 7102
38570 19267 9634
12926 12925 6607
36105 18053 9140
11299 10783 5392
12282 11777 5888
6399 6399 6108
14838 14838 7736
41254 20628 9961
33662 16831 8415
24051 24048 7950
50874 25438 12542
38167 22888 7629
29519 14760 7532
19319 9659 9658
13782 6892 6551
6721 6720 6708
19762 19636 9819
16903 16902 5634
19402 19401 9701
9797 9797 9795
51614 30967 10321
16575 8289 8286
19162 18992 6312
6331 6331 5400
10305 10302 5151
16304 10869 5434
25219 12608 6303
12290 12290 6088
21687 10842 5420
23016 15342 7670
10549 10548 5365
11514 11513 5756
10200 5100 5100
9238 8323 8323
26168 26168 8723
22201 11099 5550
18187 18183 6062
12678 12677 6339
28222 16931 5643
6252 6251 6251
18893 9630 9277
21991 10995 5497
57380 28689 14346
29176 14588 14586
46394 28156 9421
14954 14953 7478
21430 11011 5505
39884 19941 9971
32593 16295 8146
28907 19148 9390
22886 11443 5722
20132 13420 6709
31524 31520 10507
29959 29959 14979
16864 16863 8389
43485 26093 8698
17108 17108 8555
6151 6150 6147
40944 24567 8189
10538 5270 5269
14286 14285 14284
28408 28300 9433
38339 23140 7938
9048 9044 9044
51894 30999 10102
40678 24406 8135
27721 18438 9218
18930 9464 9462
29566 14784 7501
37362 18679 9249
19435 19157 9578
27039 26393 8797
25667 12833 6452
8342 8213 7828
20343 20342 10149
21285 14189 7093
26858 26856 8952
22024 14690 7314
12904 12902 6450
34579 20747 6915
9366 9365 9365
8418 8415 8415
18159 12105 6052
25134 15172 5211
6635 6634 6634
34550 17275 8637
6494 6492 6489
16228 15915 7959
14415 7207 7206
32043 32039 10679
13980 7370 7369
15579 15577 5192
7486 7486 7484
20852 13647 6440
26956 26954 13235
10863 10854 5426
19960 19959 6653
23042 11522 5912
29924 29921 9973
14258 7129 6827
27503 27502 9159
35509 23673 11836
42039 25226 8410
5377 5293 5289
19247 19245 9623
29831 19885 9942
10895 10859 5431
27968 16781 5593
48283 29086 9791
38526 19263 9632
16295 10864 5431
26982 17990 8994
22124 22121 7275
12278 12277 6138
31031 18611 6190
19850 19847 6616
29550 14774 7387
36496 36494 12164
16082 16081 8040
18126 18126 9027
7845 7843 7842
15491 7642 7642
27340 27339 13669
6814 6814 6814
11216 11214 5607
13801 6901 6901
19822 19821 9836
21919 10960 5479
13096 13095 6547
26372 26368 8766
14850 14847 7423
14639 7319 7319
8518 8517 8515
10104 10100 9415
14871 14869 7435
41881 20940 10471
12923 12846 6420
10466 5125 5121
38563 19251 9671
19948 13499 6748
26430 13216 6607
14301 14300 7150
26769 26768 8923
13739 13368 6682
57990 34795 11599
28816 14407 7204
14820 7429 7428
30017 17977 5993
25627 25627 8543
14887 14884 14884
15775 15773 5258
17005 16773 8386
28908 28908 14455
15696 15696 7848
16257 10655 5327
16054 16052 5351
11815 11557 5779
7307 7305 7304
14926 7469 7383
16845 16843 8421
21159 21157 7051
27035 18022 9011
33493 33428 11143
13852 13852 7091
26215 15729 5244
20886 20885 6963
9266 9264 8767
10517 5259 5259
16436 16435 5478
12301 12301 6287
19491 19273 6424
40494 24295 8098
35977 21586 7195
39670 39670 13223
12539 6270 6081
13183 13183 6590
23791 23791 7965
47004 28203 9401
27286 16382 5481
5160 5158 5157
15406 15406 7703
30680 30678 10128
31893 15947 7973
28114 16945 5648
15733 7866 7866
17714 17613 8806
74075 44444 14814
28606 28606 9536
10149 10148 9893
10024 10023 5012
17383 17380 8689
18404 18401 6134
23457 23425 7808
15036 7519 7518
15091 10135 5067
