1139
40 17 15
764 750 349
53 12 9
324 128 92
833 288 102
631 574 325
794 396 28
778 83 53
119 1 1
666 617 147
119 54 37
578 422 281
407 400 238
902 255 21
260 245 75
357 171 160
37 30 25
616 435 152
668 102 5
496 310 206
817 147 109
501 104 76
425 63 55
749 608 45
518 306 23
160 99 65
281 91 2
872 576 482
407 325 120
548 306 197
617 402 251
278 18 13
880 292 190
828 627 144
44 13 3
280 195 55
974 762 378
223 163 97
184 94 33
934 249 155
883 471 393
361 173 82
806 634 34
463 115 13
496 81 55
60 35 16
53 49 30
270 238 0
808 334 10
957 169 70
145 55 37
695 203 114
126 52 14
554 283 14
749 322 268
104 76 45
836 183 47
561 211 99
98 16 0
819 813 322
312 282 110
972 941 24
235 54 30
943 545 270
157 99 14
368 213 119
776 421 0
255 179 17
874 12 6
468 34 15
459 322 260
555 546 186
681 328 243
694 561 162
481 360 112
363 5 3
184 174 75
977 119 46
504 384 346
394 387 16
701 174 147
475 365 326
690 57 6
136 56 43
857 2 1
914 360 139
628 174 158
273 172 166
227 132 61
726 396 388
710 385 269
785 758 633
462 262 4
681 557 54
831 78 26
762 269 135
665 0 0
866 662 158
700 493 313
20 1 1
506 17 15
970 719 360
653 244 220
323 295 281
7 4 0
685 201 104
516 295 63
632 511 485
906 318 158
929 344 322
155 50 47
918 606 298
224 174 113
421 267 125
185 21 19
917 780 300
837 619 90
616 306 65
425 165 32
12 6 3
150 55 1
522 322 237
623 253 230
48 2 0
132 13 10
600 572 34
896 348 157
841 516 418
953 374 184
648 455 433
213 186 90
812 681 293
529 170 39
116 22 22
659 39 1
940 880 144
775 118 14
155 130 92
490 394 116
594 330 30
227 132 33
626 449 219
873 741 569
293 53 49
228 217 89
889 772 256
307 263 128
347 172 140
486 432 213
521 519 502
592 95 66
53 2 2
587 504 24
419 56 37
626 394 370
826 593 309
726 468 432
132 3 1
722 157 77
714 591 447
329 326 205
869 719 269
886 762 584
491 244 173
132 127 48
478 17 14
522 88 32
81 49 38
783 59 49
234 215 5
728 465 107
999 600 443
357 260 114
181 120 106
974 410 194
955 850 600
783 641 365
33 23 11
963 300 147
870 113 84
457 44 24
249 83 0
429 339 13
993 288 263
236 34 18
700 543 96
90 59 45
340 294 64
497 63 23
90 80 49
489 306 45
928 480 5
101 46 37
228 168 168
404 366 18
197 57 25
958 359 268
5 5 0
373 135 85
471 410 113
601 275 38
599 116 83
394 71 19
41 9 6
159 158 19
960 571 559
990 454 428
452 102 95
451 200 188
107 41 29
638 480 362
466 14 1
114 24 16
162 29 4
556 368 195
307 98 11
710 104 90
505 246 163
460 34 7
297 124 104
944 88 80
38 28 4
793 82 53
488 418 317
185 121 81
43 9 7
875 606 421
398 289 115
92 73 10
997 746 132
464 31 16
505 141 21
498 284 57
967 185 77
140 105 81
445 138 64
707 436 55
31 0 0
853 632 409
565 352 326
589 171 88
826 178 74
792 231 78
882 755 211
435 306 59
355 340 305
826 207 113
968 618 52
189 121 16
798 797 677
196 167 15
511 267 31
703 337 212
762 295 169
86 68 5
21 7 5
536 71 71
685 210 174
735 109 29
249 173 146
16 4 4
801 232 54
375 3 3
987 135 48
78 18 5
508 367 201
665 217 23
167 3 0
117 21 11
541 238 124
616 46 0
833 752 550
697 360 133
546 276 165
52 38 5
507 481 396
762 622 63
14 5 2
889 681 166
2 2 0
717 533 450
583 411 390
661 641 87
648 176 132
891 75 64
221 63 27
37 20 20
739 517 115
360 50 17
566 456 392
955 191 186
235 173 124
393 55 37
182 96 5
262 65 36
417 206 101
185 76 50
867 544 473
941 433 230
971 140 128
769 468 188
303 138 30
457 83 65
132 121 86
27 20 13
886 587 63
927 511 7
481 57 13
963 74 72
919 720 369
911 773 340
895 598 558
722 19 2
344 217 168
300 251 181
241 16 10
231 209 32
481 422 288
745 560 194
886 494 131
83 30 19
953 219 61
268 183 134
712 192 94
161 157 24
703 32 1
745 711 626
743 599 350
471 261 198
41 25 24
534 202 24
644 304 141
940 188 102
536 531 92
62 55 7
195 105 96
175 70 3
52 4 1
549 261 140
872 148 17
793 299 56
619 511 508
879 537 345
283 267 98
416 143 90
420 11 2
573 228 154
998 693 96
328 253 139
803 22 14
398 157 57
571 419 107
407 285 96
276 169 66
805 483 471
308 206 25
996 451 223
729 190 74
781 607 20
498 228 75
636 378 363
96 17 12
342 143 13
368 176 85
682 227 81
989 187 139
578 122 55
641 514 58
185 12 7
895 675 49
937 788 63
20 3 3
328 57 33
902 453 268
877 745 732
192 27 19
179 165 160
217 123 65
475 314 26
779 376 94
625 265 158
294 220 164
376 181 98
789 533 152
934 372 41
666 401 98
107 85 16
2 0 0
614 602 348
960 301 123
524 393 226
381 64 13
332 204 50
518 13 11
89 36 20
17 0 0
981 620 121
161 135 17
817 108 44
546 90 9
29 10 1
195 79 76
352 233 192
72 21 3
941 902 506
779 450 17
86 39 33
932 499 439
766 653 459
162 46 8
171 10 5
651 241 94
30 21 17
294 74 69
387 224 5
888 711 248
413 80 79
935 282 131
434 379 167
711 116 93
964 435 352
526 341 298
364 103 73
5 0 0
978 437 20
573 44 31
589 353 248
396 160 141
635 26 7
553 131 10
927 645 98
578 483 213
431 164 151
108 27 3
870 572 16
97 40 15
939 860 751
583 221 19
500 135 43
466 30 4
743 735 127
259 99 84
41 40 1
779 598 444
340 124 14
224 124 107
459 170 95
57 9 9
857 202 141
383 307 4
262 201 52
831 710 603
210 96 68
754 158 13
928 467 277
29 18 18
4 2 0
235 173 103
44 30 30
684 147 78
120 25 16
665 335 138
193 157 60
262 218 157
602 514 484
54 4 3
174 89 32
555 246 92
863 842 136
813 606 30
141 123 107
30 8 5
904 246 180
577 411 157
768 460 143
687 59 13
455 98 5
88 60 54
317 255 59
418 292 84
84 79 51
206 32 18
970 178 70
6 6 2
530 497 230
406 20 3
980 354 268
977 888 226
404 251 37
602 358 84
426 136 90
758 402 259
287 45 18
316 92 43
825 39 26
513 153 86
956 185 8
957 909 459
501 494 193
306 30 8
92 44 37
394 323 61
219 25 17
165 86 42
871 797 342
734 449 321
733 143 126
299 73 35
561 12 12
217 25 23
203 93 46
802 39 17
739 433 402
568 470 353
771 91 60
912 90 14
26 0 0
190 123 31
293 81 44
37 6 5
447 345 191
472 0 0
5 5 3
207 176 149
932 300 9
942 615 493
125 59 28
711 37 26
855 159 105
629 325 280
278 271 156
313 149 89
646 466 5
737 98 69
388 198 89
354 80 52
670 503 268
31 13 4
332 326 228
411 371 305
944 18 18
376 296 42
795 189 61
946 559 193
729 50 46
385 257 114
476 162 8
376 255 87
422 131 54
639 467 22
333 258 155
485 162 96
978 657 605
984 321 41
535 450 325
329 182 90
852 369 135
580 249 205
280 15 10
876 704 230
993 766 96
266 254 33
31 20 1
125 8 6
170 70 24
975 217 158
707 229 215
193 7 6
674 296 280
760 408 247
768 200 46
290 253 92
928 254 86
160 107 60
264 143 41
608 83 80
28 5 5
421 227 159
802 225 103
755 408 259
1 0 0
357 163 119
354 19 2
502 260 71
807 547 477
541 82 32
308 6 4
648 504 286
290 278 203
346 192 22
590 205 158
845 254 98
564 28 10
864 113 109
218 85 53
939 37 17
939 350 194
183 167 121
452 356 298
982 507 42
807 643 468
677 588 96
958 875 8
357 129 45
332 278 79
110 83 55
374 320 187
694 7 5
471 266 190
96 9 9
625 280 99
293 290 123
751 735 330
995 880 239
703 292 164
907 74 61
243 11 9
221 48 18
810 571 409
538 443 419
635 26 26
547 476 330
627 600 324
253 235 179
421 21 3
27 14 13
395 393 32
548 507 498
702 398 312
830 44 10
476 72 22
974 109 27
585 122 71
898 2 0
130 52 24
528 80 15
416 277 256
61 55 38
137 52 18
483 48 23
453 103 97
198 132 84
604 91 58
794 574 123
445 412 114
837 715 355
775 756 542
641 24 21
818 319 254
155 37 7
930 358 192
57 24 4
818 701 313
587 375 6
228 157 67
353 313 46
912 519 511
823 233 154
367 68 26
591 361 143
174 154 131
159 80 9
53 21 13
396 204 76
724 134 22
900 260 255
663 365 220
919 115 49
449 435 114
802 282 137
686 685 616
88 42 23
164 98 75
363 230 96
928 372 346
685 450 300
166 95 6
816 59 48
769 637 137
458 367 288
448 102 65
995 794 86
91 75 14
18 13 7
60 55 10
615 344 50
251 68 17
747 107 22
809 697 437
440 227 106
546 250 123
502 85 40
623 121 11
967 355 108
509 337 170
893 797 757
100 6 3
405 169 120
866 69 25
637 192 54
594 74 27
489 32 15
463 357 220
963 255 216
582 130 97
867 746 402
17 3 0
116 98 31
535 56 11
840 342 216
198 139 138
428 70 40
552 269 52
56 18 0
31 22 13
449 64 5
443 8 7
851 338 155
342 295 4
721 284 238
164 79 55
538 385 176
304 19 3
286 228 227
630 55 36
497 147 144
807 179 2
147 58 9
757 300 284
970 540 167
383 195 183
287 61 25
775 315 131
957 666 415
802 627 487
127 114 86
313 64 14
371 325 38
290 285 117
129 89 58
915 160 120
904 249 46
923 818 607
235 222 129
384 96 47
600 203 185
451 424 409
42 9 1
374 208 198
714 117 45
752 513 118
502 478 98
309 208 165
810 352 31
940 526 229
243 164 160
102 75 49
674 645 267
863 83 59
292 214 83
82 20 20
400 274 240
201 61 18
81 7 3
29 26 14
330 116 26
834 218 40
296 205 21
775 406 141
789 292 15
360 107 3
0 0 0
894 657 253
701 106 93
941 20 19
393 182 104
243 188 122
622 582 496
451 359 145
648 56 34
438 150 12
281 252 174
53 16 7
215 188 163
431 207 119
770 374 348
51 7 4
449 11 0
836 275 126
30 13 8
401 314 87
427 206 56
513 114 102
321 312 89
645 148 65
791 278 158
368 237 142
693 185 127
251 185 50
803 774 759
877 593 282
6 5 2
119 37 11
951 281 188
821 502 245
474 444 400
383 219 196
868 359 18
732 507 385
302 87 43
506 91 35
112 34 5
745 265 151
891 397 337
377 314 74
782 94 2
0 0 0
815 684 44
936 563 561
308 91 19
795 368 114
40 5 5
657 306 121
629 333 107
276 56 49
538 345 106
190 85 13
421 64 40
722 459 150
1 1 0
217 101 15
427 423 68
807 511 135
714 126 74
770 465 425
832 682 269
20 0 0
76 14 2
636 626 91
191 80 16
608 554 122
556 15 0
429 284 42
94 49 37
907 145 11
677 530 96
600 500 276
873 64 49
762 127 127
270 202 63
280 139 75
855 534 372
695 215 55
620 434 262
684 460 156
84 9 2
904 426 232
784 392 256
41 22 19
662 507 57
922 716 183
708 131 76
905 870 154
4 4 0
361 320 282
206 36 0
942 856 221
433 117 23
173 135 7
806 56 27
210 67 5
502 487 280
724 224 179
188 123 106
287 182 166
638 213 101
199 117 33
58 37 6
126 33 10
20 15 4
427 15 8
233 222 218
463 200 122
79 44 14
789 772 186
87 0 0
556 428 42
702 213 123
434 364 276
709 71 69
586 447 60
479 432 141
281 10 1
327 116 107
997 437 49
186 96 95
111 47 32
532 441 378
503 386 80
164 31 3
630 475 127
565 384 21
941 420 282
574 319 10
450 279 256
962 768 432
758 706 140
619 314 242
833 329 206
695 131 112
488 283 42
849 229 51
197 84 47
773 120 84
145 99 42
176 128 42
768 107 50
109 73 54
15 12 11
791 406 110
724 183 67
927 339 184
21 10 0
364 168 11
989 526 294
16 4 0
411 239 20
218 117 79
93 81 73
618 293 66
752 294 221
549 386 25
227 194 187
29 12 8
663 481 315
570 165 40
367 4 0
402 158 4
859 394 55
755 590 576
238 137 107
760 107 10
601 43 4
70 44 3
469 196 6
975 477 24
889 598 579
213 207 148
221 36 14
289 27 13
288 153 80
689 638 13
411 144 54
232 129 72
149 86 49
129 28 4
586 105 58
387 15 0
630 253 243
919 747 168
166 43 29
442 16 0
206 7 4
506 49 22
271 45 22
544 88 21
805 59 53
382 81 69
207 49 8
32 15 3
605 154 112
376 49 24
505 58 55
72 31 3
317 183 31
286 194 168
31 23 4
385 342 62
244 45 1
44 24 4
983 700 656
928 467 347
771 484 421
346 92 9
147 108 1
174 155 99
239 33 13
369 338 322
810 327 281
795 785 461
18 15 0
445 293 150
544 43 25
121 74 68
93 0 0
589 412 270
566 518 344
349 21 8
684 174 164
943 941 813
286 249 227
528 127 81
774 4 2
767 177 30
198 171 112
795 190 168
688 428 400
142 113 45
239 71 13
745 398 215
269 26 15
735 611 249
914 358 256
173 144 18
596 109 104
437 283 145
656 82 31
324 202 33
630 242 204
817 758 288
788 292 247
813 401 316
43 14 5
497 296 208
861 712 635
876 213 95
344 262 16
811 20 4
188 29 22
854 770 726
663 10 5
687 119 79
24 21 14
126 2 2
27 3 2
731 192 54
682 453 372
406 189 146
638 121 92
889 319 115
233 147 107
393 264 30
985 642 83
11 8 4
275 174 131
109 25 20
872 714 203
727 713 416
77 60 32
669 133 113
175 82 19
661 412 27
409 250 124
652 531 441
421 147 21
190 150 51
731 530 339
669 185 50
580 467 401
72 16 13
839 681 480
255 173 72
778 234 217
476 466 125
712 236 164
534 315 119
679 57 38
850 568 238
456 289 54
460 127 22
587 238 131
170 127 50
889 424 214
847 149 35
44 13 9
988 422 273
62 60 49
955 1 0
289 155 45
26 2 2
536 173 11
175 88 28
782 759 666
345 110 40
39 1 0
757 672 23
525 467 368
656 120 110
820 81 47
202 48 39
588 494 101
736 615 462
56 51 42
157 76 59
169 66 36
18 3 0
724 215 142
341 311 104
855 277 206
782 91 76
901 816 28
98 0 0
724 277 86
512 471 124
995 355 263
237 104 5
377 333 200
901 42 26
885 497 65
780 120 16
165 8 5
100 89 50
292 183 57
813 368 357
663 557 470
801 715 128
546 208 127
883 277 273
469 42 34
435 7 2
653 307 237
630 374 120
574 574 41
950 810 710
181 127 53
628 443 63
680 572 563
747 693 230
855 405 190
445 241 193
671 195 11
908 279 126
548 269 4
292 283 136
156 50 10
276 170 29
330 88 32
609 439 124
293 49 5
