1000 1000
873105 322893
872325 322893
871545 322896
870765 322900
869985 322905
869205 322911
868425 322918
867645 322926
866865 322935
866085 322945
865305 322956
864525 322968
863745 322981
862965 322995
862185 323010
861405 323026
860625 323043
859845 323061
859065 323080
858285 323100
857505 323121
856725 323143
855945 323166
855165 323190
854385 323215
853605 323241
852825 323268
852045 323296
851265 323325
850485 323355
849705 323386
848925 323418
848145 323451
847365 323485
846585 323520
845805 323556
845025 323593
844245 323631
843465 323670
842685 323710
841905 323751
841125 323793
840345 323836
839565 323880
838785 323925
838005 323971
837225 324018
836445 324066
835665 324115
834885 324165
834105 324216
833325 324268
832545 324321
831765 324375
830985 324430
830205 324486
829425 324543
828645 324601
827865 324660
827085 324720
826305 324781
825525 324843
824745 324906
823965 324970
823185 325035
822405 325101
821625 325168
820845 325236
820065 325305
819285 325375
818505 325446
817725 325518
816945 325591
816165 325665
815385 325740
814605 325816
813825 325893
813045 325971
812265 326050
811485 326130
810705 326211
809925 326293
809145 326376
808365 326460
807585 326545
806805 326631
806025 326718
805245 326806
804465 326895
803685 326985
802905 327076
802125 327168
801345 327261
800565 327355
799785 327450
799005 327546
798225 327643
797445 327741
796665 327840
795885 327940
795105 328041
794325 328143
793545 328246
792765 328350
791985 328455
791205 328561
790425 328668
789645 328776
788865 328885
788085 328995
787305 329106
786525 329218
785745 329331
784965 329445
784185 329560
783405 329676
782625 329793
781845 329911
781065 330030
780285 330150
779505 330271
778725 330393
777945 330516
777165 330640
776385 330765
775605 330891
774825 331018
774045 331146
773265 331275
772485 331405
771705 331536
770925 331668
770145 331801
769365 331935
768585 332070
767805 332206
767025 332343
766245 332481
765465 332620
764685 332760
763905 332901
763125 333043
762345 333186
761565 333330
760785 333475
760005 333621
759225 333768
758445 333916
757665 334065
756885 334215
756105 334366
755325 334518
754545 334671
753765 334825
752985 334980
752205 335136
751425 335293
750645 335451
749865 335610
749085 335770
748305 335931
747525 336093
746745 336256
745965 336420
745185 336585
744405 336751
743625 336918
742845 337086
742065 337255
741285 337425
740505 337596
739725 337768
738945 337941
738165 338115
737385 338290
736605 338466
735825 338643
735045 338821
734265 339000
733485 339180
732705 339361
731925 339543
731145 339726
730365 339910
729585 340095
728805 340281
728025 340468
727245 340656
726465 340845
725685 341035
724905 341226
724125 341418
723345 341611
722565 341805
721785 342000
721005 342196
720225 342393
719445 342591
718665 342790
717885 342990
717105 343191
716325 343393
715545 343596
714765 343800
713985 344005
713205 344211
712425 344418
711645 344626
710865 344835
710085 345045
709305 345256
708525 345468
707745 345681
706965 345895
706185 346110
705405 346326
704625 346543
703845 346761
703065 346980
702285 347200
701505 347421
700725 347643
699945 347866
699165 348090
698385 348315
697605 348541
696825 348768
696045 348996
695265 349225
694485 349455
693705 349686
692925 349918
692145 350151
691365 350385
690585 350620
689805 350856
689025 351093
688245 351331
687465 351570
686685 351810
685905 352051
685125 352293
684345 352536
683565 352780
682785 353025
682005 353271
681225 353518
680445 353766
679665 354015
678885 354265
678105 354516
677325 354768
676545 355021
675765 355275
674985 355530
674205 355786
673425 356043
672645 356301
671865 356560
671085 356820
670305 357081
669525 357343
668745 357606
667965 357870
667185 358135
666405 358401
665625 358668
664845 358936
664065 359205
663285 359475
662505 359746
661725 360018
660945 360291
660165 360565
659385 360840
658605 361116
657825 361393
657045 361671
656265 361950
655485 362230
654705 362511
653925 362793
653145 363076
652365 363360
651585 363645
650805 363931
650025 364218
649245 364506
648465 364795
647685 365085
646905 365376
646125 365668
645345 365961
644565 366255
643785 366550
643005 366846
642225 367143
641445 367441
640665 367740
639885 368040
639105 368341
638325 368643
637545 368946
636765 369250
635985 369555
635205 369861
634425 370168
633645 370476
632865 370785
632085 371095
631305 371406
630525 371718
629745 372031
628965 372345
628185 372660
627405 372976
626625 373293
625845 373611
625065 373930
624285 374250
623505 374571
622725 374893
621945 375216
621165 375540
620385 375865
619605 376191
618825 376518
618045 376846
617265 377175
616485 377505
615705 377836
614925 378168
614145 378501
613365 378835
612585 379170
611805 379506
611025 379843
610245 380181
609465 380520
608685 380860
607905 381201
607125 381543
606345 381886
605565 382230
604785 382575
604005 382921
603225 383268
602445 383616
601665 383965
600885 384315
600105 384666
599325 385018
598545 385371
597765 385725
596985 386080
596205 386436
595425 386793
594645 387151
593865 387510
593085 387870
592305 388231
591525 388593
590745 388956
589965 389320
589185 389685
588405 390051
587625 390418
586845 390786
586065 391155
585285 391525
584505 391896
583725 392268
582945 392641
582165 393015
581385 393390
580605 393766
579825 394143
579045 394521
578265 394900
577485 395280
576705 395661
575925 396043
575145 396426
574365 396810
573585 397195
572805 397581
572025 397968
571245 398356
570465 398745
569685 399135
568905 399526
568125 399918
567345 400311
566565 400705
565785 401100
565005 401496
564225 401893
563445 402291
562665 402690
561885 403090
561105 403491
560325 403893
559545 404296
558765 404700
557985 405105
557205 405511
556425 405918
555645 406326
554865 406735
554085 407145
553305 407556
552525 407968
551745 408381
550965 408795
550185 409210
549405 409626
548625 410043
547845 410461
547065 410880
546285 411300
545505 411721
544725 412143
543945 412566
543165 412990
542385 413415
541605 413841
540825 414268
540045 414696
539265 415125
538485 415555
537705 415986
536925 416418
536145 416851
535365 417285
534585 417720
533805 418156
533025 418593
532245 419031
531465 419470
530685 419910
529905 420351
529125 420793
528345 421236
527565 421680
526785 422125
526005 422571
525225 423018
524445 423466
523665 423915
522885 424365
522105 424816
521325 425268
520545 425721
519765 426175
518985 426630
518205 427086
517425 427543
516645 428001
515865 428460
515085 428920
514305 429381
513525 429843
512745 430306
511965 430770
511185 431235
510405 431701
509625 432168
508845 432636
508065 433105
507285 433575
506505 434046
505725 434518
504945 434991
504165 435465
503385 435940
502605 436416
501825 436893
501045 437371
500265 437850
499485 438330
498705 438811
497925 439293
497145 439776
496365 440260
495585 440745
494805 441231
494025 441718
493245 442206
492465 442695
491685 443185
490905 443676
490125 444168
489345 444661
488565 445155
487785 445650
487005 446146
486225 446643
485445 447141
484665 447640
483885 448140
483105 448641
482325 449143
481545 449646
480765 450150
479985 450655
479205 451161
478425 451668
477645 452176
476865 452685
476085 453195
475305 453706
474525 454218
473745 454731
472965 455245
472185 455760
471405 456276
470625 456793
469845 457311
469065 457830
468285 458350
467505 458871
466725 459393
465945 459916
465165 460440
464385 460965
463605 461491
462825 462018
462045 462546
461265 463075
460485 463605
459705 464136
458925 464668
458145 465201
457365 465735
456585 466270
455805 466806
455025 467343
454245 467881
453465 468420
452685 468960
451905 469501
451125 470043
450345 470586
449565 471130
448785 471675
448005 472221
447225 472768
446445 473316
445665 473865
444885 474415
444105 474966
443325 475518
442545 476071
441765 476625
440985 477180
440205 477736
439425 478293
438645 478851
437865 479410
437085 479970
436305 480531
435525 481093
434745 481656
433965 482220
433185 482785
432405 483351
431625 483918
430845 484486
430065 485055
429285 485625
428505 486196
427725 486768
426945 487341
426165 487915
425385 488490
424605 489066
423825 489643
423045 490221
422265 490800
421485 491380
420705 491961
419925 492543
419145 493126
418365 493710
417585 494295
416805 494881
416025 495468
415245 496056
414465 496645
413685 497235
412905 497826
412125 498418
411345 499011
410565 499605
409785 500200
409005 500796
408225 501393
407445 501991
406665 502590
405885 503190
405105 503791
404325 504393
403545 504996
402765 505600
401985 506205
401205 506811
400425 507418
399645 508026
398865 508635
398085 509245
397305 509856
396525 510468
395745 511081
394965 511695
394185 512310
393405 512926
392625 513543
391845 514161
391065 514780
390285 515400
389505 516021
388725 516643
387945 517266
387165 517890
386385 518515
385605 519141
384825 519768
384045 520396
383265 521025
382485 521655
381705 522286
380925 522918
380145 523551
379365 524185
378585 524820
377805 525456
377025 526093
376245 526731
375465 527370
374685 528010
373905 528651
373125 529293
372345 529936
371565 530580
370785 531225
370005 531871
369225 532518
368445 533166
367665 533815
366885 534465
366105 535116
365325 535768
364545 536421
363765 537075
362985 537730
362205 538386
361425 539043
360645 539701
359865 540360
359085 541020
358305 541681
357525 542343
356745 543006
355965 543670
355185 544335
354405 545001
353625 545668
352845 546336
352065 547005
351285 547675
350505 548346
349725 549018
348945 549691
348165 550365
347385 551040
346605 551716
345825 552393
345045 553071
344265 553750
343485 554430
342705 555111
341925 555793
341145 556476
340365 557160
339585 557845
338805 558531
338025 559218
337245 559906
336465 560595
335685 561285
334905 561976
334125 562668
333345 563361
332565 564055
331785 564750
331005 565446
330225 566143
329445 566841
328665 567540
327885 568240
327105 568941
326325 569643
325545 570346
324765 571050
323985 571755
323205 572461
322425 573168
321645 573876
320865 574585
320085 575295
319305 576006
318525 576718
317745 577431
316965 578145
316185 578860
315405 579576
314625 580293
313845 581011
313065 581730
312285 582450
311505 583171
310725 583893
309945 584616
309165 585340
308385 586065
307605 586791
306825 587518
306045 588246
305265 588975
304485 589705
303705 590436
302925 591168
302145 591901
301365 592635
300585 593370
299805 594106
299025 594843
298245 595581
297465 596320
296685 597060
295905 597801
295125 598543
294345 599286
293565 600030
292785 600775
292005 601521
291225 602268
290445 603016
289665 603765
288885 604515
288105 605266
287325 606018
286545 606771
285765 607525
284985 608280
284205 609036
283425 609793
282645 610551
281865 611310
281085 612070
280305 612831
279525 613593
278745 614356
277965 615120
277185 615885
276405 616651
275625 617418
274845 618186
274065 618955
273285 619725
272505 620496
271725 621268
270945 622041
270165 622815
269385 623590
268605 624366
267825 625143
267045 625921
266265 626700
265485 627480
264705 628261
263925 629043
263145 629826
262365 630610
261585 631395
260805 632181
260025 632968
259245 633756
258465 634545
257685 635335
256905 636126
256125 636918
255345 637711
254565 638505
253785 639300
253005 640096
252225 640893
251445 641691
250665 642490
249885 643290
249105 644091
248325 644893
247545 645696
246765 646500
245985 647305
245205 648111
244425 648918
243645 649726
242865 650535
242085 651345
241305 652156
240525 652968
239745 653781
238965 654595
238185 655410
237405 656226
236625 657043
235845 657861
235065 658680
234285 659500
233505 660321
232725 661143
231945 661966
231165 662790
230385 663615
229605 664441
228825 665268
228045 666096
227265 666925
226485 667755
225705 668586
224925 669418
224145 670251
223365 671085
222585 671920
221805 672756
221025 673593
220245 674431
219465 675270
218685 676110
217905 676951
217125 677793
216345 678636
215565 679480
214785 680325
214005 681171
213225 682018
212445 682866
211665 683715
210885 684565
210105 685416
209325 686268
208545 687121
207765 687975
206985 688830
206205 689686
205425 690543
204645 691401
203865 692260
203085 693120
202305 693981
201525 694843
200745 695706
199965 696570
199185 697435
198405 698301
197625 699168
196845 700036
196065 700905
195285 701775
194505 702646
193725 703518
192945 704391
192165 705265
191385 706140
190605 707016
189825 707893
189045 708771
188265 709650
187485 710530
186705 711411
185925 712293
185145 713176
184365 714060
183585 714945
182805 715831
182025 716718
181245 717606
180465 718495
179685 719385
178905 720276
178125 721168
177345 722061
176565 722955
175785 723850
175005 724746
174225 725643
173445 726541
172665 727440
171885 728340
171105 729241
170325 730143
169545 731046
168765 731950
167985 732855
167205 733761
166425 734668
165645 735576
164865 736485
164085 737395
163305 738306
162525 739218
161745 740131
160965 741045
160185 741960
159405 742876
158625 743793
157845 744711
157065 745630
156285 746550
155505 747471
154725 748393
153945 749316
153165 750240
152385 751165
151605 752091
150825 753018
150045 753946
149265 754875
148485 755805
147705 756736
146925 757668
146145 758601
145365 759535
144585 760470
143805 761406
143025 762343
142245 763281
141465 764220
140685 765160
139905 766101
139125 767043
138345 767986
137565 768930
136785 769875
136005 770821
135225 771768
134445 772716
133665 773665
132885 774615
132105 775566
131325 776518
130545 777471
129765 778425
128985 779380
128205 780336
127425 781293
126645 782251
125865 783210
125085 784170
124305 785131
123525 786093
122745 787056
121965 788020
121185 788985
120405 789951
119625 790918
118845 791886
118065 792855
117285 793825
116505 794796
115725 795768
114945 796741
114165 797715
113385 798690
112605 799666
111825 800643
111045 801621
110265 802600
109485 803580
870276 325479
346504 562208
854585 326217
461403 476800
698332 355208
837586 333090
121652 805779
170105 742042
848079 326980
859686 324398
778202 339091
721209 344712
804993 336598
526888 427535
533266 432229
416053 501611
626648 380406
502354 443179
556298 413062
150087 759473
0 938200 761891 0
0 870512 943710 0
0 915585 835759 0
0 790108 1113432 0
0 746025 1211030 0
0 938519 760566 0
0 916641 832825 0
0 679206 1381436 0
0 858883 968805 0
0 918198 828450 0
0 935331 773247 0
0 614559 1595197 0
0 559124 1851875 0
0 844169 999927 0
0 510794 2183123 0
0 863962 957911 0
0 911476 846875 0
0 890381 899025 0
0 637930 1510123 0
0 750483 1200774 0
0 898777 879055 0
0 793494 1106212 0
0 543024 1947400 0
0 902897 868920 0
0 748579 1205143 0
0 875257 933289 0
0 819801 1050854 0
0 806141 1079468 0
0 923829 811929 0
0 869707 945466 0
0 783807 1126948 0
0 871313 941960 0
0 783227 1128194 0
0 473438 2573392 0
0 629967 1537947 0
0 703698 1314694 0
0 784384 1125704 0
0 935507 772573 0
0 886128 908850 0
0 693034 1343024 0
0 755519 1189313 0
0 584379 1723310 0
0 449693 2935236 0
0 719610 1274226 0
0 605475 1631332 0
0 937878 763218 0
0 811475 1068271 0
0 848290 991260 0
0 861863 962424 0
0 600469 1652084 0
0 847380 993173 0
0 908612 854391 0
0 859738 966973 0
0 915584 835758 0
0 507976 2207358 0
0 539403 1970654 0
0 849645 988402 0
0 647355 1478585 0
0 923830 811930 0
0 580085 1743607 0
0 674764 1394214 0
0 934064 777971 0
0 874867 934150 0
0 872507 939345 0
0 857589 971561 0
0 591197 1692235 0
0 548427 1913974 0
0 848290 991260 0
0 545730 1930475 0
0 795173 1102640 0
0 916903 832094 0
0 895160 887762 0
0 829847 1029882 0
0 851439 984614 0
0 880609 921362 0
0 843241 1001871 0
0 635552 1518316 0
0 450694 2917357 0
0 893814 890959 0
0 576630 1760360 0
0 661221 1434639 0
0 923829 811929 0
0 747304 1208077 0
0 931385 787512 0
0 492785 2350902 0
0 916903 832094 0
0 891075 897403 0
0 625947 1552429 0
0 751117 1199327 0
0 745385 1212514 0
0 649687 1470991 0
0 612095 1604819 0
0 876806 929855 0
0 882844 916325 0
0 921930 817630 0
0 843241 1001871 0
0 612095 1604819 0
0 858883 968805 0
0 612095 1604819 0
0 810946 1069380 0
0 940638 751355 0
0 763564 1171249 0
0 677729 1385659 0
0 570548 1790857 0
0 716197 1282741 0
0 831810 1025789 0
0 936718 767882 0
0 873692 936742 0
0 612094 1604818 0
0 899743 876702 0
0 801802 1088609 0
0 802892 1086307 0
0 612095 1604819 0
0 864796 956117 0
0 676989 1387784 0
0 698749 1327710 0
0 938200 761891 0
0 900062 875918 0
0 848743 990306 0
0 869707 945466 0
0 933694 779327 0
0 819287 1051924 0
0 676989 1387784 0
0 690153 1350865 0
0 448691 2953411 0
0 802348 1087457 0
0 902897 868920 0
0 908028 855906 0
0 928297 797875 0
0 917683 829904 0
0 593739 1681002 0
0 493742 2341148 0
0 678468 1383543 0
0 518270 2122050 0
0 884679 912161 0
0 872506 939344 0
0 780317 1134479 0
0 577495 1756127 0
0 585235 1719334 0
0 704400 1312862 0
0 930583 790261 0
0 822856 1044472 0
0 815669 1059487 0
0 861440 963331 0
0 932939 782045 0
0 765396 1167173 0
0 932557 783408 0
0 772038 1152517 0
0 648134 1476041 0
0 887562 905557 0
0 830340 1028857 0
0 651238 1465991 0
0 844169 999927 0
0 927652 799965 0
0 704400 1312862 0
0 687981 1356829 0
0 731695 1244760 0
0 858882 968804 0
0 913421 841664 0
0 938040 762554 0
0 757390 1185084 0
0 822350 1045531 0
0 788401 1117080 0
0 770841 1155150 0
0 480255 2489030 0
0 762950 1172614 0
0 813579 1063859 0
0 672528 1400727 0
0 918963 826272 0
0 627558 1546588 0
0 562656 1832453 0
0 833755 1021727 0
0 913422 841665 0
0 751748 1197883 0
0 908321 855149 0
0 863962 957911 0
0 679942 1379337 0
0 791806 1109809 0
0 864380 957014 0
0 856722 973407 0
0 746666 1209552 0
0 794614 1103828 0
0 919968 823380 0
0 795732 1101457 0
0 853657 979916 0
0 921930 817630 0
0 882103 917999 0
0 894824 888559 0
0 783227 1128194 0
0 541217 1958928 0
0 749214 1203682 0
0 588647 1703693 0
0 629966 1537946 0
0 868494 948111 0
0 452692 2882452 0
0 594582 1677305 0
0 939299 757265 0
0 480255 2489030 0
0 592892 1684721 0
0 670285 1407328 0
0 462626 2723386 0
0 918708 826996 0
0 612916 1601592 0
0 770239 1156471 0
0 835203 1018699 0
0 848742 990305 0
0 484129 2444145 0
0 907734 856664 0
0 646574 1481139 0
0 839494 1009724 0
0 854099 978982 0
0 780902 1133216 0
0 754265 1192152 0
0 935858 771231 0
0 732358 1243175 0
0 659697 1439338 0
0 872109 940215 0
0 803436 1085161 0
0 628362 1543692 0
0 934430 776618 0
0 460647 2753297 0
0 886127 908849 0
0 721647 1269188 0
0 679205 1381435 0
0 725021 1260907 0
0 775612 1144706 0
0 696614 1333397 0
0 828861 1031942 0
0 873691 936741 0
0 874475 935012 0
0 502309 2258220 0
0 506090 2223946 0
0 595427 1673633 0
0 491827 2360772 0
0 768431 1160458 0
0 887918 904737 0
0 653558 1458583 0
0 610446 1611329 0
0 786112 1121990 0
0 922411 816200 0
0 714135 1287921 0
0 794055 1105019 0
0 678467 1383542 0
0 938677 759905 0
0 633163 1526639 0
0 806140 1079467 0
0 863963 957912 0
0 929352 794405 0
0 668032 1414017 0
0 543025 1947401 0
0 602977 1641613 0
0 582664 1731345 0
0 460647 2753297 0
0 939905 754633 0
0 857590 971562 0
0 902586 869694 0
0 913695 840923 0
0 800158 1092079 0
0 758633 1182286 0
0 594582 1677305 0
0 884678 912160 0
0 891420 896593 0
0 762336 1173984 0
0 524757 2072461 0
0 552008 1892601 0
0 481224 2477593 0
0 598792 1659176 0
0 815148 1060577 0
0 877574 928147 0
0 890729 898214 0
0 928510 797180 0
0 817225 1056232 0
0 522908 2086286 0
0 490868 2370758 0
0 567052 1808999 0
0 774424 1147295 0
0 908613 854392 0
0 826377 1037127 0
0 864796 956117 0
0 766006 1165823 0
0 936031 770559 0
0 506090 2223946 0
0 836643 1015691 0
0 451694 2899765 0
0 706503 1307408 0
0 627558 1546588 0
0 846009 996057 0
0 921203 819781 0
0 885405 910502 0
0 611270 1608063 0
0 633163 1526639 0
0 544830 1936070 0
0 855415 976187 0
0 858452 969721 0
0 885406 910503 0
0 674019 1396375 0
0 876420 930712 0
0 788401 1117080 0
0 448692 2953412 0
0 893814 890959 0
0 718249 1277614 0
0 936548 768551 0
0 834238 1020715 0
0 920958 820499 0
0 577495 1756127 0
0 708598 1302017 0
0 879479 923897 0
0 793493 1106211 0
0 926558 803463 0
0 924525 809803 0
0 652785 1461040 0
0 873692 936742 0
0 522908 2086286 0
0 773233 1149899 0
0 926559 803464 0
0 512669 2167383 0
0 895159 887761 0
0 475391 2548487 0
0 926336 804165 0
0 840907 1006765 0
0 592893 1684722 0
0 676989 1387784 0
0 473438 2573392 0
0 783807 1126948 0
0 854538 978048 0
0 844169 999927 0
0 456678 2815882 0
0 642660 1494114 0
0 920465 821938 0
0 868494 948111 0
0 507975 2207357 0
0 562656 1832453 0
0 915318 836495 0
0 778561 1138290 0
0 540311 1964766 0
0 894151 890157 0
0 853658 979917 0
0 625946 1552428 0
0 507976 2207358 0
0 617016 1585742 0
0 737617 1230676 0
0 764176 1169887 0
0 583522 1727314 0
0 823867 1042362 0
0 516407 2136857 0
0 913695 840923 0
0 855416 976188 0
0 868494 948111 0
0 850543 986504 0
0 705803 1309219 0
0 882474 917161 0
0 820822 1048717 0
0 865211 955222 0
0 886846 907200 0
0 888978 902281 0
0 869707 945466 0
0 634756 1521075 0
0 840907 1006765 0
0 891421 896594 0
0 885406 910503 0
0 851884 983671 0
0 760489 1178116 0
0 705803 1309219 0
0 879480 923898 0
0 937054 766547 0
0 921446 819063 0
0 561775 1837252 0
0 933507 780006 0
0 735652 1235325 0
0 937054 766547 0
0 931386 787513 0
0 545730 1930475 0
0 941067 749395 0
0 913421 841664 0
0 707901 1303808 0
0 827870 1034009 0
0 906249 860468 0
0 700169 1323956 0
0 553793 1882173 0
0 619464 1576451 0
0 936718 767882 0
0 910627 849120 0
0 463615 2708759 0
0 712066 1293159 0
0 594582 1677305 0
0 917941 829177 0
0 731032 1246350 0
0 671782 1402919 0
0 925889 805570 0
0 873692 936742 0
0 673275 1398547 0
0 727034 1256006 0
0 909193 852881 0
0 776793 1142128 0
0 849645 988402 0
0 707900 1303807 0
0 848289 991259 0
0 645794 1483709 0
0 490869 2370759 0
0 893814 890959 0
0 936377 769220 0
0 736308 1233771 0
0 648133 1476040 0
0 695186 1337226 0
0 844169 999927 0
0 935152 773919 0
0 711374 1294917 0
0 691596 1346929 0
0 899099 878269 0
0 464602 2694342 0
0 765396 1167173 0
0 762337 1173985 0
0 547529 1919429 0
0 913421 841664 0
0 925890 805571 0
0 661220 1434638 0
0 567051 1808998 0
0 867270 950767 0
0 877574 928147 0
0 688707 1354834 0
0 666526 1418528 0
0 808820 1073838 0
0 822857 1044473 0
0 912315 844636 0
0 844169 999927 0
0 519200 2114756 0
0 461637 2738231 0
0 508916 2199195 0
0 841845 1004803 0
0 446685 2990679 0
0 709292 1300231 0
0 854099 978982 0
0 927868 799268 0
0 686529 1360846 0
0 754266 1192153 0
0 926113 804867 0
0 560008 1846962 0
0 499463 2284931 0
0 858882 968804 0
0 665015 1423078 0
0 606306 1627948 0
0 929560 793713 0
0 935858 771231 0
0 845552 997022 0
0 700877 1322090 0
0 916114 834290 0
0 777973 1139566 0
0 758632 1182285 0
0 755519 1189313 0
0 587796 1707564 0
0 786686 1120758 0
0 897476 882207 0
0 916641 832825 0
0 877192 929001 0
0 673274 1398546 0
0 920217 822659 0
0 600470 1652085 0
0 911194 847622 0
0 668033 1414018 0
0 448692 2953412 0
0 938677 759905 0
0 772637 1151207 0
0 617017 1585743 0
0 866036 953435 0
0 897802 881417 0
0 841845 1004803 0
0 643444 1491492 0
0 734336 1238449 0
0 744100 1215494 0
0 710681 1296682 0
0 879100 924745 0
0 939145 757923 0
0 735651 1235324 0
0 542121 1953138 0
0 931186 788198 0
0 932171 784775 0
0 582663 1731344 0
0 936548 768551 0
0 928084 798572 0
0 593738 1681001 0
0 923829 811929 0
0 849645 988402 0
0 735652 1235325 0
0 797953 1096746 0
0 698039 1329598 0
0 693752 1341083 0
0 827870 1034009 0
0 891765 895785 0
0 648134 1476041 0
0 707901 1303808 0
0 487986 2401446 0
0 894824 888559 0
0 527524 2052211 0
0 732358 1243175 0
0 938678 759906 0
0 840908 1006766 0
0 861863 962424 0
0 933694 779327 0
0 747942 1206608 0
0 917940 829176 0
0 532113 2019698 0
0 772038 1152517 0
0 477339 2524236 0
0 848290 991260 0
0 855415 976187 0
0 827871 1034010 0
0 859739 966974 0
0 918962 826271 0
0 602141 1645081 0
0 867270 950767 0
0 814103 1062763 0
0 846467 995094 0
0 917940 829176 0
0 709988 1298454 0
0 938991 758584 0
0 753637 1193579 0
0 791805 1109808 0
0 846009 996057 0
0 933506 780005 0
0 804522 1082877 0
0 514540 2151964 0
0 467556 2652317 0
0 806141 1079468 0
0 672529 1400728 0
0 522909 2086287 0
0 862285 961518 0
0 922412 816201 0
0 672528 1400727 0
0 798505 1095575 0
0 521057 2100383 0
0 767825 1161792 0
0 506091 2223947 0
0 892109 894978 0
0 564418 1822965 0
0 706504 1307409 0
0 710682 1296683 0
0 832783 1023753 0
0 671034 1405118 0
0 506090 2223946 0
0 683611 1368978 0
0 648134 1476041 0
0 710682 1296683 0
0 796845 1099096 0
0 738269 1229135 0
0 622713 1564304 0
0 833269 1022738 0
0 691597 1346930 0
0 876807 929856 0
0 846010 996058 0
0 837597 1013694 0
0 854098 978981 0
0 551115 1897880 0
0 780317 1134479 0
0 914781 837968 0
0 794615 1103829 0
0 723676 1264204 0
0 532113 2019698 0
0 773830 1148596 0
0 709292 1300231 0
0 854977 977117 0
0 633164 1526640 0
0 618650 1579531 0
0 706504 1307409 0
0 513606 2159635 0
0 937220 765879 0
0 869304 946347 0
0 939754 755289 0
0 620277 1573388 0
0 633164 1526640 0
0 524758 2072462 0
0 743456 1216990 0
0 840438 1007751 0
0 828861 1031942 0
0 781484 1131955 0
0 527523 2052210 0
0 790108 1113432 0
0 612094 1604818 0
0 697328 1331495 0
0 690876 1348894 0
0 910911 848371 0
0 879100 924745 0
0 937221 765880 0
0 809352 1072719 0
0 922650 815487 0
0 908320 855148 0
0 842311 1003823 0
0 883948 913823 0
0 611270 1608063 0
0 594582 1677305 0
0 545731 1930476 0
0 939603 755947 0
0 929560 793713 0
0 862706 960615 0
0 801255 1089763 0
0 858452 969721 0
0 930987 788886 0
0 929351 794404 0
0 930583 790261 0
0 792369 1108606 0
0 773829 1148595 0
0 776793 1142128 0
0 607136 1624584 0
0 776203 1143416 0
0 921447 819064 0
0 602142 1645082 0
0 903206 868147 0
0 694470 1339151 0
0 853216 980853 0
0 779148 1137016 0
0 842312 1003824 0
0 720970 1270863 0
0 659696 1439337 0
0 762950 1172614 0
0 707900 1303807 0
0 940926 750049 0
0 621903 1567316 0
0 586943 1711461 0
0 541217 1958928 0
0 761723 1175358 0
0 652013 1463511 0
0 905950 861233 0
0 897148 882998 0
0 776793 1142128 0
0 619464 1576451 0
0 937716 763884 0
0 725693 1259268 0
0 705804 1309220 0
0 717566 1279317 0
0 818259 1054075 0
0 752379 1196444 0
0 800707 1090920 0
0 898128 880628 0
0 637929 1510122 0
0 764176 1169887 0
0 892109 894978 0
0 777383 1140845 0
0 938040 762554 0
0 921203 819781 0
0 583521 1727313 0
0 651238 1465991 0
0 720290 1272541 0
0 762336 1173984 0
0 592893 1684722 0
0 888626 903099 0
0 858882 968804 0
0 468539 2638702 0
0 746665 1209551 0
0 552902 1887367 0
0 938991 758584 0
0 718249 1277614 0
0 884314 912991 0
0 625947 1552429 0
0 796845 1099096 0
0 915318 836495 0
0 915585 835759 0
0 473438 2573392 0
0 611271 1608064 0
0 926998 802062 0
0 851439 984614 0
0 795732 1101457 0
0 671781 1402918 0
0 761107 1176736 0
0 806679 1078337 0
0 909483 852128 0
0 935857 771230 0
0 747304 1208077 0
0 801254 1089762 0
0 866036 953435 0
0 707900 1303807 0
0 854538 978048 0
0 897802 881417 0
0 828861 1031942 0
0 535765 1994738 0
0 471481 2598978 0
0 776203 1143416 0
0 560892 1842088 0
0 632366 1529444 0
0 872109 940215 0
0 719611 1274227 0
0 720290 1272541 0
0 904435 865064 0
0 856723 973408 0
0 702290 1318378 0
0 619463 1576450 0
0 673275 1398547 0
0 924062 811219 0
0 507033 2215607 0
0 768430 1160457 0
0 935858 771231 0
0 930381 790951 0
0 918453 827722 0
0 912316 844637 0
0 462627 2723387 0
0 484128 2444144 0
0 819287 1051924 0
0 766614 1164476 0
0 568801 1799860 0
0 711374 1294917 0
0 612095 1604819 0
0 872506 939344 0
0 882475 917162 0
0 782648 1129446 0
0 839022 1010714 0
0 539404 1970655 0
0 869304 946347 0
0 621091 1570344 0
0 747304 1208077 0
0 908320 855148 0
0 772038 1152517 0
0 460648 2753298 0
0 844631 998957 0
0 651239 1465992 0
0 535766 1994739 0
0 755518 1189312 0
0 826377 1037127 0
0 915585 835759 0
0 899743 876702 0
0 466572 2666126 0
0 931385 787512 0
0 464602 2694342 0
0 922171 816915 0
0 937716 763884 0
0 682147 1373097 0
0 630767 1535096 0
0 514540 2151964 0
0 914781 837968 0
0 770239 1156471 0
0 505147 2232377 0
0 631567 1532263 0
0 651239 1465992 0
0 704401 1312863 0
0 863126 959713 0
0 821333 1047653 0
0 854977 977117 0
0 887918 904737 0
0 645794 1483709 0
0 833270 1022739 0
0 817743 1055153 0
0 859739 966974 0
0 919968 823380 0
0 858882 968804 0
0 606307 1627949 0
0 676989 1387784 0
0 882104 918000 0
0 586089 1715383 0
0 550220 1903201 0
0 658933 1441704 0
0 643445 1491493 0
0 631566 1532262 0
0 829355 1030912 0
0 620278 1573389 0
0 589499 1699850 0
0 770840 1155149 0
0 492786 2350903 0
0 700168 1323955 0
0 592046 1688467 0
0 788970 1115861 0
0 641088 1499396 0
0 876033 931569 0
0 854978 977118 0
0 655098 1453703 0
0 727703 1254383 0
0 686529 1360846 0
0 736308 1233771 0
0 682146 1373096 0
0 898128 880628 0
0 867679 949880 0
0 855415 976187 0
0 937879 763219 0
0 568801 1799860 0
0 902585 869693 0
0 782066 1130698 0
0 899099 878269 0
0 874475 935012 0
0 926559 803464 0
0 877958 927295 0
0 571420 1786405 0
0 937878 763218 0
0 927652 799965 0
0 764787 1168529 0
0 862706 960615 0
0 552008 1892601 0
0 596269 1669983 0
0 466572 2666126 0
0 603811 1638165 0
0 938678 759906 0
0 910056 850622 0
0 929559 793712 0
0 926337 804166 0
0 876033 931569 0
0 493742 2341148 0
0 892453 894173 0
0 780317 1134479 0
0 929767 793021 0
0 535766 1994739 0
0 552901 1887366 0
0 658168 1444081 0
0 834722 1019707 0
0 630767 1535096 0
0 918453 827722 0
0 592045 1688466 0
0 895827 886170 0
0 744743 1214002 0
0 915851 835025 0
0 921446 819063 0
0 743456 1216990 0
0 776203 1143416 0
0 752380 1196445 0
0 552009 1892602 0
0 614559 1595197 0
0 905649 861997 0
0 727034 1256006 0
0 919719 824102 0
0 687257 1358834 0
0 639510 1504731 0
0 897475 882206 0
0 810415 1070490 0
0 736962 1232220 0
0 907439 857422 0
0 925438 806978 0
0 668032 1414017 0
0 939905 754633 0
0 610446 1611329 0
0 937053 766546 0
0 645012 1486291 0
0 461637 2738231 0
0 737616 1230675 0
0 509856 2191117 0
0 912316 844637 0
0 755518 1189312 0
0 787258 1119529 0
0 913147 842407 0
0 738920 1227600 0
0 773830 1148596 0
0 811474 1068270 0
0 806678 1078336 0
0 908904 853637 0
0 894824 888559 0
0 836164 1016693 0
0 833754 1021726 0
0 771439 1153831 0
0 855853 975259 0
0 856287 974332 0
0 918708 826996 0
0 609620 1614613 0
0 501361 2267025 0
0 642659 1494113 0
0 666526 1418528 0
0 627557 1546587 0
0 612916 1601592 0
0 910628 849121 0
0 491827 2360772 0
0 519199 2114755 0
0 669535 1409548 0
0 861863 962424 0
0 764787 1168529 0
0 913146 842406 0
0 513606 2159635 0
0 886127 908849 0
0 560892 1842088 0
0 918708 826996 0
0 698750 1327711 0
0 937879 763219 0
0 896489 884582 0
0 883213 915490 0
0 709292 1300231 0
0 850094 987452 0
0 856722 973407 0
0 841376 1005783 0
0 878340 926444 0
0 676989 1387784 0
0 499462 2284930 0
0 630768 1535097 0
0 934793 775267 0
0 737617 1230676 0
0 932364 784090 0
0 853215 980852 0
0 858022 970641 0
0 660458 1436982 0
0 872506 939344 0
0 921203 819781 0
0 681413 1375167 0
0 813055 1064958 0
0 938991 758584 0
0 929971 792330 0
0 618649 1579530 0
0 885767 909676 0
0 896158 885375 0
0 611270 1608063 0
0 562657 1832454 0
0 795173 1102640 0
0 712758 1291408 0
0 510795 2183124 0
0 618650 1579531 0
0 894151 890157 0
0 657401 1446469 0
0 839495 1009725 0
0 510794 2183123 0
0 912315 844636 0
0 877191 929000 0
0 631566 1532262 0
0 928510 797180 0
0 874866 934149 0
0 893814 890959 0
0 672528 1400727 0
0 939145 757923 0
0 683612 1368979 0
0 506090 2223946 0
0 452693 2882453 0
0 754265 1192152 0
0 830339 1028856 0
0 868087 948995 0
0 921930 817630 0
0 533942 2007106 0
0 752380 1196445 0
0 813056 1064959 0
0 773233 1149899 0
0 605476 1631333 0
0 627557 1546587 0
0 679205 1381435 0
0 835204 1018700 0
0 607964 1621240 0
0 806141 1079468 0
0 787259 1119530 0
0 922651 815488 0
0 854977 977117 0
0 901332 872799 0
0 644229 1488885 0
0 679942 1379337 0
0 831809 1025788 0
0 476366 2536282 0
0 483162 2455155 0
0 465586 2680132 0
0 843706 1000899 0
0 470501 2612036 0
0 940202 753321 0
0 940348 752664 0
0 463614 2708758 0
0 807752 1076083 0
0 469520 2625276 0
0 928933 795791 0
0 517338 2129415 0
0 853216 980853 0
0 673275 1398547 0
0 910912 848372 0
0 621090 1570343 0
0 927217 801362 0
0 709987 1298453 0
0 916114 834290 0
0 912870 843148 0
0 935330 773246 0
0 881731 918838 0
0 716882 1281026 0
0 872902 938475 0
0 896157 885374 0
0 664259 1425369 0
0 661981 1432304 0
0 740222 1224546 0
0 601306 1648573 0
0 895160 887762 0
0 881731 918838 0
0 894489 889358 0
0 880985 920521 0
0 686529 1360846 0
0 762950 1172614 0
0 842311 1003823 0
0 734994 1236884 0
0 716196 1282740 0
0 498511 2294035 0
0 884679 912161 0
0 867270 950767 0
0 693752 1341083 0
0 812002 1067164 0
0 924525 809803 0
0 805602 1080602 0
0 637929 1510122 0
0 663501 1427671 0
0 927653 799966 0
0 893135 892563 0
0 874475 935012 0
0 940639 751356 0
0 715510 1284461 0
0 932750 782727 0
0 655866 1451280 0
0 536676 1988637 0
0 740221 1224545 0
0 897148 882998 0
0 628361 1543691 0
0 747304 1208077 0
0 807751 1076082 0
0 919468 824825 0
0 675506 1392060 0
0 817225 1056232 0
0 939298 757264 0
0 922171 816915 0
0 796289 1100275 0
0 914239 839443 0
0 898129 880629 0
0 799057 1094407 0
0 772636 1151206 0
