181
2000 0
1972 646
1942 1291
1911 1933
1880 2574
1849 3211
1817 3836
1751 5082
1717 5704
1682 6324
1647 6943
1577 8179
1541 8795
1505 9410
1469 10022
1433 10633
1396 11244
1359 11852
1322 12459
1284 13065
1245 13670
1205 14274
1125 15476
1084 16076
958 17873
916 18468
874 19061
745 20837
613 22607
569 23192
525 23775
480 24358
435 24940
390 25517
345 26093
300 26668
253 27234
206 27798
158 28359
109 28913
59 29462
0 30000
-668 29461
-1321 28902
-1974 28337
-2616 27771
-3256 27201
-3888 26629
-4519 26050
-5149 25469
-5777 24888
-6404 24306
-7029 23724
-7650 23141
-8266 22555
-8880 21968
-9489 21381
-10098 20793
-10706 20204
-11313 19615
-11920 19025
-12526 18433
-13132 17839
-14342 16649
-14942 16049
-15540 15447
-16137 14843
-16733 14239
-17328 13634
-17922 13028
-18516 12421
-19108 11812
-19698 11201
-20287 10590
-21463 9366
-22633 8142
-23216 7528
-23799 6912
-24381 6296
-24957 5678
-25529 5060
-26099 4440
-26669 3819
-27234 3198
-27798 2575
-28358 1947
-28916 1310
-29473 666
-30000 0
-29446 -669
-28884 -1337
-28315 -1997
-27745 -2656
-27169 -3284
-26593 -3911
-26016 -4537
-25437 -5162
-24858 -5782
-24278 -6401
-23697 -7014
-23113 -7626
-22527 -8234
-21940 -8840
-21352 -9446
-20174 -10656
-19585 -11260
-18995 -11864
-18403 -12467
-17808 -13067
-16610 -14265
-16011 -14863
-15412 -15459
-14812 -16055
-14212 -16650
-13612 -17244
-13010 -17838
-12407 -18431
-11803 -19023
-10593 -20207
-9983 -20797
-9372 -21385
-8761 -21971
-8147 -22557
-7532 -23142
-6917 -23726
-6302 -24308
-5686 -24889
-5069 -25470
-4448 -26049
-3826 -26627
-3202 -27202
-2574 -27771
-1938 -28335
-1296 -28899
-653 -29460
0 -30000
51 -29439
101 -28873
150 -28305
199 -27735
247 -27165
294 -26595
388 -25453
435 -24881
481 -24305
526 -23728
571 -23150
616 -22570
660 -21989
704 -21407
747 -20824
790 -20237
833 -19648
875 -19059
917 -18469
959 -17877
999 -17284
1039 -16690
1079 -16095
1119 -15498
1159 -14900
1198 -14300
1276 -13096
1315 -12493
1354 -11889
1430 -10671
1467 -10056
1504 -9440
1541 -8823
1578 -8204
1614 -7585
1648 -6965
1682 -6344
1716 -5722
1749 -5099
1782 -4475
1815 -3847
1847 -3218
1911 -1938
1942 -1294
1972 -649
