244
50000 50000
-12648 37631
-75226 25168
-137625 12655
-200000 100
-199802 -33
-199599 -165
-199392 -295
-199184 -425
-198768 -681
-198350 -933
-198140 -1059
-197929 -1185
-197718 -1310
-197507 -1434
-197293 -1558
-197078 -1681
-196646 -1927
-195782 -2415
-195565 -2537
-194914 -2900
-194696 -3021
-194258 -3263
-193598 -3623
-193377 -3743
-193156 -3862
-191602 -4695
-191380 -4813
-190934 -5049
-190711 -5166
-189591 -5751
-187341 -6921
-186889 -7155
-185985 -7619
-184396 -8431
-184169 -8546
-182345 -9466
-181200 -10041
-179597 -10839
-177067 -12093
-175912 -12663
-174526 -13341
-171742 -14697
-171043 -15036
-168480 -16268
-165672 -17612
-162864 -18944
-161219 -19721
-160044 -20271
-157920 -21261
-155550 -22361
-153654 -23233
-149846 -24977
-149607 -25086
-145305 -27030
-144585 -27354
-140265 -29280
-137614 -30457
-134481 -31835
-130851 -33425
-127705 -34790
-123088 -36785
-121144 -37617
-116752 -39489
-114547 -40425
-110382 -42176
-105462 -44236
-103248 -45154
-99296 -46786
-96332 -47998
-91868 -49816
-89388 -50816
-82914 -53416
-81664 -53916
-79414 -54807
-73139 -57282
-69863 -58569
-67343 -59549
-61018 -61999
-55176 -64230
-49821 -66267
-49311 -66459
-41375 -69435
-40604 -69723
-35721 -71528
-32625 -72668
-29529 -73796
-22536 -76334
-21756 -76616
-15516 -78848
-13428 -79592
-9774 -80880
-4010 -82904
-3224 -83177
1247 -84724
1775 -84906
6263 -86436
7853 -86976
9443 -87510
12369 -88489
12635 -88577
16640 -89897
18516 -90513
19856 -90948
22546 -91818
25246 -92688
26059 -92949
27685 -93465
30405 -94325
31224 -94583
31770 -94753
33688 -95348
35613 -95936
35889 -96020
38373 -96767
38927 -96933
39205 -97016
40317 -97344
40595 -97425
41990 -97830
42270 -97911
43390 -98231
43952 -98391
44234 -98471
44798 -98629
45081 -98708
45649 -98866
45933 -98944
46503 -99100
46790 -99178
47654 -99412
47944 -99489
48235 -99566
48527 -99642
48819 -99715
49407 -99861
49703 -99933
50000 -100000
87616 -75160
125193 -50088
162768 -25001
200000 100
199891 173
199778 242
199664 311
199549 379
199433 446
199082 647
198963 713
198843 779
198480 977
198357 1043
198234 1108
197862 1303
197738 1367
197488 1495
197236 1623
196855 1812
196471 2001
195955 2253
195439 2501
194399 2997
194137 3121
193351 3487
192295 3975
191239 4455
189643 5175
188978 5470
187370 6178
187100 6296
184670 7340
180998 8879
179628 9449
178943 9729
175769 11017
174379 11577
172433 12347
170053 13282
167938 14107
166944 14492
163394 15842
161535 16544
158818 17551
155794 18664
154634 19088
150719 20492
147507 21636
146193 22095
141048 23880
139124 24543
135424 25793
130954 27293
130204 27543
125104 29209
120272 30777
119970 30873
114650 32553
111896 33417
109907 34028
105287 35438
101877 36472
100161 36989
97353 37817
94527 38645
92473 39243
90261 39873
86604 40908
83084 41898
82284 42118
79708 42822
76954 43570
76628 43658
74346 44260
71722 44948
70574 45242
68264 45830
66272 46334
65608 46498
63604 46990
62092 47359
61756 47439
60066 47839
59386 47999
58360 48239
57500 48439
57156 48517
55945 48790
55597 48868
55247 48946
54722 49060
53842 49250
53665 49288
53487 49326
53308 49364
53129 49401
52229 49586
51865 49660
51683 49696
51500 49732
50948 49840
50763 49875
50577 49908
50388 49940
50194 49971
