2509
229582 22372
229759 22405
229984 22447
230198 22487
230870 22613
231136 22663
231237 22682
231407 22714
231545 22740
232033 22832
232351 22892
232441 22909
232568 22933
232753 22968
233017 23018
233249 23062
233797 23166
233876 23181
233976 23200
234097 23223
234832 23363
235094 23413
235424 23476
235691 23527
235827 23553
236109 23607
236469 23676
236615 23704
236714 23723
237416 23858
237499 23874
237639 23901
237784 23929
238136 23997
238255 24020
238405 24049
238777 24121
238875 24140
238942 24153
239045 24173
239323 24227
239863 24332
239981 24355
240104 24379
240360 24429
240621 24480
241403 24633
241546 24661
241842 24719
241893 24729
242005 24751
242356 24820
242722 24892
243052 24957
243326 25011
243610 25067
243757 25096
243833 25111
243914 25127
244172 25178
244268 25197
244672 25277
244778 25298
244894 25321
245015 25345
245146 25371
245418 25425
245564 25454
248649 26071
248947 26131
249364 26215
249498 26242
249870 26317
250108 26365
250222 26388
250430 26430
250529 26450
250623 26469
250801 26505
250885 26522
250964 26538
251186 26583
251472 26641
251605 26668
251733 26694
251979 26744
252097 26768
252210 26791
252426 26835
252529 26856
252921 26936
253063 26965
253156 26984
253464 27047
253713 27098
253957 27148
254113 27180
254332 27225
254439 27247
254580 27276
254920 27346
255051 27373
255148 27393
255274 27419
255395 27444
255695 27506
256275 27626
256608 27695
256690 27712
256849 27745
256926 27761
257128 27803
257575 27896
257839 27951
258117 28009
258347 28057
258438 28076
258639 28118
258897 28172
259269 28250
259412 28280
259655 28331
259774 28356
260306 28468
260434 28495
260543 28518
260633 28537
260775 28567
260879 28589
261016 28618
261186 28654
261540 28729
262002 28827
262294 28889
262407 28913
262487 28930
263004 29040
263112 29063
263478 29141
263778 29205
263956 29243
264073 29268
264204 29296
265310 29533
265552 29585
265766 29631
265845 29648
265989 29679
266249 29735
266365 29760
266824 29859
266963 29889
267139 29927
267264 29954
267634 30034
267768 30063
267865 30084
267985 30110
268068 30128
268174 30151
268432 30207
269076 30347
269448 30428
269526 30445
269659 30474
269934 30534
270218 30596
270392 30634
270749 30712
271197 30810
271334 30840
271439 30863
271950 30975
272073 31002
272255 31042
272537 31104
272950 31195
273331 31279
273671 31354
274106 31450
274183 31467
274269 31486
274364 31507
274676 31576
274920 31630
275069 31663
276230 31921
276674 32020
276813 32051
277297 32159
277409 32184
277512 32207
277700 32249
277785 32268
277861 32285
278147 32349
278263 32375
278370 32399
278860 32509
279274 32602
279403 32631
279923 32748
280145 32798
280349 32844
280615 32904
280832 32953
280947 32979
281199 33036
281336 33067
281495 33103
281623 33132
281742 33159
282447 33319
283085 33464
283243 33500
283414 33539
283506 33560
283646 33592
283729 33611
283860 33641
283908 33652
283969 33666
284413 33768
284500 33788
284626 33817
284765 33849
285571 34035
285865 34103
285986 34131
286202 34181
286284 34200
286353 34216
286478 34245
286534 34258
286818 34324
287162 34404
287278 34431
287789 34550
287892 34574
288462 34707
288569 34732
288663 34754
288791 34784
288872 34803
289068 34849
289366 34919
289961 35059
290101 35092
290347 35150
290665 35225
290754 35246
291042 35314
291169 35344
291444 35409
291740 35479
291833 35501
291964 35532
292306 35613
292846 35741
293124 35807
293204 35826
293608 35922
294049 36027
294179 36058
294615 36162
294879 36225
295214 36305
295331 36333
295686 36418
295807 36447
296632 36645
296711 36664
296977 36728
297085 36754
297222 36787
297305 36807
297417 36834
297699 36902
298134 37007
298374 37065
298465 37087
298837 37177
298965 37208
299196 37264
299332 37297
299435 37322
299645 37373
299966 37451
300110 37486
300591 37603
300825 37660
301235 37760
301321 37781
301452 37813
301812 37901
302000 37947
302539 38079
302743 38129
302902 38168
303232 38249
303403 38291
303639 38349
303700 38364
304078 38457
304208 38489
304760 38625
304979 38679
305129 38716
305210 38736
305295 38757
305384 38779
305570 38825
305764 38873
305966 38923
306176 38975
306394 39029
306511 39058
306777 39124
307188 39226
307329 39261
307764 39369
307913 39406
311505 40304
311799 40378
312085 40450
312363 40520
312490 40552
312736 40614
312855 40644
312970 40673
313303 40757
313517 40811
313620 40837
313719 40862
313814 40886
313901 40908
314059 40948
314205 40985
314489 41057
314690 41108
314820 41141
315135 41221
315379 41283
315674 41358
315788 41387
316063 41457
316275 41511
316377 41537
316675 41613
316871 41663
317012 41699
317192 41745
317458 41813
317544 41835
317669 41867
317833 41909
318145 41989
318258 42018
318702 42132
318811 42160
319406 42313
319542 42348
319674 42382
320201 42518
320468 42587
320762 42663
320905 42700
320990 42722
321326 42809
321743 42917
322121 43015
322433 43096
322833 43200
323025 43250
323144 43281
323712 43429
324402 43609
324670 43679
325003 43766
325091 43789
325351 43857
325565 43913
326012 44030
326306 44107
326596 44183
326699 44210
326943 44274
327366 44385
327564 44437
327918 44530
328055 44566
328910 44791
329020 44820
329111 44844
329687 44996
330062 45095
330221 45137
330765 45281
330882 45312
331014 45347
331455 45464
331583 45498
331726 45536
331884 45578
331978 45603
332196 45661
332444 45727
332583 45764
333633 46044
333764 46079
333880 46110
334052 46156
334265 46213
334519 46281
334743 46341
334840 46367
334963 46400
335112 46440
335328 46498
335529 46552
335622 46577
335767 46616
336053 46693
336335 46769
336450 46800
336513 46817
336650 46854
336983 46944
337105 46977
337275 47023
337947 47205
338054 47234
338526 47362
338913 47467
339005 47492
339108 47520
339222 47551
340465 47890
341065 48054
341204 48092
341588 48197
341705 48229
341811 48258
342147 48350
342293 48390
342428 48427
342552 48461
342694 48500
342876 48550
343007 48586
343407 48696
343556 48737
343665 48767
343861 48821
343988 48856
344539 49008
344644 49037
344720 49058
344843 49092
345125 49170
345237 49201
345562 49291
345710 49332
345876 49378
346179 49462
346899 49662
347032 49699
347226 49753
347305 49775
347585 49853
347951 49955
348245 50037
348718 50169
349262 50321
349355 50347
349473 50380
349759 50460
350459 50656
350591 50693
350698 50723
351097 50835
351243 50876
351510 50951
351994 51087
352282 51168
352417 51206
352488 51226
352598 51257
352747 51299
353254 51442
353378 51477
353509 51514
353831 51605
353884 51620
354064 51671
354533 51804
354829 51888
355072 51957
355424 52057
355519 52084
355723 52142
356268 52297
356384 52330
356630 52400
357150 52548
357424 52626
359097 53104
359669 53268
359941 53346
360056 53379
360380 53472
360474 53499
360648 53549
360808 53595
361173 53700
361503 53795
361680 53846
361836 53891
361985 53934
362210 53999
362293 54023
362414 54058
362832 54179
362977 54221
363298 54314
363436 54354
363736 54441
364201 54576
364349 54619
364435 54644
364765 54740
364899 54779
364978 54802
365105 54839
365633 54993
365746 55026
365835 55052
365900 55071
366105 55131
366245 55172
366344 55201
366576 55269
367108 55425
367292 55479
367510 55543
368241 55758
368825 55930
369083 56006
369307 56072
369497 56128
369575 56151
369880 56241
370178 56329
371058 56589
371173 56623
371386 56686
371680 56773
371805 56810
371994 56866
372139 56909
372257 56944
372348 56971
372604 57047
372880 57129
373546 57327
373714 57377
374419 57587
374627 57649
374684 57666
374885 57726
375146 57804
375360 57868
375711 57973
375838 58011
375975 58052
376122 58096
377462 58498
377605 58541
377974 58652
378087 58686
378499 58810
378592 58838
378884 58926
379073 58983
379305 59053
379517 59117
379815 59207
379954 59249
380212 59327
380331 59363
380562 59433
380928 59544
381218 59632
381386 59683
381465 59707
381567 59738
381692 59776
382497 60021
382753 60099
382858 60131
382940 60156
383222 60242
383340 60278
383530 60336
383792 60416
384044 60493
384214 60545
384655 60680
384877 60748
385249 60862
385474 60931
385738 61012
385852 61047
385992 61090
387071 61422
387191 61459
387340 61505
387544 61568
387654 61602
387932 61688
388226 61779
388339 61814
388694 61924
388994 62017
389123 62057
389442 62156
389854 62284
390298 62422
390417 62459
390507 62487
390934 62620
391348 62749
391502 62797
391595 62826
391736 62870
392232 63025
392494 63107
392724 63179
392823 63210
392973 63257
393509 63425
393745 63499
393898 63547
393984 63574
394105 63612
394980 63887
395104 63926
395676 64106
395892 64174
396019 64214
396238 64283
396330 64312
396552 64382
396701 64429
397062 64543
397334 64629
397432 64660
397590 64710
397729 64754
397789 64773
397890 64805
398032 64850
398319 64941
398423 64974
398801 65094
398971 65148
399616 65353
400254 65556
400389 65599
400571 65657
400709 65701
401320 65896
401558 65972
401774 66041
401871 66072
401993 66111
402140 66158
402465 66262
402783 66364
402945 66416
403163 66486
403723 66666
403838 66703
403984 66750
404161 66807
404310 66855
404673 66972
405014 67082
405302 67175
405432 67217
405630 67281
406029 67410
406267 67487
406545 67577
407042 67738
407150 67773
407295 67820
407443 67868
407671 67942
407902 68017
407982 68043
408105 68083
408277 68139
408409 68182
408455 68197
408645 68259
409221 68447
409760 68623
409910 68672
410011 68705
410219 68773
410433 68843
410763 68951
410989 69025
411163 69082
411285 69122
411477 69185
411608 69228
411675 69250
411812 69295
411952 69341
412171 69413
412320 69462
412472 69512
412630 69564
412712 69591
412797 69619
412973 69677
413067 69708
413261 69772
413661 69904
413764 69938
413873 69974
413985 70011
414100 70049
414454 70166
414581 70208
414841 70294
414977 70339
415255 70431
415539 70525
415684 70573
416128 70720
420541 72191
420687 72240
420830 72288
421104 72380
421235 72424
421491 72510
421616 72552
421738 72593
421976 72673
422092 72712
422318 72788
422425 72824
422526 72858
422621 72890
422713 72921
422891 72981
422974 73009
423054 73036
423131 73062
423427 73162
423563 73208
423829 73298
424349 73474
424535 73537
424889 73657
425004 73696
425228 73772
425446 73846
425552 73882
425655 73917
425855 73985
426002 74035
426099 74068
426710 74276
426848 74323
426980 74368
427238 74456
427616 74585
427985 74711
428064 74738
428181 74778
428333 74830
428444 74868
428809 74993
428984 75053
429121 75100
429325 75170
429459 75216
429657 75284
429788 75329
430332 75516
430582 75602
430768 75666
431012 75750
431282 75843
431520 75925
432013 76095
432155 76144
432381 76222
432520 76270
432850 76384
433093 76468
433359 76560
434113 76821
434315 76891
434465 76943
434713 77029
435693 77369
435814 77411
436174 77536
436459 77635
436577 77676
437000 77823
437736 78079
438006 78173
438118 78212
438207 78243
438405 78312
438921 78492
439219 78596
439302 78625
439508 78697
439631 78740
440060 78890
440500 79044
440637 79092
440871 79174
441139 79268
441196 79288
441899 79535
442027 79580
442118 79612
442263 79663
442425 79720
442550 79764
442692 79814
443661 80156
443811 80209
444077 80303
444176 80338
444422 80425
444747 80540
444860 80580
445114 80670
445193 80698
445303 80737
445444 80787
445630 80853
445906 80951
445982 80978
446103 81021
446418 81133
446567 81186
446671 81223
446848 81286
447112 81380
447331 81458
447592 81551
447822 81633
448592 81908
448729 81957
448852 82001
448961 82040
449204 82127
449352 82180
449620 82276
449860 82362
450178 82476
450613 82632
450875 82726
450992 82768
451095 82805
451287 82874
451376 82906
451654 83006
452129 83177
452265 83226
452376 83266
452559 83332
452753 83402
452836 83432
453071 83517
453361 83622
453488 83668
453764 83768
453913 83822
454015 83859
454150 83908
454296 83961
454879 84173
455019 84224
455137 84267
455329 84337
455414 84368
455710 84476
456214 84660
456578 84793
456868 84899
457360 85079
457584 85161
457655 85187
458315 85429
458593 85531
458811 85611
458890 85640
459018 85687
459312 85795
459429 85838
459497 85863
459747 85955
460184 86116
460325 86168
460447 86213
460550 86251
460802 86344
460932 86392
461070 86443
461189 86487
461289 86524
461478 86594
461594 86637
461772 86703
461958 86772
462249 86880
462381 86929
462486 86968
462930 87133
463043 87175
463199 87233
463672 87409
463817 87463
463927 87504
464045 87548
464120 87576
464203 87607
464294 87641
464393 87678
464853 87850
464984 87899
465401 88055
468049 89048
468347 89160
468488 89213
468754 89313
468988 89401
469065 89430
469203 89482
469463 89580
469585 89626
469903 89746
470197 89857
470782 90078
470864 90109
470983 90154
471612 90392
471942 90517
472029 90550
472303 90654
472627 90777
472785 90837
472914 90886
473064 90943
473419 91078
473603 91148
473716 91191
473984 91293
474572 91517
474711 91570
474947 91660
475141 91734
475272 91784
475395 91831
476245 92156
476360 92200
476616 92298
477039 92460
477159 92506
477305 92562
477391 92595
477688 92709
477912 92795
478050 92848
479402 93368
479672 93472
479794 93519
480082 93630
480165 93662
480393 93750
480569 93818
480688 93864
480988 93980
481298 94100
481440 94155
481600 94217
482090 94407
482224 94459
482327 94499
482466 94553
483204 94840
483353 94898
483579 94986
483864 95097
484000 95150
484177 95219
484318 95274
484769 95450
484915 95507
485020 95548
485276 95648
485450 95716
485583 95768
485905 95894
486025 95941
486316 96055
486538 96142
486663 96191
487020 96331
487099 96362
487369 96468
488097 96754
488275 96824
488725 97001
488819 97038
488946 97088
489309 97231
489413 97272
489626 97356
489953 97485
489991 97500
490072 97532
490444 97679
491046 97917
491180 97970
491319 98025
491799 98215
492097 98333
492309 98417
492420 98461
492536 98507
492657 98555
492846 98630
493458 98873
493896 99047
494072 99117
494165 99154
494263 99193
494366 99234
494582 99320
494808 99410
494931 99459
495463 99671
495739 99781
496183 99958
498878 101036
499020 101093
499568 101313
499700 101366
499827 101417
499949 101466
500066 101513
500178 101558
500392 101644
500494 101685
500688 101763
500780 101800
500867 101835
501031 101901
501108 101932
501257 101992
501401 102050
501669 102158
501917 102258
502036 102306
502264 102398
502524 102503
502722 102583
503014 102701
503296 102815
503432 102870
503521 102906
503783 103012
504161 103165
504240 103197
504588 103338
504921 103473
505493 103705
505599 103748
505944 103888
506146 103970
506412 104078
506572 104143
506695 104193
506786 104230
506936 104291
507349 104459
507494 104518
507666 104588
508086 104759
508491 104924
508621 104977
508697 105008
509089 105168
509209 105217
509302 105255
509417 105302
509554 105358
509906 105502
510055 105563
510182 105615
510287 105658
510453 105726
510597 105785
510902 105910
511002 105951
511280 106065
511748 106257
511882 106312
511977 106351
512089 106397
512218 106450
512510 106570
512724 106658
512848 106709
513494 106975
513790 107097
513904 107144
514476 107380
514665 107458
515033 107610
515183 107672
515287 107715
515420 107770
515594 107842
515850 107948
516048 108030
516258 108117
516422 108185
516692 108297
516880 108375
517039 108441
517299 108549
517376 108581
517643 108692
518018 108848
518316 108972
519192 109337
519609 109511
520069 109703
520172 109746
520445 109860
520524 109893
520670 109954
520871 110038
520981 110084
521263 110202
521650 110364
521767 110413
521989 110506
522094 110550
522230 110607
522447 110698
522876 110878
523038 110946
524138 111408
524414 111524
524502 111561
524823 111696
524949 111749
525424 111949
525704 112067
525806 112110
526055 112215
526349 112339
526619 112453
526735 112502
527232 112712
527355 112764
527653 112890
527991 113033
528128 113091
528350 113185
528435 113221
528579 113282
528697 113332
528789 113371
529482 113665
529621 113724
529767 113786
529880 113834
530080 113919
530341 114030
530475 114087
530992 114307
531093 114350
531201 114396
531384 114474
531771 114639
531907 114697
532193 114819
532418 114915
532521 114959
532631 115006
532748 115056
534722 115902
534992 116018
535120 116073
535334 116165
535534 116251
535678 116313
536089 116490
536219 116546
536342 116599
536574 116699
536625 116721
536771 116784
536866 116825
537130 116939
537366 117041
537625 117153
537729 117198
537930 117285
538200 117402
538343 117464
538479 117523
538585 117569
538730 117632
539213 117842
539475 117956
539560 117993
539707 118057
539893 118138
539994 118182
540618 118454
540806 118536
541104 118666
541324 118762
541450 118817
541734 118941
541908 119017
542217 119152
543561 119740
543835 119860
544077 119966
544182 120012
544449 120129
544522 120161
544636 120211
544832 120297
544873 120315
545021 120380
545128 120427
545194 120456
545285 120496
545517 120598
545658 120660
546233 120913
546451 121009
546619 121083
546905 121209
547495 121469
547876 121637
548420 121877
548565 121941
548787 122039
549018 122141
549362 122293
549500 122354
549647 122419
549699 122442
549812 122492
550056 122600
550318 122716
551018 123026
551167 123092
551264 123135
551370 123182
551600 123284
551724 123339
552150 123528
553068 123936
553214 124001
553351 124062
553735 124233
553854 124286
554074 124384
554166 124425
554249 124462
554545 124594
554962 124780
555222 124896
555343 124950
555511 125025
555614 125071
555764 125138
555999 125243
556131 125302
556216 125340
556368 125408
556654 125536
556864 125630
556931 125660
557219 125789
557625 125971
557897 126093
558111 126189
558267 126259
558414 126325
558681 126445
559008 126592
559528 126826
559659 126885
559881 126985
560063 127067
560205 127131
560327 127186
560429 127232
560695 127352
560912 127450
561182 127572
561390 127666
561755 127831
561870 127883
561912 127902
562060 127969
562378 128113
562795 128302
563020 128404
563106 128443
563203 128487
563311 128536
563452 128600
564992 129300
565137 129366
565249 129417
565350 129463
565530 129545
565609 129581
565756 129648
565892 129710
566267 129881
566438 129959
566587 130027
566679 130069
566933 130185
567049 130238
567574 130478
567832 130596
567950 130650
568234 130780
568317 130818
568638 130965
568900 131085
569236 131239
569768 131483
569877 131533
569962 131572
570108 131639
570596 131863
570731 131925
570842 131976
570929 132016
571066 132079
571366 132217
571592 132321
571718 132379
571896 132461
571998 132508
572113 132561
572369 132679
572651 132809
573379 133145
573669 133279
573933 133401
574119 133487
574199 133524
574346 133592
574614 133716
575098 133940
575206 133990
575355 134059
575491 134122
575942 134331
576067 134389
576459 134571
576855 134755
577068 134854
577296 134960
577597 135100
577698 135147
578046 135309
578484 135513
578587 135561
578823 135671
579222 135857
579370 135926
580525 136465
580799 136593
580921 136650
581013 136693
581291 136823
581353 136852
581462 136903
581932 137123
582184 137241
582470 137375
582598 137435
582888 137571
583001 137624
583295 137762
583427 137824
583576 137894
583659 137933
584329 138248
585247 138680
585385 138745
585627 138859
585731 138908
586081 139073
586204 139131
586416 139231
586541 139290
586793 139409
586920 139469
587011 139512
587341 139668
587470 139729
588062 140009
588155 140053
588379 140159
588529 140230
589213 140554
589483 140682
589715 140792
589871 140866
590145 140996
590263 141052
590461 141146
590600 141212
590640 141231
590781 141298
591025 141414
591311 141550
591475 141628
591578 141677
591702 141736
592332 142036
592460 142097
592567 142148
592739 142230
592848 142282
593376 142534
593598 142640
593866 142768
593956 142811
594092 142876
594460 143052
594600 143119
594951 143287
595045 143332
595187 143400
595306 143457
595642 143618
595715 143653
595813 143700
595936 143759
596286 143927
596413 143988
596617 144086
596771 144160
596875 144210
597268 144399
597374 144450
597906 144706
598554 145018
598828 145150
598938 145203
599021 145243
599077 145270
599359 145406
599614 145529
599728 145584
600308 145864
600455 145935
600544 145978
600693 146050
600933 146166
601115 146254
601797 146584
602049 146706
602369 146861
603029 147181
603163 147246
603231 147279
603437 147379
603851 147580
604236 147767
604520 147905
604592 147940
604919 148099
605357 148312
605616 148438
605766 148511
605842 148548
605957 148604
606113 148680
606193 148719
606314 148778
606560 148898
606685 148959
606853 149041
607111 149167
607242 149231
607418 149317
607508 149361
607645 149428
607737 149473
608015 149609
608532 149862
608628 149909
609167 150173
609316 150246
609416 150295
609569 150370
609675 150422
609783 150475
610003 150583
610117 150639
610349 150753
610467 150811
610589 150871
610961 151054
611339 151240
611595 151366
611725 151430
611857 151495
612058 151594
612330 151728
612468 151796
612748 151934
612819 151969
612963 152040
613036 152076
613184 152149
613259 152186
613413 152262
613492 152301
613658 152383
613832 152469
613923 152514
614016 152560
614206 152654
614307 152704
614517 152808
614743 152920
614973 153034
615090 153092
615211 153152
615336 153214
615463 153277
615725 153407
616124 153605
616259 153672
616396 153740
616535 153809
616676 153879
616819 153950
616964 154022
624464 157772
624611 157846
624756 157919
625185 158135
625324 158205
625594 158341
625727 158408
625858 158474
626116 158604
626370 158732
626493 158794
626731 158914
627082 159091
627421 159262
627643 159374
627964 159536
628065 159587
628263 159687
628356 159734
628447 159780
628621 159868
628704 159910
628947 160033
629105 160113
629413 160269
629713 160421
629859 160495
630072 160603
630141 160638
630277 160707
630545 160843
630809 160977
631199 161175
631325 161239
631449 161302
631632 161395
631864 161513
632263 161716
632375 161773
632587 161881
632795 161987
632897 162039
632997 162090
633287 162238
633575 162385
633861 162531
634143 162675
634282 162746
634466 162840
634603 162910
634873 163048
635004 163115
635176 163203
635557 163398
635725 163484
635850 163548
635973 163611
636215 163735
636332 163795
636447 163854
636523 163893
636673 163970
637450 164369
637664 164479
637948 164625
638263 164787
638401 164858
638504 164911
638708 165016
638910 165120
639044 165189
639539 165444
639799 165578
639863 165611
640053 165709
640177 165773
640421 165899
640721 166054
640870 166131
640959 166177
641077 166238
641224 166314
642268 166854
642554 167002
642639 167046
642807 167133
642946 167205
-642845 170128
-642089 169732
-641940 169654
-641684 169520
-641363 169352
-641277 169307
-641212 169273
-641080 169204
-640636 168972
-640234 168762
-640054 168668
-639782 168526
-639391 168322
-639274 168261
-639203 168224
-638608 167914
-638368 167789
-638247 167726
-638101 167650
-637805 167496
-637355 167262
-637253 167209
-637149 167155
-636991 167073
-636592 166866
-636052 166586
-635778 166444
-635695 166401
-635583 166343
-635160 166124
-635075 166080
-634932 166006
-634613 165841
-634172 165613
-634054 165552
-633698 165368
-633549 165291
-633249 165136
-633067 165042
-632881 164946
-632689 164847
-632398 164697
-632138 164563
-631511 164240
-631307 164135
-631101 164029
-630926 163939
-630854 163902
-630562 163752
-630081 163505
-629966 163446
-629537 163226
-629180 163043
-629020 162961
-628778 162837
-628368 162627
-628118 162499
-627991 162434
-627432 162148
-627301 162081
-627125 161991
-626859 161855
-626544 161694
-626407 161624
-626315 161577
-626176 161506
-625941 161386
-625512 161167
-625367 161093
-624828 160818
-624728 160767
-624677 160741
-624573 160688
-624308 160553
-624200 160498
-623815 160302
-623591 160188
-623477 160130
-623245 160012
-623186 159982
-622946 159860
-622336 159550
-622147 159454
-622082 159421
-621554 159153
-620951 158847
-620679 158709
-620472 158604
-620332 158533
-619693 158209
-619549 158136
-619330 158025
-619182 157950
-618657 157684
-618503 157606
-618266 157486
-618183 157444
-618098 157401
-618007 157355
-617914 157308
-617819 157260
-617722 157211
-617425 157061
-617324 157010
-617015 156854
-616700 156695
-616486 156587
-616377 156532
-616155 156420
-615804 156243
-615685 156183
-615562 156121
-615437 156058
-615310 155994
-615052 155864
-614790 155732
-614657 155665
-614387 155529
-614250 155460
-614111 155390
-613970 155319
-613827 155247
-613682 155174
-613535 155100
-613386 155025
-607548 152106
-607407 152036
-607129 151898
-606996 151832
-606865 151767
-606740 151705
-606617 151644
-606496 151584
-606379 151526
-606264 151469
-606153 151414
-606044 151360
-605830 151254
-605620 151150
-605414 151048
-605315 150999
-605218 150951
-605123 150904
-605030 150858
-604848 150768
-604759 150724
-604498 150595
-604413 150553
-604330 150512
-604168 150432
-604010 150354
-603933 150316
-603483 150094
-603187 149948
-602899 149806
-602686 149701
-602546 149632
-602339 149530
-602203 149463
-602069 149397
-601679 149205
-601238 148988
-601114 148927
-600992 148867
-600752 148749
-600457 148604
-600343 148548
-600231 148493
-600066 148412
-600013 148386
-599701 148233
-599497 148133
-599397 148084
-599099 147938
-598903 147842
-598758 147771
-598472 147631
-598284 147539
-598192 147494
-597832 147318
-597744 147275
-597271 147044
-597144 146982
-597060 146941
-596810 146819
-596689 146760
-596609 146721
-596252 146547
-595823 146338
-595593 146226
-595517 146189
-595291 146079
-595069 145971
-594777 145829
-594668 145776
-594596 145741
-594489 145689
-594314 145604
-594211 145554
-593947 145426
-593753 145332
-593561 145239
-593309 145117
-593030 144982
-592786 144864
-592695 144820
-592395 144675
-592246 144603
-591801 144388
-591683 144331
-591242 144118
-590691 143852
-590548 143783
-590320 143673
-590065 143550
-589924 143482
-589812 143428
-589395 143227
-589146 143107
-589036 143054
-588899 142988
-588687 142886
-588556 142823
-588427 142761
-588196 142650
-588069 142589
-586969 142061
-586673 141919
-586527 141849
-586285 141733
-585949 141572
-585592 141401
-585450 141333
-585333 141277
-585053 141143
-584731 140989
-584595 140924
-584415 140838
-584348 140806
-584126 140700
-583554 140427
-583336 140323
-583141 140230
-582969 140148
-582862 140097
-582734 140036
-582585 139965
-582018 139695
-581873 139626
-581749 139567
-581463 139431
-581341 139373
-581240 139325
-581160 139287
-580882 139155
-580783 139108
-580606 139024
-580332 138894
-580176 138820
-579982 138728
-579847 138664
-579106 138313
-578956 138242
-578825 138180
-578732 138136
-578584 138066
-578455 138005
-577850 137719
-577704 137650
-577522 137564
-577395 137504
-577143 137385
-577018 137326
-576929 137284
-576787 137217
-576647 137151
-576560 137110
-576456 137061
-576335 137004
-576197 136939
-575602 136659
-575334 136533
-575217 136478
-574817 136290
-574734 136251
-574585 136181
-574321 136057
-574206 136003
-573963 135889
-573850 135836
-573530 135686
-573308 135582
-573229 135545
-572618 135259
-572494 135201
-572310 135115
-571620 134793
-571384 134683
-571281 134635
-571062 134533
-570830 134425
-570729 134378
-570585 134311
-569940 134011
-569656 133879
-569557 133833
-569137 133638
-568887 133522
-568790 133477
-568721 133445
-568475 133331
-568339 133268
-568054 133136
-567946 133086
-567825 133030
-567557 132906
-567410 132838
-567330 132801
-567224 132752
-567105 132697
-566973 132636
-566180 132270
-566052 132211
-565707 132052
-565605 132005
-565427 131923
-565288 131859
-564938 131698
-564527 131509
-564353 131429
-564229 131372
-563711 131134
-563613 131089
-563321 130955
-563236 130916
-563127 130866
-562263 130470
-562001 130350
-561894 130301
-561776 130247
-561389 130070
-560654 129734
-560492 129660
-560238 129544
-559962 129418
-559664 129282
-559561 129235
-559276 129105
-559072 129012
-558993 128976
-558903 128935
-558600 128797
-558477 128741
-558187 128609
-556867 128009
-556347 127773
-556228 127719
-556120 127670
-556034 127631
-555809 127529
-555553 127413
-555085 127201
-554820 127081
-554672 127014
-554398 126890
-554230 126814
-554115 126762
-553823 126630
-553719 126583
-553584 126522
-553119 126312
-552831 126182
-552718 126131
-552636 126094
-552330 125956
-552086 125846
-551944 125782
-551304 125494
-550917 125320
-550699 125222
-550610 125182
-550265 125027
-550029 124921
-549735 124789
-549657 124754
-549443 124658
-548689 124320
-548593 124277
-548459 124217
-548173 124089
-547983 124004
-547851 123945
-547428 123756
-547325 123710
-547101 123610
-546980 123556
-546915 123527
-546749 123453
-546565 123371
-546363 123281
-546143 123183
-545905 123077
-545613 122947
-544578 122487
-544294 122361
-544028 122243
-543904 122188
-543674 122086
-543189 121871
-543101 121832
-543022 121797
-542882 121735
-542577 121600
-542238 121450
-542186 121427
-541892 121297
-541754 121236
-541625 121179
-541505 121126
-541394 121077
-541249 121013
-541045 120923
-540791 120811
-540732 120785
-540589 120722
-540421 120648
-540312 120600
-540178 120541
-539528 120255
-539437 120215
-539116 120074
-538968 120009
-538886 119973
-538690 119887
-538462 119787
-538332 119730
-538186 119666
-537581 119401
-537245 119254
-537126 119202
-536920 119112
-536833 119074
-536620 118981
-536494 118926
-536212 118803
-536079 118745
-535923 118677
-535783 118616
-535480 118484
-535333 118420
-535248 118383
-535032 118289
-534770 118175
-534172 117915
-533875 117786
-533799 117753
-533216 117500
-532877 117353
-532427 117158
-532159 117042
-532018 116981
-531500 116757
-531419 116722
-531294 116668
-531030 116554
-530935 116513
-530789 116450
-530534 116340
-530316 116246
-530258 116221
-529889 116062
-529615 115944
-529522 115904
-529322 115818
-529094 115720
-528973 115668
-528703 115552
-528561 115491
-528412 115427
-526431 114578
-526286 114516
-526148 114457
-526024 114404
-525804 114310
-525701 114266
-525605 114225
-525338 114111
-525188 114047
-524848 113902
-524482 113746
-524212 113631
-524111 113588
-523815 113462
-523627 113382
-523493 113325
-523406 113288
-523279 113234
-523239 113217
-523013 113121
-522794 113028
-522655 112969
-522391 112857
-522155 112757
-522011 112696
-521900 112649
-521588 112517
-521465 112465
-521271 112383
-520911 112231
-520802 112185
-520610 112104
-520316 111980
-520067 111875
-519965 111832
-519844 111781
-519424 111604
-518626 111268
-518336 111146
-518084 111040
-517977 110995
-517801 110921
-517249 110689
-516799 110500
-516718 110466
-516289 110286
-515855 110104
-515719 110047
-515053 109768
-514936 109719
-514549 109557
-514408 109498
-514353 109475
-514109 109373
-513908 109289
-513616 109167
-513537 109134
-513307 109038
-512751 108806
-511659 108351
-511510 108289
-511385 108237
-511159 108143
-511070 108106
-510916 108042
-510680 107944
-510309 107790
-510162 107729
-510068 107690
-509798 107578
-509265 107357
-508821 107173
-508611 107086
-508413 107004
-508157 106898
-507345 106562
-507241 106519
-507016 106426
-506510 106217
-506401 106172
-506023 106016
-505783 105917
-505686 105877
-505116 105642
-504854 105534
-504706 105473
-504179 105256
-504038 105198
-503790 105096
-503576 105008
-502773 104678
-502678 104639
-502544 104584
-502349 104504
-502071 104390
-501871 104308
-501383 104108
-501239 104049
-501112 103997
-500963 103936
-500369 103693
-500249 103644
-500151 103604
-500026 103553
-499798 103460
-499668 103407
-499236 103231
-499096 103174
-499010 103139
-498720 103021
-498484 102925
-498393 102888
-498329 102862
-498228 102821
-497883 102681
-497777 102638
-497634 102580
-497375 102475
-497259 102428
-497180 102396
-496760 102226
-496498 102120
-496142 101976
-495813 101843
-495667 101784
-495568 101744
-495412 101681
-495085 101549
-494914 101480
-494557 101336
-494433 101286
-494046 101130
-493912 101076
-493773 101020
-493413 100875
-492966 100695
-492720 100596
-492546 100526
-492270 100415
-492056 100329
-491944 100284
-491710 100190
-491466 100092
-491339 100041
-491075 99935
-490938 99880
-490796 99823
-490649 99764
-486639 98160
-486491 98101
-486353 98046
-486225 97995
-486102 97946
-485886 97860
-485690 97782
-485504 97708
-485416 97673
-485338 97642
-485119 97555
-484978 97499
-484454 97291
-483950 97091
-483829 97043
-483771 97020
-483549 96932
-483284 96827
-483082 96747
-482933 96688
-482885 96669
-482703 96597
-482435 96491
-482220 96406
-482139 96374
-481901 96280
-481635 96175
-481341 96059
-481232 96016
-481161 95988
-481057 95947
-480646 95785
-480415 95694
-480161 95594
-480067 95557
-480006 95533
-479856 95474
-479767 95439
-479533 95347
-479243 95233
-478991 95134
-478861 95083
-478657 95003
-478407 94905
-477963 94731
-477672 94617
-477097 94392
-477010 94358
-476946 94333
-476526 94169
-476380 94112
-476093 94000
-475975 93954
-475898 93924
-475803 93887
-475410 93734
-475112 93618
-474266 93289
-473988 93181
-473854 93129
-473390 92949
-473292 92911
-473163 92861
-473003 92799
-472892 92756
-472324 92536
-471921 92380
-471784 92327
-471484 92211
-471365 92165
-470793 91944
-470648 91888
-470306 91756
-470166 91702
-469974 91628
-469839 91576
-469543 91462
-468269 90972
-468131 90919
-468006 90871
-467782 90785
-467610 90719
-467391 90635
-467258 90584
-467138 90538
-466997 90484
-466869 90435
-466273 90207
-466001 90103
-465878 90056
-465734 90001
-465569 89938
-465307 89838
-465079 89751
-464982 89714
-464426 89502
-463061 88982
-462793 88880
-462509 88772
-462409 88734
-461893 88538
-461677 88456
-461403 88352
-460620 88055
-460488 88005
-460282 87927
-459505 87633
-459267 87543
-459140 87495
-458915 87410
-458817 87373
-458711 87333
-458597 87290
-458536 87267
-458276 87169
-457862 87013
-457631 86926
-457546 86894
-457453 86859
-457352 86821
-457134 86739
-456900 86651
-456775 86604
-456642 86554
-456501 86501
-456054 86333
-454958 85922
-454664 85812
-454247 85656
-454116 85607
-453771 85478
-453664 85438
-453581 85407
-453506 85379
-453222 85273
-453096 85226
-452860 85138
-452750 85097
-452648 85059
-452503 85005
-452409 84970
-452065 84842
-451839 84758
-451489 84628
-451303 84559
-450520 84269
-450393 84222
-450193 84148
-449755 83986
-449636 83942
-449544 83908
-449433 83867
-449303 83819
-449097 83743
-448975 83698
-448834 83646
-448454 83506
-448166 83400
-448041 83354
-447935 83315
-447674 83219
-447606 83194
-447372 83108
-447078 83000
-446822 82906
-446604 82826
-446465 82775
-446075 82632
-445944 82584
-445843 82547
-445275 82339
-445029 82249
-444895 82200
-444802 82166
-444657 82113
-444605 82094
-444375 82010
-443997 81872
-443923 81845
-443838 81814
-443550 81709
-443336 81631
-443218 81588
-443078 81537
-441923 81117
-441777 81064
-441507 80966
-441383 80921
-441270 80880
-441168 80843
-440870 80735
-440801 80710
-440547 80618
-440373 80555
-440138 80470
-439878 80376
-439795 80346
-439557 80260
-438945 80039
-438848 80004
-438787 79982
-438676 79942
-438540 79893
-437540 79533
-437262 79433
-437173 79401
-437045 79355
-436942 79318
-436800 79267
-436410 79127
-436279 79080
-436134 79028
-435869 78933
-435749 78890
-435615 78842
-435319 78736
-435157 78678
-435062 78644
-434844 78566
-434475 78434
-434338 78385
-433778 78185
-433635 78134
-433506 78088
-433405 78052
