13
4 0 0 0 1 1 1 1 0
8 0 0  0 2  1 2  1 1  2 1  2 2  3 2  3 0
6 0 0  0 2  1 2  1 1  2 1  2 0
4 0 0  1 1  2 0  1 0
7 0 0  0 3  1 1  2 3  3 1  4 3  4 0
7 0 0  0 3  1 2  2 3  3 2  4 3  4 0 
12 4 0  2 4  0 4  1 6  0 8  2 8  4 12  6 8  8 8  7 6  8 4  6 4 
5 0 2  3 3  6 6  5 1  0 0
5 0 0  2 4  3 0  2 1  1 1 
16 2 -1  2 -2  1 -2  0 -1  -1 -2  -2 -2  -2 -1  -1 0  -2 1  -2 2  -1 2  0 1  1 2  2 2  2 1  1 0
17 2 -1  2 -2  1 -2  0 -1  -1 -2  -2 -2  -2 -1  -1 0  -2 1  -2 2  -1 2  0 1  1 2  3 2  3 1  2 1  1 0
17 2 -1  2 -2  1 -2  0 -1  -1 -2  -2 -2  -2 -1  -1 0  -2 1  -2 2  -1 2  0 1  1 2  3 2  3 0  2 1  1 0
8 6 3  2 0  6 10  2 8  4 6  1 7  3 10  7 13
