99 99 1 1
88.6 38.3
91.5 77.7
33.5 79.3
49.2 38.6
42.1 64.9
2.7 36.2
5.9 69.0
92.6 76.3
42.6 54.0
73.6 17.2
36.8 21.1
42.9 56.7
53.0 78.2
12.3 86.2
13.5 6.7
80.2 92.9
5.8 2.2
16.7 6.9
45.6 39.3
4.2 1.1
37.3 22.9
91.9 42.1
53.7 78.4
32.4 19.8
37.0 31.5
52.6 41.3
98.0 9.1
87.3 95.6
17.0 86.2
28.1 99.6
92.5 30.5
32.7 8.4
50.5 33.6
72.9 84.6
85.7 31.3
89.5 12.4
54.5 58.2
36.7 81.4
36.4 43.4
75.0 4.3
80.8 8.7
17.8 27.6
58.4 78.8
65.1 40.3
39.9 75.4
6.0 93.2
36.8 67.6
1.2 73.9
58.6 22.6
53.9 9.4
57.0 79.5
37.8 43.4
60.1 46.7
90.2 9.7
49.2 31.7
75.6 65.2
28.0 30.1
44.1 28.6
68.9 86.5
61.9 44.4
72.9 44.0
11.7 3.1
77.1 9.7
67.5 48.1
92.7 70.9
85.6 56.7
35.3 49.7
96.5 58.6
68.3 30.6
62.4 21.9
87.1 52.8
82.9 73.2
1.9 50.3
36.8 27.0
71.5 70.8
14.9 34.0
72.3 79.6
24.5 61.8
45.1 84.6
55.5 92.1
48.8 37.9
22.8 76.4
35.0 84.1
50.0 19.3
76.4 3.4
91.4 12.4
85.6 98.7
49.1 74.3
36.5 22.7
93.6 85.9
55.1 43.2
22.8 43.7
40.7 27.5
12.1 47.4
39.5 85.8
23.7 2.9
79.3 23.5
42.8 81.8
1.1 14.3
52.9 92.8
40.4 77.6
76.3 44.3
53.8 61.3
84.0 60.6
81.8 90.4
68.8 12.8
91.7 36.9
99.6 91.7
74.3 32.4
18.3 47.0
49.9 49.0
72.5 77.2
59.0 64.4
13.9 50.5
78.6 95.4
8.2 66.9
46.4 54.2
50.7 19.7
80.4 35.5
61.1 34.8
82.8 62.2
34.3 29.9
56.8 74.6
42.2 34.0
81.0 31.1
80.1 60.5
73.0 66.1
30.5 87.8
73.6 32.0
62.6 44.4
46.5 52.2
41.6 70.8
25.8 28.2
63.7 92.4
62.4 6.2
3.6 60.0
89.9 45.2
55.0 37.9
7.1 46.8
13.1 97.3
93.0 88.1
89.4 93.3
16.3 66.0
98.1 19.9
99.6 89.9
77.3 95.9
66.8 81.3
9.5 19.0
46.6 92.6
34.0 8.4
68.4 9.0
54.2 37.6
10.7 93.6
75.6 44.5
41.8 17.9
41.2 88.7
17.2 34.8
0.9 65.9
21.0 33.6
58.7 34.2
30.1 20.6
37.2 71.3
25.5 32.1
59.9 81.9
90.4 72.1
81.1 93.9
66.7 94.0
22.8 70.5
15.0 12.7
65.8 98.4
22.4 92.0
26.9 42.2
8.1 39.6
8.4 63.0
97.2 29.2
85.0 67.2
38.5 62.5
29.9 22.2
4.2 64.0
71.3 89.8
19.0 29.8
59.0 52.4
58.1 20.9
33.6 81.9
15.5 73.2
0.4 99.4
76.9 37.9
77.6 27.3
25.5 85.0
14.2 86.0
88.4 57.9
20.5 99.3
56.7 62.1
61.3 50.4
75.4 96.1
25.9 32.6
20.2 94.4
50.6 20.2
99 99 1 1
2.1 78.4
86.8 84.2
18.9 52.8
90.8 87.2
49.8 95.8
80.8 3.6
24.8 75.3
33.3 30.3
64.8 13.3
75.4 89.0
74.6 56.7
52.9 36.8
4.6 50.0
79.7 78.8
99.0 24.9
3.3 30.3
49.7 36.3
89.2 25.3
12.5 68.6
99.6 15.2
18.8 97.5
72.9 15.7
46.0 43.6
92.1 41.4
30.4 46.0
2.7 2.8
74.8 5.0
90.2 55.6
69.7 79.4
4.3 69.9
0.2 3.9
40.3 42.8
68.1 50.0
53.8 64.7
15.1 15.9
13.4 53.5
69.2 33.9
12.7 21.5
62.9 50.4
96.4 4.9
42.9 28.5
33.5 34.3
90.0 17.7
97.1 23.8
28.9 94.9
98.8 36.7
79.5 29.2
14.4 74.3
39.0 82.9
34.0 68.2
56.9 54.1
23.2 82.6
4.2 26.1
11.7 36.0
76.1 2.3
30.9 8.1
42.5 19.0
36.7 99.6
23.4 67.7
62.6 69.0
5.7 52.4
16.8 61.4
35.8 20.5
38.6 31.2
34.6 10.0
99.4 72.6
55.2 91.6
52.9 57.8
29.0 94.6
97.0 64.7
8.0 5.1
59.3 63.1
62.7 85.7
88.6 31.2
35.5 21.4
9.0 51.2
47.9 41.2
96.9 61.0
27.4 18.9
64.1 35.5
43.3 62.0
88.8 98.7
56.6 33.8
28.4 77.0
41.7 85.6
26.0 60.6
23.7 84.9
5.9 20.5
51.8 21.7
78.3 94.5
45.8 87.3
63.7 87.3
48.3 28.9
47.8 60.7
31.4 75.7
72.9 47.1
45.9 10.0
43.8 61.8
38.8 2.5
23.3 7.4
68.1 15.7
35.8 49.3
69.9 27.0
83.9 41.7
36.3 56.9
79.4 62.2
84.7 17.3
46.2 43.1
39.0 68.2
79.1 29.2
11.5 5.7
15.7 52.1
49.1 57.4
95.1 94.7
2.1 23.1
74.0 53.7
3.0 5.4
32.5 9.8
51.6 8.1
0.2 51.6
13.9 23.1
40.4 79.6
58.0 33.8
2.1 21.8
86.2 97.0
37.9 81.2
68.5 97.7
90.4 53.6
48.3 17.6
75.9 20.7
74.4 85.7
91.1 49.9
95.0 12.7
56.0 23.6
10.5 81.8
4.9 56.3
71.1 24.4
93.4 80.5
37.5 29.1
61.4 95.5
76.8 58.9
91.8 99.3
88.2 80.5
98.2 82.2
3.0 71.7
57.4 9.3
59.3 12.6
25.3 48.6
7.4 54.3
71.3 81.4
37.7 17.9
77.5 76.2
91.9 8.8
73.2 71.0
1.7 29.4
23.5 34.6
69.1 13.7
94.3 15.3
32.8 57.3
29.1 92.5
1.8 71.0
83.6 21.7
5.5 96.3
85.8 9.0
90.4 13.0
66.1 57.1
68.5 63.3
7.3 78.9
85.1 60.4
25.0 80.5
50.3 86.8
0.6 48.5
63.9 19.5
12.0 94.9
22.6 96.7
67.7 76.3
98.1 59.6
56.0 86.5
95.5 3.6
51.8 77.0
34.2 21.1
19.6 53.2
32.1 37.9
98.4 27.0
42.7 17.2
4.0 23.4
7.2 28.3
83.0 39.8
34.7 6.3
3.0 95.0
71.4 57.3
52.2 5.9
92.4 4.7
43.5 8.2
20.4 23.2
44.3 95.4
48.6 89.8
27.8 64.0
99 99 1 2
26.2 15.9
68.3 26.2
84.8 4.1
32.4 72.3
12.2 27.2
33.5 15.4
45.7 82.1
74.7 36.5
77.6 17.1
21.8 26.9
70.3 70.1
93.3 65.3
95.9 90.7
80.6 72.8
72.0 79.7
30.8 8.4
69.8 33.4
37.6 99.1
71.5 89.8
17.1 5.2
55.9 18.9
1.0 50.6
22.4 1.6
53.9 10.9
37.8 0.0
5.3 10.9
11.4 8.1
98.9 33.8
6.7 42.6
22.3 14.7
23.1 78.7
12.2 53.2
87.5 28.1
17.9 85.0
25.4 59.0
13.1 35.0
85.7 81.3
18.1 49.4
60.3 8.1
43.3 72.0
18.1 98.2
41.5 48.7
82.5 29.6
72.2 40.4
55.1 89.2
3.2 29.7
18.1 13.4
41.5 50.6
70.8 5.7
99.9 59.5
29.7 96.2
77.6 48.3
97.7 15.4
58.7 30.9
38.2 93.2
26.6 2.1
86.0 56.3
21.1 68.2
8.6 68.5
93.0 28.5
58.3 99.0
47.6 31.4
82.0 11.6
52.5 89.2
83.9 52.8
49.0 52.5
36.0 13.6
64.3 61.8
92.8 33.7
62.1 58.2
95.5 31.0
22.5 88.8
57.0 81.5
85.3 43.7
72.2 0.8
35.0 78.3
9.7 65.7
12.6 82.7
7.1 26.9
14.9 65.1
52.8 91.0
39.8 63.9
61.0 88.8
57.7 39.3
97.6 89.0
55.2 19.9
8.7 93.1
9.9 77.7
56.6 65.7
1.7 95.2
73.5 64.1
29.8 36.8
19.5 18.4
80.5 77.6
42.8 26.6
52.8 95.4
59.3 30.8
19.7 27.8
67.2 55.5
44.5 77.4
32.5 0.0
28.3 99.7
12.7 41.2
42.1 38.2
33.4 69.3
33.4 43.9
15.9 42.1
95.7 98.5
76.1 35.4
97.2 76.2
71.6 54.1
85.0 85.2
48.2 66.2
21.7 39.9
17.3 15.4
50.6 1.5
36.4 85.1
26.3 79.0
17.2 49.1
53.7 3.7
82.8 85.9
28.0 87.1
85.6 98.7
34.1 59.0
35.2 97.0
51.1 66.5
51.7 6.9
8.3 36.1
11.2 35.1
50.6 30.0
66.7 63.8
48.9 36.4
15.4 3.2
87.5 10.4
14.1 67.9
53.8 41.2
63.6 96.9
95.6 17.0
76.0 84.4
81.4 64.9
31.4 46.5
88.6 32.6
3.9 18.3
53.5 96.9
62.1 15.2
79.0 39.3
10.9 28.9
67.3 63.1
73.5 26.4
29.5 54.8
31.3 87.7
19.8 83.3
35.5 94.9
79.3 15.5
15.6 46.8
93.3 96.0
28.6 82.3
35.8 17.1
14.0 67.7
18.1 24.5
99.0 76.1
5.0 32.3
95.4 10.0
36.4 7.5
62.4 4.2
91.9 65.9
84.4 28.9
23.8 46.9
97.6 55.1
1.9 38.3
34.3 13.3
95.6 30.4
47.5 98.1
1.1 66.6
91.2 96.7
72.9 19.2
86.8 90.2
0.2 13.1
20.7 17.4
21.6 71.8
37.7 18.3
47.2 48.7
95.7 57.3
12.5 6.2
79.7 93.3
41.8 49.6
15.3 14.1
47.4 72.6
39.3 98.0
94.8 48.5
3.0 30.5
55.9 2.9
16.0 89.8
42.4 56.2
28.0 71.9
90.2 64.1
48.0 1.0
58.3 72.6
99 99 1 2
14.0 78.9
72.3 70.8
55.7 93.8
43.1 49.3
22.0 71.0
69.0 90.5
39.1 61.3
27.0 63.8
66.7 42.1
67.1 82.9
74.3 18.0
89.9 9.5
8.8 2.4
38.6 15.4
23.2 56.9
71.0 96.9
3.0 37.3
66.3 43.3
27.9 58.7
64.9 9.4
35.1 49.9
46.4 33.9
33.0 74.2
51.5 8.6
91.5 34.9
88.1 18.6
63.4 1.1
38.7 13.3
28.7 72.2
64.3 77.3
74.2 51.9
24.4 35.4
13.9 12.4
6.3 25.9
35.3 41.8
26.9 71.2
40.4 70.5
79.9 73.3
81.9 73.4
43.5 31.5
85.3 8.7
45.0 66.9
80.2 48.7
56.2 83.7
61.0 8.9
96.0 20.5
91.1 70.4
82.9 55.7
81.6 40.3
82.1 89.2
60.5 52.2
57.9 44.3
52.8 36.1
44.7 37.8
4.5 70.0
78.7 88.2
55.1 89.9
38.6 58.9
42.6 35.3
79.4 94.8
50.6 3.6
9.2 10.7
66.4 41.7
82.0 92.1
16.6 48.0
35.4 99.4
43.7 12.3
48.4 93.3
31.2 31.7
1.7 93.1
16.5 70.9
60.8 15.6
74.5 6.9
42.2 99.5
29.5 17.1
55.9 56.9
67.6 80.1
57.1 65.2
92.5 34.0
17.2 74.3
8.9 9.1
56.6 52.7
81.2 87.8
19.6 5.0
33.3 12.4
18.6 21.3
37.0 49.9
56.8 79.4
14.1 11.5
63.9 34.2
26.3 43.7
59.0 19.8
20.2 93.9
63.1 51.3
25.7 12.8
57.1 80.4
68.3 34.6
22.5 13.8
54.0 49.5
97.2 42.1
63.4 22.6
72.5 15.8
95.2 35.6
47.2 64.5
33.9 44.6
88.3 11.1
66.1 60.3
54.2 82.5
33.9 21.6
34.4 17.4
33.0 59.6
29.4 26.7
75.7 1.3
86.0 51.9
29.2 65.0
87.6 83.2
99.0 27.9
63.5 95.3
59.8 29.5
74.1 10.7
57.0 93.7
54.0 97.6
80.1 58.4
80.0 8.3
60.9 49.2
44.0 49.6
76.3 93.9
30.4 73.5
60.6 87.3
52.3 16.4
34.9 25.1
53.0 75.1
70.4 33.9
98.6 16.5
62.5 30.2
59.1 7.9
40.7 54.7
13.1 48.4
91.9 56.1
5.3 93.1
42.7 52.8
81.9 49.4
58.1 54.3
76.8 12.3
63.9 18.7
43.8 64.3
39.4 98.8
68.0 32.0
48.6 9.8
75.2 1.8
9.8 46.3
1.0 69.5
17.9 50.5
6.6 14.2
42.5 9.8
97.8 47.2
96.6 85.3
74.8 79.7
27.2 54.7
8.6 51.6
15.9 91.2
90.0 87.7
19.7 55.3
0.3 93.2
95.1 3.5
49.8 10.7
15.4 4.9
90.6 86.1
0.3 33.4
78.4 32.5
79.7 42.8
63.3 76.3
56.0 11.5
1.4 38.1
89.7 18.5
9.7 10.0
32.9 40.8
31.3 34.9
63.4 87.9
91.4 31.6
77.5 58.5
98.6 76.5
62.6 93.0
61.6 89.2
56.9 62.9
40.9 75.2
51.5 36.6
83.3 39.5
77.6 42.8
61.3 84.7
30.0 2.6
78.6 6.2
76.3 62.9
50.8 10.0
41.6 39.7
98.2 77.5
54.0 54.4
82.6 32.0
99 99 1 3
56.5 51.8
49.9 79.4
54.6 13.4
85.3 90.8
30.3 6.2
84.2 68.6
53.4 43.2
81.0 80.7
86.9 83.4
81.5 59.6
69.6 98.4
38.2 32.4
45.1 46.5
36.1 71.6
3.7 34.3
86.1 18.7
98.1 60.2
8.8 36.0
62.0 87.9
29.3 94.1
62.8 92.4
70.8 13.5
94.2 16.2
99.6 87.0
46.6 16.3
50.0 81.1
48.7 51.5
33.2 23.4
95.0 29.0
63.3 69.3
88.0 33.9
29.3 49.4
85.4 21.3
44.4 38.2
32.3 47.5
75.1 73.8
87.3 95.1
46.5 81.1
68.1 16.8
68.3 81.3
97.7 49.9
1.4 53.5
76.9 46.4
10.7 34.6
39.1 7.2
41.1 74.0
58.7 62.3
83.6 5.7
43.9 79.3
62.0 28.1
37.1 11.4
41.8 37.1
53.4 59.6
76.4 88.3
69.7 56.7
6.7 80.0
33.5 67.4
49.0 43.3
13.2 45.7
52.9 94.9
69.0 52.3
14.7 29.2
34.9 62.9
42.2 33.5
96.8 14.0
25.5 4.3
76.6 33.9
93.6 2.5
26.0 65.3
22.0 5.2
20.4 95.7
98.3 28.7
72.1 54.0
99.7 82.6
12.7 20.5
72.8 87.8
17.0 16.9
79.8 22.7
56.3 52.0
66.0 22.1
61.6 88.3
22.3 26.7
29.2 38.2
3.5 51.1
56.3 55.3
86.2 60.8
89.5 76.8
66.0 19.8
37.6 96.8
17.3 0.9
88.7 50.3
67.3 25.4
48.1 5.7
92.9 82.3
4.4 39.6
28.0 94.2
20.9 1.2
74.7 85.5
36.6 85.4
75.9 13.4
74.2 28.1
40.1 97.3
17.1 63.8
95.8 41.3
42.2 89.9
75.5 48.4
9.0 66.1
7.1 78.0
60.3 92.3
32.0 0.0
94.2 0.0
1.2 95.2
80.7 50.4
35.8 75.9
89.4 52.5
15.8 11.7
9.0 63.6
62.6 56.0
97.3 61.4
86.5 93.7
42.1 74.8
40.9 62.0
40.0 86.3
78.6 83.2
83.3 0.4
35.6 45.8
41.0 12.7
63.1 36.8
12.8 56.9
44.6 34.1
45.8 37.4
1.0 60.5
16.5 90.1
86.7 98.9
92.6 49.0
23.8 73.2
70.5 69.9
56.2 0.0
83.2 45.7
46.1 34.8
80.7 1.7
49.7 16.9
53.8 56.9
13.9 12.8
47.0 1.8
39.2 58.5
54.2 28.0
53.3 75.4
74.3 70.7
55.0 40.0
48.5 2.1
72.0 78.8
14.0 19.0
64.7 63.4
98.3 32.5
69.4 46.1
63.0 14.2
6.3 19.1
32.0 52.0
53.8 55.4
49.2 14.2
42.2 93.0
68.5 3.4
9.4 30.8
70.8 78.0
80.2 64.4
78.4 54.5
8.7 52.2
15.7 92.5
60.2 73.5
54.8 49.2
98.6 29.6
84.0 53.0
5.1 4.9
95.6 51.2
65.4 58.9
87.2 44.8
48.2 42.8
8.8 55.7
33.7 57.6
22.0 79.7
69.4 13.9
1.4 0.5
28.2 78.2
86.9 52.3
1.5 23.6
88.4 41.7
29.9 35.3
75.4 72.4
23.6 35.0
29.2 71.0
15.8 24.2
2.3 16.4
72.1 64.1
56.9 11.1
26.0 41.0
90.2 79.0
14.7 95.5
99 99 1 3
8.9 91.6
43.9 78.1
1.7 95.8
37.5 80.6
51.1 90.1
97.8 67.4
37.7 26.5
97.6 56.6
16.1 66.9
83.3 13.4
12.7 53.6
99.9 90.6
31.6 69.7
83.9 26.0
56.7 57.0
48.6 98.6
76.7 0.8
96.6 27.7
43.5 13.6
3.7 69.3
71.9 94.6
21.2 36.7
93.4 9.6
11.7 54.0
67.4 9.5
63.1 95.0
20.8 80.2
85.1 63.0
24.2 52.5
44.7 69.0
67.6 16.1
16.9 93.4
56.3 79.5
93.1 13.5
18.0 35.1
29.7 32.0
68.8 90.0
99.6 86.1
40.1 97.4
6.9 11.4
41.6 42.8
58.2 5.2
68.2 62.5
50.2 43.3
12.3 27.7
79.0 94.9
23.5 15.1
94.6 96.0
44.7 79.9
50.2 22.9
54.9 62.8
52.8 79.9
1.3 58.9
56.3 87.6
99.0 76.6
19.4 98.4
3.6 75.9
38.4 77.6
20.9 7.1
70.0 23.8
53.9 68.4
83.5 49.0
45.0 77.5
92.6 78.1
36.2 25.0
87.8 42.8
57.9 26.4
85.3 75.8
63.4 94.4
71.1 76.9
10.5 97.7
73.6 25.7
3.4 14.2
56.5 47.2
71.0 59.5
63.2 26.5
10.7 24.9
37.6 46.7
60.1 55.8
16.0 30.2
8.2 96.3
22.7 3.8
79.6 1.4
95.8 43.3
55.4 43.0
40.7 66.9
92.7 65.9
80.1 49.5
96.7 31.3
26.0 71.8
33.5 2.9
63.1 89.2
71.2 44.3
35.3 0.7
66.2 31.3
62.8 51.3
55.1 9.6
11.0 85.6
64.1 69.9
48.1 6.9
9.0 19.5
85.4 88.9
73.6 36.9
68.2 0.8
72.6 70.4
73.3 29.5
18.7 41.4
85.7 36.4
72.4 25.1
56.4 21.0
72.3 73.8
83.4 19.3
40.1 62.6
32.5 94.5
36.6 39.4
58.9 80.6
4.7 45.6
82.6 79.5
80.3 78.4
84.0 86.0
15.5 88.2
64.8 57.3
29.0 69.5
94.6 50.5
6.7 36.6
10.4 86.3
40.8 79.0
76.8 29.0
23.5 16.1
55.5 9.3
25.1 60.1
41.0 14.4
29.1 65.1
43.5 58.8
44.8 44.7
68.1 27.5
20.0 95.6
65.1 32.9
83.4 84.2
56.0 94.9
16.4 90.1
4.3 66.4
95.5 57.2
73.3 81.1
25.6 54.2
49.6 64.0
13.6 85.9
51.0 25.8
84.6 42.8
87.5 29.7
92.4 29.4
25.0 55.6
88.5 12.5
31.9 25.3
55.5 7.1
32.4 88.0
89.6 71.9
64.4 36.7
53.0 20.3
74.6 72.9
37.0 78.6
64.5 59.4
85.2 85.8
28.6 50.8
80.5 69.8
34.4 51.3
42.1 73.0
20.7 94.7
20.0 65.8
72.9 87.8
75.8 10.7
17.9 5.3
77.2 0.7
21.0 17.5
90.4 30.2
44.0 30.8
90.2 62.6
48.5 8.6
94.6 10.6
80.4 12.3
63.7 75.1
83.3 50.1
44.8 41.0
6.9 39.2
27.1 0.0
10.8 15.0
55.6 38.1
38.8 28.7
46.2 32.8
98.3 95.1
25.9 71.8
34.5 42.3
86.1 51.4
97.2 18.2
65.7 80.7
91.1 12.9
63.0 29.4
5.7 74.4
99 99 1 4
13.7 7.8
7.8 12.6
62.8 76.0
14.1 18.6
82.5 18.4
86.5 88.2
83.3 63.9
35.8 84.8
62.3 44.4
31.0 5.5
58.9 48.5
64.4 28.3
41.2 24.6
89.3 55.5
30.0 4.2
12.0 95.0
42.8 78.9
54.9 55.0
73.7 5.6
24.1 4.2
92.4 91.4
55.4 45.8
65.8 10.9
55.4 26.4
31.9 28.1
11.8 21.6
49.9 26.0
50.6 76.3
31.8 26.3
30.5 39.9
70.1 97.0
11.1 77.7
32.8 12.9
18.6 1.2
5.5 41.7
68.3 77.9
58.9 97.9
8.9 23.7
85.3 24.7
88.0 99.5
21.1 52.4
78.4 99.9
11.4 71.1
32.6 64.3
4.2 78.4
10.7 63.2
76.1 9.6
22.5 21.8
23.1 44.1
21.0 76.3
89.4 28.6
61.7 89.4
48.3 83.5
8.2 5.8
5.3 33.7
21.3 31.5
31.4 61.7
68.0 99.8
64.1 78.0
56.4 0.6
63.8 3.5
13.1 2.3
24.2 75.2
54.5 70.9
82.4 82.5
46.3 75.6
0.2 7.1
90.6 8.0
49.1 48.5
17.4 98.9
65.6 54.4
16.1 38.8
73.8 97.0
10.2 84.1
84.8 37.9
76.6 1.8
4.2 83.8
94.2 25.0
95.9 28.4
46.1 48.8
59.6 13.5
20.6 92.4
35.6 59.8
43.5 11.3
45.4 84.7
74.4 96.2
70.2 11.0
43.2 25.7
45.1 44.0
17.1 88.6
90.4 29.9
48.9 28.9
53.9 94.6
58.2 78.4
27.2 85.0
98.6 4.3
31.9 86.8
81.8 19.2
65.7 67.6
87.5 25.3
21.5 46.3
92.5 61.9
87.7 26.9
70.9 70.9
59.5 68.0
33.1 23.2
52.2 50.0
44.6 82.0
95.6 41.3
26.4 2.9
42.4 22.8
44.8 25.0
79.4 74.4
77.2 61.8
87.2 80.4
26.7 64.7
61.9 43.9
70.9 19.3
25.4 84.8
52.8 77.0
35.5 85.0
35.0 85.9
3.1 22.9
64.2 14.8
17.7 98.8
56.8 90.6
50.8 95.4
69.8 36.9
98.7 30.3
10.7 47.0
46.9 21.1
0.3 72.6
27.1 44.0
28.8 6.4
18.6 52.6
37.6 81.6
2.7 54.1
12.2 7.8
22.6 5.9
39.9 76.5
2.3 40.4
35.8 96.7
68.8 53.2
18.7 40.8
23.0 67.6
23.9 29.4
37.2 5.1
49.2 24.2
30.6 64.4
52.2 78.0
94.9 49.3
38.6 89.8
97.6 32.8
38.7 50.9
62.6 20.2
95.8 13.8
45.8 64.9
18.1 66.8
42.8 14.6
17.4 72.0
1.4 65.8
6.2 41.4
65.6 73.9
73.5 55.4
33.4 31.5
16.0 25.7
50.7 63.5
96.4 54.6
5.5 48.3
3.7 70.3
84.2 3.3
68.3 34.8
36.8 30.0
44.6 21.6
93.7 14.9
15.9 62.1
38.7 30.3
4.2 22.1
77.5 4.3
71.0 77.7
38.6 46.2
9.7 87.0
41.7 89.3
72.8 6.1
11.7 82.4
85.8 76.6
46.6 95.9
25.9 89.3
10.9 18.6
33.5 5.7
3.0 4.6
70.2 49.5
71.6 41.7
81.3 9.6
87.4 49.2
30.6 52.3
39.4 26.0
50.6 40.3
99 99 1 4
81.7 16.3
33.9 23.4
35.2 93.4
89.3 54.9
44.2 81.8
0.5 50.4
91.3 90.4
30.2 69.2
18.7 94.4
36.1 0.4
10.1 25.6
74.8 52.6
5.0 32.7
93.9 5.4
80.9 79.6
31.1 44.5
68.0 62.6
91.2 0.2
55.2 3.2
20.3 15.7
66.1 34.6
25.0 56.0
25.2 92.7
87.1 55.3
55.7 44.0
4.8 58.4
11.1 1.0
33.7 14.8
55.4 51.3
66.1 27.7
7.4 36.3
34.2 32.4
32.6 75.4
13.9 25.4
76.4 87.8
22.5 34.2
90.2 77.7
70.4 82.7
38.0 15.4
94.6 57.5
16.0 29.0
30.0 99.4
14.2 62.3
48.8 99.0
61.9 69.6
41.2 14.9
82.5 69.3
44.8 75.4
36.0 15.1
38.2 58.7
92.9 12.4
90.2 95.9
78.6 18.3
33.7 60.6
53.4 16.7
80.9 63.6
63.0 4.6
66.9 10.9
45.1 12.5
17.3 15.7
65.8 7.0
76.4 58.5
33.9 48.3
98.6 56.4
50.3 5.2
17.6 36.8
32.7 43.2
96.7 43.0
3.7 46.6
63.3 30.4
29.2 57.1
61.7 79.4
25.5 27.5
40.0 63.8
14.7 70.7
77.7 57.3
15.9 15.7
99.2 89.3
45.7 85.0
90.2 97.8
34.7 96.0
74.4 43.1
86.1 2.6
49.2 71.1
36.8 89.8
82.1 47.7
27.1 66.0
28.7 79.0
78.0 87.9
58.6 68.7
61.3 27.9
43.6 36.3
60.9 12.4
97.4 42.8
75.9 6.6
2.7 22.9
66.0 45.8
48.4 77.1
83.5 87.3
12.4 32.9
15.8 20.3
21.5 94.5
8.8 78.2
66.1 50.3
54.2 86.8
50.0 24.7
96.2 15.5
63.1 93.6
71.7 57.1
63.8 95.8
18.7 47.6
93.4 1.7
14.0 19.9
7.2 77.0
45.1 32.7
88.2 19.6
49.4 61.0
39.2 9.8
95.3 58.2
80.2 5.3
65.2 84.7
35.5 65.4
59.1 61.4
53.8 98.6
94.4 66.0
48.8 52.8
54.5 48.3
3.4 42.2
54.4 3.7
36.5 10.7
65.5 99.6
60.6 24.7
69.7 14.9
8.3 35.0
40.3 0.2
85.0 23.8
89.2 5.5
2.1 20.5
19.1 83.5
49.5 91.1
43.9 48.8
32.3 98.3
75.7 33.6
72.6 35.8
46.5 30.2
65.0 9.1
69.0 12.0
62.2 60.8
95.8 38.8
39.0 5.7
29.5 36.1
76.8 24.0
79.7 54.0
37.5 14.1
5.3 34.1
82.9 22.3
55.8 84.4
53.3 15.2
51.0 31.6
97.0 25.9
35.0 32.7
80.0 97.2
58.0 4.0
78.0 77.4
83.1 53.8
89.9 17.1
76.3 47.9
1.9 1.9
51.2 56.1
25.4 74.6
96.9 91.7
76.2 8.3
58.7 52.8
19.6 29.5
55.4 45.0
12.9 16.6
13.8 25.6
29.6 92.9
5.5 71.8
60.8 42.9
60.0 88.7
71.8 50.7
87.8 71.5
62.8 73.7
83.5 39.0
30.8 88.2
31.7 80.5
68.5 42.2
6.9 25.7
70.7 88.1
39.9 62.3
87.9 83.6
11.8 88.9
60.7 52.7
95.6 17.3
41.2 21.5
7.4 90.8
97.6 13.0
99 99 1 5
21.9 30.4
4.6 95.6
83.9 5.5
21.2 70.6
12.8 50.8
76.5 89.7
13.0 19.7
17.2 47.2
66.1 52.9
41.8 40.3
28.3 13.1
65.6 37.7
94.4 59.1
85.2 6.9
55.1 37.0
2.6 82.8
78.4 12.3
53.0 7.2
77.9 97.5
48.4 9.4
99.1 25.9
80.9 24.9
7.4 47.3
0.2 98.1
73.7 73.5
86.6 77.2
50.1 2.0
61.1 87.4
94.3 44.5
16.7 81.5
64.3 84.7
32.2 19.3
61.7 78.0
10.7 20.4
29.8 39.6
0.8 59.1
19.3 28.9
76.2 81.7
15.0 26.7
35.4 11.6
24.0 88.7
25.9 57.2
44.6 74.1
53.8 22.3
3.8 74.2
58.9 70.5
25.0 68.2
81.4 26.3
46.7 86.7
61.6 92.1
86.5 76.5
40.6 62.4
44.1 5.8
32.5 52.0
98.8 59.1
83.1 67.9
25.1 22.8
96.9 9.0
31.3 69.7
79.1 85.9
91.6 35.2
38.6 73.2
99.5 16.6
38.5 20.0
47.3 81.4
57.9 0.1
97.7 33.8
39.6 33.7
85.7 41.8
36.2 7.3
10.4 84.5
42.5 19.3
63.5 70.7
40.5 74.6
60.5 94.9
65.3 54.8
28.1 87.3
3.9 3.9
59.1 27.6
9.1 77.7
13.0 6.4
75.5 2.2
36.0 10.8
52.6 15.1
57.7 56.9
41.5 24.0
43.3 68.1
38.9 19.2
93.9 6.9
37.0 14.6
69.4 89.6
77.0 2.3
41.4 97.5
60.4 16.1
93.8 0.5
42.1 69.5
6.9 6.9
17.7 17.6
68.0 42.9
99.9 5.5
29.6 25.7
93.8 76.6
95.8 8.1
50.2 67.9
82.5 24.9
14.6 22.4
24.7 87.2
84.7 91.6
7.7 66.1
1.8 45.1
49.8 1.6
43.7 44.0
61.6 56.8
34.9 96.6
2.1 29.6
90.5 34.8
46.6 66.9
75.1 19.6
87.5 77.7
2.6 60.5
83.0 5.3
92.5 17.2
8.8 42.9
44.3 77.2
57.6 51.8
88.6 46.1
90.1 42.6
99.4 32.3
28.9 87.0
51.8 69.6
39.6 66.2
33.2 42.4
62.0 86.3
64.0 43.5
39.2 84.7
90.0 1.8
54.3 22.2
0.4 82.5
95.0 98.3
50.1 44.7
90.8 87.8
30.4 38.7
6.2 16.2
3.2 65.1
34.7 35.1
36.6 90.2
32.6 74.3
95.8 5.0
83.7 29.8
49.8 95.0
96.9 22.9
80.4 39.8
57.6 51.2
84.7 80.8
25.5 87.8
10.8 34.9
73.6 16.3
67.7 76.4
41.5 15.1
85.4 70.9
61.2 11.4
21.0 22.0
27.0 29.0
94.1 16.8
47.1 10.7
68.9 43.9
18.9 44.0
30.4 49.3
65.3 11.7
34.7 15.1
85.2 90.8
42.3 45.5
57.2 94.1
9.2 10.1
16.2 33.9
45.4 94.6
51.9 12.6
76.9 1.6
18.4 78.9
24.9 71.0
50.1 65.5
44.7 29.0
78.3 4.2
51.2 10.3
60.7 78.8
69.6 21.1
1.9 81.1
75.2 47.1
92.4 59.1
93.0 19.6
14.3 8.7
56.5 73.6
75.2 66.2
80.3 33.4
39.6 28.9
29.6 40.4
69.4 89.7
29.2 9.6
99 99 1 5
19.9 82.9
61.7 15.6
36.7 15.8
32.2 66.5
13.7 38.6
97.7 7.4
27.1 6.1
50.0 90.8
99.6 76.6
78.0 6.6
40.0 74.9
3.8 93.5
34.0 79.7
4.6 33.4
43.0 38.6
21.6 69.0
84.6 98.2
49.2 18.5
85.1 21.4
95.2 81.4
24.1 34.0
75.3 93.0
19.0 86.4
63.0 25.4
67.2 18.6
28.7 76.2
69.7 7.2
22.1 32.5
66.0 38.9
77.6 62.0
31.0 44.2
42.4 99.2
52.9 50.9
7.5 26.9
8.3 38.0
72.0 2.7
30.9 32.4
18.8 47.4
8.0 49.9
3.8 17.0
93.2 75.2
17.6 32.5
65.1 98.2
37.1 39.8
37.0 66.3
45.7 14.7
49.1 3.2
54.1 23.4
50.3 2.1
75.3 61.6
99.6 93.8
26.3 82.6
65.2 30.5
15.7 80.3
32.6 73.2
83.6 19.5
52.0 25.8
59.2 1.2
76.2 52.3
53.8 96.4
46.3 13.2
16.5 34.8
58.2 30.7
32.8 5.8
2.7 43.7
37.5 43.3
25.9 2.3
32.8 99.0
14.6 91.1
99.5 48.5
3.2 47.2
8.2 83.1
19.6 90.5
42.8 67.5
63.9 95.8
44.3 31.9
66.7 45.4
76.1 96.0
37.0 60.1
3.8 44.1
87.5 39.7
42.0 41.3
75.6 48.6
39.8 10.1
93.8 90.2
37.4 74.5
92.9 32.3
22.8 45.6
13.1 12.5
43.5 0.8
67.9 12.2
57.7 23.0
19.0 34.6
94.7 69.0
13.2 91.3
31.0 33.7
75.1 0.7
49.3 8.3
53.6 50.7
40.9 24.3
98.9 82.6
14.9 13.5
59.1 91.8
39.5 37.7
73.8 72.3
19.7 83.0
41.3 41.7
11.6 77.4
46.5 95.5
86.8 41.5
75.3 94.9
95.6 17.9
61.4 85.6
71.5 80.1
39.7 15.0
97.6 47.6
61.1 73.8
0.8 12.6
85.5 20.2
27.7 40.3
58.5 59.3
1.1 47.5
60.1 99.8
30.6 12.7
54.2 41.8
36.7 17.4
35.3 64.7
50.3 32.3
47.7 96.7
46.9 21.8
69.4 22.6
96.4 44.6
92.4 30.5
86.0 97.2
72.7 77.9
72.5 13.7
96.4 66.4
1.5 73.6
21.5 56.6
98.4 32.1
49.5 10.9
75.7 35.2
2.7 20.1
52.0 26.0
83.1 85.6
8.2 99.0
78.8 52.5
18.3 4.6
37.0 71.2
49.1 4.3
53.2 44.9
46.6 21.6
30.4 49.7
6.3 48.1
15.4 87.1
98.1 39.9
75.1 0.1
20.2 9.0
70.2 13.1
98.7 7.5
6.5 53.3
41.1 7.0
46.8 20.5
91.7 94.6
98.9 19.1
99.2 76.0
32.9 87.3
37.0 45.8
29.1 63.3
85.7 78.5
53.7 79.7
79.9 19.0
28.0 28.8
77.1 35.3
42.8 33.4
22.0 75.9
18.1 84.5
5.0 98.3
92.9 0.1
19.2 31.9
8.0 27.0
14.3 53.7
34.7 40.9
39.4 86.6
0.3 63.9
78.8 60.3
79.3 54.0
18.1 58.7
94.1 42.5
11.2 95.2
6.3 72.1
56.7 33.2
31.5 24.4
24.6 96.9
28.9 24.4
51.4 79.0
32.7 72.1
13.0 0.9
99 99 1 6
87.5 67.5
66.6 87.6
48.0 23.1
77.1 45.4
4.2 62.5
40.3 30.4
25.7 33.5
5.6 51.5
84.7 67.2
91.7 97.5
94.5 51.4
75.8 16.3
95.3 58.6
30.7 62.4
63.3 28.1
30.8 78.9
1.7 86.1
9.2 97.4
42.8 84.9
47.5 21.5
87.2 82.2
15.7 23.0
74.5 48.1
15.3 56.6
54.1 59.2
45.8 7.0
58.5 83.8
42.4 21.6
19.2 53.9
17.2 8.3
87.2 17.7
3.8 83.2
80.6 24.2
9.1 48.2
5.0 58.6
40.9 91.8
14.8 92.2
75.5 91.8
48.4 24.5
18.9 90.8
97.9 37.8
21.6 64.7
21.5 56.4
45.5 99.3
7.6 40.7
58.5 97.9
81.1 30.1
89.5 97.5
81.0 96.9
55.6 98.6
25.7 21.2
48.6 31.7
23.5 75.7
0.3 24.1
14.9 7.2
45.0 19.2
84.0 48.0
39.7 1.8
1.1 5.5
81.5 20.4
18.4 44.0
9.3 40.0
72.7 34.7
31.7 98.8
97.4 53.7
10.1 87.3
19.0 58.3
34.1 58.7
82.8 77.7
20.1 69.6
88.8 33.0
81.0 0.3
2.2 8.0
13.6 55.9
76.4 38.5
17.7 30.3
5.5 30.0
64.7 27.0
25.8 78.2
67.2 96.4
83.7 58.5
16.8 77.3
36.1 37.9
50.9 86.1
55.7 18.9
51.9 71.0
6.6 44.6
87.8 68.2
24.1 8.8
82.5 36.6
66.9 35.7
65.7 0.3
62.5 72.4
50.7 30.5
26.9 88.4
46.9 53.1
30.4 45.9
19.0 98.9
85.1 66.5
20.7 5.1
76.2 40.8
20.6 7.8
76.0 82.8
26.8 8.5
45.1 35.4
71.1 44.5
80.0 12.1
84.5 36.9
2.6 42.6
66.2 70.4
23.5 29.5
10.6 13.1
12.0 54.0
55.7 64.9
70.0 32.3
73.2 11.6
19.5 81.4
64.2 29.0
37.5 30.7
1.3 26.2
6.0 17.9
30.0 7.7
44.6 86.0
63.8 49.7
55.4 82.4
47.1 30.0
43.1 78.9
68.1 57.8
57.9 90.4
22.7 59.1
70.7 27.9
9.4 31.1
60.2 25.4
91.4 8.8
70.3 32.9
50.8 27.9
35.6 76.3
97.5 16.0
1.0 15.4
97.8 61.4
91.4 56.4
35.3 45.0
38.0 69.8
95.4 38.7
97.8 95.9
23.8 53.3
84.5 3.7
64.4 68.4
77.3 79.9
12.8 55.8
83.7 82.8
59.1 98.9
14.9 54.6
70.0 91.8
53.2 15.9
72.3 67.9
12.9 79.9
49.7 42.9
81.6 50.9
82.0 80.3
33.6 14.6
18.3 5.8
9.5 53.3
33.2 82.7
73.7 22.0
4.8 81.3
80.2 92.7
47.3 99.1
90.9 30.3
46.3 52.5
20.4 44.2
59.3 53.8
31.9 68.5
54.6 44.2
24.5 48.7
63.3 36.6
77.7 58.1
11.5 16.9
34.8 87.2
9.2 79.9
61.2 43.8
36.5 14.0
13.1 41.4
7.0 19.0
71.5 39.2
18.6 53.3
42.3 27.2
95.7 77.9
22.1 9.5
58.2 50.4
22.2 81.8
75.2 56.8
8.9 99.9
87.1 21.9
1.8 78.9
22.7 31.5
45.5 98.3
74.9 94.4
99 99 1 6
13.4 93.8
68.3 81.9
70.4 20.2
47.4 86.9
64.9 12.8
22.3 78.3
63.9 22.2
39.3 15.7
72.5 86.2
21.3 14.5
36.4 16.6
95.6 43.7
75.2 73.4
71.7 18.3
48.0 56.0
85.0 46.7
28.6 96.6
16.8 53.3
40.3 99.1
47.1 99.4
77.8 40.4
97.8 4.6
55.5 41.7
27.9 37.1
86.8 63.3
79.9 49.3
28.2 58.4
31.9 75.5
29.1 3.4
59.4 38.8
20.7 77.1
8.9 79.7
33.0 49.4
83.7 25.8
60.4 8.5
48.9 66.0
5.8 38.2
80.0 82.0
19.1 61.3
24.6 43.1
27.6 41.2
99.6 4.6
15.3 55.8
94.5 66.7
5.6 44.4
56.7 89.1
68.8 26.3
10.9 0.9
61.9 1.9
45.6 29.8
95.8 22.3
60.6 29.8
11.8 1.6
98.2 75.8
54.1 66.1
7.3 22.8
62.6 81.8
72.8 7.0
73.7 78.0
57.6 67.3
56.5 14.5
40.9 49.6
50.5 25.3
62.4 87.0
16.9 12.4
34.7 43.3
73.1 12.7
49.6 30.5
6.3 84.9
51.0 47.8
5.8 95.7
77.5 93.6
35.8 68.5
46.5 50.3
52.9 44.7
59.3 4.1
53.7 9.4
69.9 35.4
22.4 39.4
51.8 67.6
10.9 74.5
22.5 21.8
52.3 19.2
4.1 72.1
55.1 93.9
89.6 90.3
19.1 60.9
29.4 2.3
87.8 54.9
99.7 11.1
15.3 75.9
85.3 59.0
29.6 4.2
78.9 90.5
93.3 87.2
61.8 30.7
87.7 39.4
58.6 84.3
91.6 75.3
69.2 97.9
88.2 46.7
42.8 94.0
31.5 7.4
97.5 72.3
83.4 54.5
30.5 97.2
91.4 33.9
73.4 51.0
41.5 21.0
43.5 52.3
18.2 70.0
9.4 5.3
89.6 6.0
81.3 3.2
1.1 81.2
63.1 85.7
14.9 89.4
32.0 5.9
13.4 81.6
36.1 29.5
62.0 32.1
1.2 66.6
17.7 88.6
44.9 74.6
62.1 94.4
64.5 88.4
93.7 15.6
21.6 9.1
12.4 18.5
34.9 38.1
59.0 48.7
38.1 98.0
39.1 9.1
90.7 5.3
70.1 52.6
84.7 26.8
28.7 67.3
55.9 21.1
31.0 46.4
76.0 0.8
24.4 93.1
8.7 75.7
84.9 53.3
71.8 65.5
38.8 32.5
81.2 6.7
39.9 97.8
6.9 54.6
95.1 79.1
66.9 32.8
59.7 0.4
67.7 86.8
7.9 88.4
70.0 58.9
94.9 38.9
67.3 46.0
21.8 19.4
72.7 11.2
12.0 41.9
9.6 44.6
86.5 50.8
83.9 26.0
80.6 61.7
40.8 26.0
58.9 11.0
11.4 42.9
29.7 53.8
77.4 79.2
38.1 72.8
11.8 47.4
28.6 33.0
87.6 14.3
25.5 85.6
62.7 60.4
40.2 72.7
23.6 7.5
33.6 61.9
23.6 42.7
68.7 49.4
60.4 64.4
7.3 27.6
16.6 71.9
86.3 72.2
45.1 94.0
76.6 59.6
27.8 92.1
6.4 40.5
26.1 15.5
11.1 67.1
39.9 24.1
31.6 51.3
13.2 98.7
41.4 0.4
49.9 72.1
36.5 10.1
73.0 45.5
52.6 79.1
86.5 89.6
99 99 1 7
83.7 38.9
33.7 31.6
58.9 60.3
0.8 61.6
12.3 0.5
67.7 62.2
21.5 58.6
45.1 42.8
41.5 88.3
88.8 58.3
65.6 82.9
28.2 73.9
19.4 2.2
16.5 1.2
90.9 72.1
46.2 38.2
5.1 74.6
70.1 80.0
76.8 64.0
64.6 6.2
3.6 24.3
82.9 67.5
10.3 60.3
48.6 28.0
21.5 51.8
69.9 72.6
46.5 87.2
24.6 98.1
99.4 66.0
38.1 76.3
14.5 25.5
35.3 84.3
99.5 19.6
18.9 5.4
46.8 76.3
35.8 83.5
51.0 85.6
45.9 18.7
46.7 96.5
48.3 94.6
67.2 68.3
90.7 53.4
51.5 13.8
15.0 15.3
91.6 50.9
76.4 88.3
7.8 6.1
61.0 46.9
52.4 7.4
18.9 79.9
63.4 34.4
20.1 54.8
73.5 49.6
46.1 66.0
95.8 55.5
59.0 29.6
83.0 63.1
12.1 49.7
65.0 69.7
55.9 62.3
50.6 91.8
33.1 67.5
14.5 58.4
1.0 94.1
74.0 66.9
36.5 20.0
10.0 72.6
57.4 56.6
22.7 83.5
74.2 38.7
68.3 53.7
16.8 33.2
82.9 86.5
56.3 64.1
26.4 83.1
74.9 12.2
14.9 77.0
70.7 8.1
2.2 29.4
31.5 71.7
91.7 11.5
19.3 68.1
24.7 1.7
20.5 76.8
15.5 82.6
36.4 94.7
63.2 19.1
5.6 88.4
87.8 46.1
64.5 97.1
44.5 14.2
26.5 39.4
82.7 59.5
88.9 97.2
68.9 20.2
31.7 20.5
88.6 95.9
32.8 51.0
63.0 48.5
66.4 88.5
18.5 78.6
97.7 38.0
26.4 81.7
63.0 38.5
70.9 14.2
63.7 27.5
2.2 15.4
10.1 90.2
22.6 84.9
5.1 99.1
54.8 26.7
22.6 72.0
58.3 78.6
27.1 90.7
79.2 21.3
35.1 28.7
66.7 32.9
14.6 68.0
6.6 93.2
42.6 77.7
40.4 12.7
28.1 6.3
31.7 42.6
62.8 73.5
7.8 54.3
81.1 3.1
10.4 62.6
41.2 38.9
29.6 68.7
25.2 3.5
67.5 44.1
77.0 60.4
28.4 34.2
27.4 91.7
4.6 70.2
82.9 5.3
11.6 45.0
22.9 46.3
19.8 78.6
32.9 85.7
88.8 27.6
25.4 14.0
53.0 99.2
3.1 1.8
40.5 17.8
61.9 28.4
24.0 8.0
42.3 74.2
65.9 87.6
93.1 4.9
10.2 5.7
85.9 76.0
57.5 57.1
35.7 8.8
94.5 77.3
40.1 3.8
53.1 18.6
53.0 65.5
67.3 41.3
59.1 56.2
19.8 7.9
15.9 56.3
30.5 79.0
66.6 58.2
98.4 31.6
37.3 59.7
71.0 8.6
0.9 58.4
67.3 28.5
41.1 71.8
75.7 97.0
50.8 81.2
46.8 28.8
70.1 3.9
95.3 49.3
92.4 64.4
55.9 15.1
29.3 8.4
1.8 86.4
53.2 95.9
90.9 0.2
44.1 25.7
84.2 61.9
25.6 80.2
52.1 51.5
83.7 66.7
83.2 63.0
91.8 34.6
38.5 65.2
14.5 97.1
96.7 69.0
84.1 7.0
50.6 52.7
74.3 48.6
44.5 87.6
87.9 27.6
88.5 70.6
67.7 67.2
99 99 1 7
47.4 72.7
59.4 28.6
95.3 34.7
97.7 43.2
13.0 13.7
78.9 24.7
57.0 51.5
20.5 28.7
70.9 53.8
41.7 39.8
88.4 21.5
9.1 51.2
14.0 68.1
74.0 32.2
34.6 2.6
10.5 41.7
5.5 82.1
16.8 70.0
48.4 0.9
49.8 49.8
74.5 61.4
48.1 28.8
92.7 31.6
20.6 3.8
78.8 63.6
20.3 97.5
48.7 2.4
5.7 64.6
96.9 62.8
65.4 79.7
56.7 66.7
48.8 11.1
81.1 62.2
98.3 0.9
50.7 64.7
61.3 48.2
12.2 60.4
92.0 9.4
48.4 40.1
3.7 47.8
45.3 27.2
29.6 59.2
23.8 94.1
92.1 35.4
15.1 55.9
22.7 92.7
3.8 7.0
69.3 6.7
42.8 20.2
84.9 2.8
51.0 93.5
89.2 81.5
90.9 98.4
38.5 16.4
64.3 74.6
1.8 77.4
36.6 44.8
74.1 31.5
2.1 95.7
86.8 66.2
94.1 52.4
59.5 9.5
51.5 98.0
18.2 64.0
66.8 94.3
23.1 38.3
19.8 53.1
86.7 12.3
63.9 46.0
20.6 25.3
2.7 28.2
73.1 22.4
89.1 74.6
70.3 82.4
48.7 26.4
78.9 92.3
37.1 42.8
76.0 73.6
37.6 88.6
18.1 94.2
67.8 39.6
27.9 76.4
23.9 87.6
33.6 14.7
75.2 87.9
16.1 89.4
11.9 13.1
87.7 24.4
6.9 36.2
62.7 93.2
85.6 90.8
68.8 76.8
50.4 22.7
46.5 44.9
74.3 23.2
98.0 64.6
41.1 77.3
65.0 26.0
75.9 65.0
52.9 33.8
23.3 51.1
99.4 4.3
63.9 70.4
41.8 22.4
15.6 6.0
96.8 39.7
16.5 36.4
94.3 0.9
45.8 66.9
90.1 76.0
75.9 55.3
32.7 23.4
84.6 52.2
52.4 32.9
1.9 60.5
46.8 5.4
44.9 60.4
66.0 46.2
68.6 44.0
50.1 7.9
47.6 19.5
91.1 46.9
83.0 64.2
66.3 20.7
96.7 64.0
19.4 91.7
15.1 7.8
60.0 87.3
20.2 99.7
60.2 12.5
53.1 57.3
17.8 42.2
23.6 98.0
42.0 83.8
91.7 92.3
47.0 92.1
74.3 74.6
74.0 73.3
94.0 92.5
56.6 40.3
32.0 26.0
33.8 11.2
98.5 82.3
82.0 93.9
41.6 53.9
11.2 77.4
19.6 94.7
92.7 29.0
48.1 78.5
6.0 69.9
97.3 75.0
49.6 53.0
61.5 6.8
99.3 23.6
99.2 55.6
16.8 91.1
2.3 66.4
48.8 85.8
14.9 0.8
89.9 30.8
43.5 56.5
51.2 36.4
65.4 98.3
76.8 79.1
84.3 48.7
23.8 82.8
71.0 81.6
23.6 73.4
32.3 32.6
23.4 58.1
49.3 31.5
97.9 40.2
26.0 51.6
87.7 46.7
12.8 76.2
32.7 77.6
14.0 56.3
89.8 84.0
63.1 14.7
63.4 66.7
49.5 47.4
64.2 22.4
95.9 55.8
88.4 23.0
81.2 63.4
94.9 11.8
87.2 65.7
17.3 28.0
10.0 48.4
24.6 40.2
53.1 58.0
49.5 57.4
76.6 2.3
52.2 39.3
6.0 39.7
22.4 15.7
38.1 90.8
46.6 21.8
99 99 1 8
44.9 69.2
32.6 70.2
17.2 61.3
27.0 62.7
26.0 4.4
52.8 79.5
55.0 36.0
94.0 12.7
5.3 8.1
10.4 78.7
18.0 81.9
56.8 62.7
13.6 59.3
85.3 14.4
36.3 86.9
91.4 67.1
37.3 16.4
12.9 59.2
22.0 54.5
94.1 75.1
89.8 48.0
19.2 82.1
94.8 44.8
52.9 48.4
27.1 0.1
17.2 98.6
96.5 80.3
39.6 74.1
88.5 45.3
67.4 24.9
27.2 60.0
76.4 58.8
18.1 64.5
54.2 89.3
99.6 75.3
58.5 48.3
65.7 89.5
34.3 77.7
26.1 60.5
95.9 22.5
56.3 88.4
68.7 13.1
22.4 52.8
33.3 43.6
3.7 11.0
71.0 0.7
59.6 31.0
30.7 82.7
7.2 12.9
23.4 20.2
3.7 6.9
96.4 81.9
94.8 69.4
65.2 30.7
53.2 56.1
44.5 61.1
9.4 9.5
97.5 48.4
92.0 31.9
42.9 30.8
66.8 95.8
62.0 49.1
31.8 26.4
74.5 92.7
12.9 39.1
81.2 97.9
15.0 16.7
86.1 77.6
8.3 9.8
65.9 86.5
47.6 96.8
41.5 10.4
94.0 92.3
24.2 74.3
40.3 86.1
81.9 2.3
86.6 7.1
68.7 43.9
71.8 18.5
92.8 43.2
76.3 84.8
36.7 74.0
86.8 91.3
36.3 58.0
44.6 30.3
27.1 2.2
47.8 27.4
19.7 3.9
78.2 41.9
63.2 43.9
81.4 53.7
60.9 45.1
24.2 68.1
21.8 29.6
8.1 31.2
51.2 49.8
59.0 84.4
11.0 87.9
81.2 45.8
11.3 82.5
84.8 61.0
88.4 38.5
77.6 67.8
44.9 8.2
87.3 91.0
44.7 8.1
88.4 4.0
7.3 5.6
35.3 47.8
79.1 29.1
14.1 78.6
98.2 30.3
53.5 73.1
54.1 44.4
27.0 34.7
95.7 65.4
39.1 47.0
14.8 19.3
27.5 51.9
42.9 59.8
67.9 50.1
89.3 87.7
28.5 91.6
39.4 96.6
25.7 99.0
77.6 18.5
48.9 75.0
83.3 75.9
20.3 37.6
72.3 72.6
73.2 47.3
94.3 3.2
22.5 12.4
64.3 44.4
39.4 85.3
70.6 42.5
65.4 42.5
34.1 59.9
56.5 93.9
93.0 73.6
92.1 17.4
92.4 5.8
16.9 76.2
13.8 10.9
83.5 37.3
19.8 21.3
24.5 56.7
4.3 49.4
29.0 82.3
2.8 68.7
46.4 68.4
10.9 73.4
68.5 11.8
5.7 45.1
18.7 60.2
77.6 33.9
39.8 46.0
22.3 5.2
16.1 91.9
29.2 36.1
57.5 34.8
91.5 84.3
68.9 17.2
34.7 95.9
99.8 97.9
1.5 37.5
46.1 46.2
93.2 12.4
92.7 14.6
74.8 98.9
68.1 46.6
92.7 87.6
28.0 43.1
35.0 15.0
86.3 79.3
14.1 99.5
19.0 79.0
31.5 40.9
36.8 87.9
21.0 66.2
39.0 71.8
18.0 22.5
70.1 85.1
99.8 11.2
45.3 98.1
44.7 9.8
32.7 48.6
91.7 37.4
87.6 60.7
40.1 62.0
61.5 9.2
88.2 89.4
30.3 80.5
3.6 54.9
21.2 2.3
74.1 59.8
17.5 60.2
80.5 27.3
99 99 1 8
73.7 22.8
20.9 80.3
25.4 19.1
67.7 65.7
38.3 58.1
54.0 94.7
56.7 26.0
35.2 29.3
54.0 53.4
69.1 58.6
13.6 84.3
86.7 72.7
32.5 70.0
65.4 96.0
23.4 85.2
8.0 45.9
61.5 97.1
51.4 29.0
29.9 22.1
15.4 54.4
49.1 68.2
94.2 69.4
34.0 41.0
94.4 64.6
58.5 88.0
7.5 63.5
71.4 7.3
77.3 94.2
25.5 39.1
24.3 42.7
23.8 48.9
46.0 32.3
96.5 85.3
42.6 32.7
87.1 26.4
94.7 58.0
27.5 36.2
77.2 24.1
24.0 96.7
84.7 6.8
70.3 82.5
89.8 92.2
21.7 76.9
16.0 2.3
80.2 47.2
31.3 75.5
7.8 4.0
24.6 12.5
45.2 39.6
66.0 67.2
25.3 32.3
3.7 60.7
20.1 88.0
84.7 16.1
22.9 44.1
26.6 4.6
32.0 28.4
5.3 51.6
53.9 88.9
71.3 56.5
32.0 34.1
38.1 2.6
50.4 75.1
14.7 97.9
65.2 95.6
63.2 80.7
76.7 25.7
48.9 66.9
83.1 96.8
40.9 33.6
73.4 6.0
69.7 2.7
54.3 5.4
94.4 75.0
66.8 8.2
42.3 65.7
3.6 98.8
9.1 15.6
13.6 54.0
49.6 23.8
39.8 14.0
39.7 12.8
15.0 16.5
13.3 23.8
92.6 98.1
39.3 89.4
92.1 66.0
6.6 9.0
19.3 46.4
89.8 1.0
2.0 86.1
20.1 32.1
82.9 40.8
94.8 29.3
53.1 96.5
45.7 79.6
27.7 92.9
44.6 20.6
44.4 42.7
76.0 93.1
82.5 37.0
3.0 15.3
24.4 9.8
91.4 44.9
81.1 78.9
65.0 81.2
48.5 83.1
23.9 20.3
49.6 31.5
63.2 53.9
33.6 38.0
66.1 44.2
64.8 61.3
39.2 10.8
39.1 9.3
81.5 15.2
30.5 21.7
66.7 19.8
64.7 90.1
69.0 93.4
74.6 45.8
64.2 69.2
89.6 58.4
25.1 23.3
77.3 74.4
12.4 23.5
67.7 10.9
7.4 78.6
24.6 32.6
77.1 46.6
61.8 98.9
55.8 58.6
13.6 92.3
17.7 22.6
16.0 78.3
59.4 86.7
91.2 25.8
84.2 23.6
46.9 80.8
55.2 44.5
68.1 24.2
70.3 2.9
16.7 35.8
3.6 77.7
59.5 76.5
75.4 80.7
74.6 21.3
48.9 31.3
53.9 88.2
1.8 66.6
88.5 5.1
30.9 61.2
20.0 14.9
95.7 50.4
94.9 66.9
26.4 86.2
89.1 63.0
34.1 31.9
44.9 41.0
17.5 37.7
53.7 4.4
61.0 92.9
24.2 63.5
86.9 9.9
11.7 13.3
18.4 88.7
85.1 35.4
50.4 84.6
35.0 5.1
7.3 81.3
67.5 65.1
63.4 33.7
65.6 91.8
32.8 97.5
70.4 10.5
50.2 50.3
78.5 24.1
87.6 11.2
21.1 2.7
51.3 9.8
98.5 68.0
38.6 69.7
89.5 18.9
24.0 89.0
5.6 24.5
89.7 31.3
0.2 8.3
0.2 53.1
85.8 65.9
11.6 68.2
53.8 56.2
80.4 61.8
73.0 32.3
70.2 3.2
48.2 29.3
32.5 21.5
26.5 46.8
65.7 6.4
99 99 1 9
30.6 16.0
40.6 24.9
91.5 36.2
44.6 65.5
53.8 91.7
57.6 80.0
48.2 39.6
31.0 4.5
1.5 2.0
34.3 46.6
85.1 9.8
74.3 4.6
26.1 33.3
80.1 42.1
48.5 87.8
3.9 81.0
41.2 79.1
15.4 79.7
45.2 32.7
24.4 60.0
40.0 34.2
9.0 17.3
57.0 23.4
25.5 40.0
86.7 58.5
68.3 95.0
99.6 71.8
5.1 77.9
20.0 61.0
48.8 20.5
36.7 68.5
47.6 87.9
67.6 77.9
45.8 98.2
93.4 12.8
82.2 70.3
22.8 68.6
92.1 91.2
31.3 79.8
73.5 17.6
47.8 18.0
89.8 77.1
55.0 47.5
43.7 30.1
50.6 75.0
78.7 27.7
15.7 22.6
0.5 61.5
59.8 83.3
31.4 81.6
51.9 53.2
21.9 13.6
4.9 9.9
24.9 49.2
2.0 36.2
89.4 98.4
75.5 49.8
32.5 14.4
44.5 65.7
40.7 76.2
39.2 30.4
53.0 54.6
16.2 54.9
73.4 88.7
70.3 76.0
64.4 4.8
53.7 57.4
67.3 21.5
70.7 93.8
65.2 92.2
25.9 72.7
22.6 54.6
4.2 1.4
2.4 55.1
66.6 48.7
14.3 78.3
33.0 5.8
95.9 67.3
91.3 49.2
60.4 69.3
9.4 61.6
19.1 24.8
81.6 63.1
56.9 21.6
49.1 52.3
60.3 57.3
11.9 75.0
11.6 18.1
8.4 51.3
0.0 14.0
92.4 75.0
16.0 49.6
52.1 25.4
9.8 11.9
16.5 43.4
5.1 70.2
30.2 25.9
24.2 59.4
81.0 11.8
99.4 16.3
73.6 65.3
40.3 59.7
77.8 20.7
72.0 52.0
1.2 86.2
96.5 7.2
56.8 93.6
54.2 12.5
59.7 44.2
87.6 64.0
69.4 76.2
37.3 27.9
22.5 99.7
46.7 96.7
13.0 38.8
4.1 46.1
41.0 21.8
42.5 44.5
31.7 54.0
40.3 49.7
56.9 32.9
26.6 72.0
19.7 49.0
93.2 80.8
80.1 14.6
26.0 16.0
44.0 49.5
84.4 63.3
60.0 1.7
40.5 31.2
12.5 8.2
30.0 44.7
24.4 53.6
7.6 7.7
57.4 56.1
89.0 83.1
90.3 14.4
98.6 50.8
66.9 10.1
59.9 91.8
7.8 47.0
96.5 86.0
84.5 87.0
88.8 81.0
12.2 44.6
88.0 64.5
9.2 59.9
48.7 18.1
61.0 68.8
24.9 91.6
74.7 18.5
68.1 49.2
35.2 0.3
45.6 66.7
93.7 2.1
49.1 5.5
91.5 1.5
23.8 45.7
26.7 76.1
55.9 47.8
12.3 74.1
69.2 43.9
97.2 56.8
25.6 18.0
9.6 93.5
12.0 85.8
70.2 19.5
19.8 80.1
82.0 5.4
7.6 65.4
6.2 75.7
77.2 56.7
37.6 97.7
9.0 36.2
84.0 99.5
8.8 0.1
79.3 31.6
88.4 78.1
96.1 76.5
70.0 49.2
70.2 5.7
60.4 17.2
32.5 40.4
45.9 80.3
80.9 14.5
90.2 88.7
45.4 87.1
20.1 2.7
74.1 18.3
17.8 64.3
64.5 58.2
25.0 26.7
4.8 43.8
55.5 13.4
97.8 36.1
77.0 60.8
78.0 68.1
43.7 37.4
99 99 1 9
52.9 10.6
60.3 89.6
13.5 33.9
56.2 85.8
88.5 59.0
12.5 11.5
75.9 62.6
56.0 30.3
92.2 40.4
84.2 81.0
29.6 97.0
68.3 39.7
0.5 62.7
30.8 45.3
82.8 13.8
59.6 74.5
99.4 70.9
4.8 19.9
5.7 12.9
7.1 96.3
7.8 29.4
27.3 19.6
85.2 18.9
59.3 83.3
99.6 77.4
9.7 78.7
53.7 64.4
27.1 78.0
23.4 89.4
3.2 57.9
67.7 41.4
12.3 62.8
18.0 2.3
50.4 52.4
48.7 58.9
88.4 57.6
12.4 91.7
10.7 15.7
34.2 97.6
10.3 5.2
84.0 69.0
33.5 20.0
98.0 37.7
27.1 60.6
53.8 56.6
98.0 65.6
63.6 56.7
59.0 45.6
98.0 16.8
75.8 9.4
2.2 81.9
8.8 99.4
50.3 14.7
47.5 19.5
60.0 19.7
88.8 57.8
13.0 79.2
16.9 22.3
18.1 46.3
2.9 79.2
80.0 71.9
28.6 1.0
46.6 78.9
95.7 22.8
32.3 79.8
61.7 71.5
6.1 69.7
19.6 70.5
25.3 56.4
76.2 67.2
60.2 20.5
99.7 65.0
22.5 8.5
54.8 51.8
66.2 40.6
47.8 57.7
93.9 46.3
25.2 11.6
34.5 75.7
55.5 56.1
27.7 2.0
71.7 52.4
58.2 69.0
25.5 91.4
93.8 18.7
39.2 1.7
1.9 89.2
97.7 74.1
25.9 59.6
0.2 52.5
45.5 27.3
73.6 83.2
94.9 39.4
50.4 34.0
90.2 29.4
31.4 5.9
93.6 53.1
22.1 38.3
29.7 87.0
5.7 82.8
19.7 58.7
48.0 80.1
89.4 56.8
16.4 45.7
33.5 15.3
42.6 51.9
35.1 79.0
53.6 51.5
20.7 65.2
94.6 4.0
45.2 46.1
34.4 61.2
99.6 38.8
61.0 91.8
74.6 64.5
23.3 1.9
82.0 29.6
86.4 6.5
52.2 6.6
21.9 2.9
54.8 20.9
35.1 99.7
86.4 25.1
90.4 88.8
92.8 7.2
88.5 20.2
81.5 73.2
47.2 23.0
14.8 16.3
16.0 8.2
10.1 24.6
54.2 74.5
81.0 27.3
33.9 40.7
43.6 68.5
89.4 91.0
26.0 33.6
93.9 24.6
48.6 12.4
54.8 84.3
39.8 76.6
49.9 43.4
1.6 21.3
72.8 97.1
40.6 16.4
41.0 88.8
63.4 50.7
13.3 30.5
71.2 44.4
48.1 47.2
73.5 50.0
18.8 37.6
97.4 99.5
47.1 12.7
32.3 46.0
22.6 2.0
80.6 7.3
28.6 72.5
4.9 82.2
33.8 36.6
60.6 45.5
31.4 10.0
40.5 59.2
38.9 44.7
27.2 46.9
32.1 87.0
24.6 0.7
35.4 50.9
98.9 22.0
3.2 82.5
19.7 66.4
73.7 25.9
98.4 35.5
52.9 37.5
9.3 3.3
84.0 86.7
32.0 69.9
29.2 15.5
60.2 72.5
54.7 3.3
90.3 22.6
23.3 86.8
73.0 50.2
7.4 93.9
11.7 71.9
73.5 10.7
36.6 31.4
2.2 47.2
19.9 70.2
8.8 55.1
77.1 29.2
99.1 92.8
43.5 9.1
16.8 63.5
66.8 3.8
26.4 71.5
93.6 57.2
42.6 85.0
99 99 1 10
14.1 66.6
73.7 50.0
60.7 25.8
92.5 47.2
94.4 32.5
2.8 94.7
85.0 14.3
43.5 11.6
39.6 62.1
71.2 77.8
41.4 83.2
22.2 88.1
94.8 43.4
35.8 83.8
4.0 88.4
90.2 78.4
28.5 18.2
79.2 63.9
11.1 24.4
57.0 71.7
1.6 40.7
90.2 59.8
6.6 86.7
84.0 68.9
46.8 81.4
64.6 55.3
78.6 23.4
66.8 22.0
5.9 8.6
32.3 2.7
16.3 45.1
63.3 22.5
86.5 44.8
69.3 42.6
49.5 97.6
38.4 26.3
21.3 86.4
73.1 63.8
32.8 27.9
44.5 57.1
47.6 79.6
3.0 44.4
66.4 61.4
5.3 5.0
42.9 7.5
52.7 37.6
95.3 59.3
39.3 51.2
29.0 81.8
14.7 8.6
70.1 78.6
65.0 88.3
52.1 91.4
54.5 73.3
65.6 84.9
64.5 34.3
78.7 48.5
45.1 2.7
43.0 45.1
87.9 50.4
23.2 21.1
80.4 75.8
27.0 18.6
0.4 55.0
63.6 56.1
69.9 50.3
38.6 69.0
95.6 70.1
78.6 90.8
10.9 85.4
19.7 79.4
27.9 10.7
48.6 98.4
78.7 8.3
93.9 91.6
12.8 1.8
77.6 17.2
35.8 28.4
83.4 4.7
96.0 71.4
57.0 82.3
86.5 1.1
6.4 95.6
21.6 82.1
2.7 20.2
99.6 32.6
78.5 57.6
91.2 62.8
71.1 27.1
54.0 70.0
7.0 0.2
17.4 2.0
30.4 84.7
24.6 88.4
95.1 49.1
66.6 20.6
56.9 52.1
82.9 53.1
70.4 63.3
83.5 4.6
72.4 73.2
30.8 18.3
81.1 50.9
13.2 22.1
27.3 87.4
87.7 67.2
69.2 34.3
54.2 40.3
28.8 99.7
84.0 78.8
99.4 59.1
11.2 50.6
38.9 91.5
54.8 94.1
33.9 9.3
17.7 73.5
91.9 41.5
27.6 48.6
5.9 8.2
95.7 40.9
8.1 68.4
2.7 18.6
58.9 12.6
47.5 92.2
71.0 87.7
46.8 31.5
17.3 5.7
97.2 93.2
22.6 56.2
0.7 87.3
60.8 91.7
33.3 18.5
2.3 87.9
31.4 96.1
37.0 8.2
76.6 27.1
80.9 80.4
93.0 14.5
6.7 39.8
62.8 40.5
7.2 77.8
18.7 44.8
38.1 24.5
15.9 15.9
38.4 95.9
87.6 16.6
35.1 34.5
22.4 20.9
17.1 37.4
45.6 53.8
16.1 89.3
4.9 57.4
7.2 97.0
72.1 97.9
73.6 49.1
62.1 34.9
79.7 80.8
40.5 80.8
96.8 53.0
48.9 56.4
73.1 35.2
69.7 36.6
92.7 8.2
80.9 27.4
16.4 45.0
69.6 61.7
19.2 67.8
0.0 74.5
72.5 61.6
10.7 72.1
42.2 81.3
97.4 72.9
53.7 22.0
10.2 37.9
29.6 85.7
56.2 59.2
95.8 2.7
46.1 25.9
88.5 23.7
68.8 27.0
24.0 40.2
8.0 38.4
12.9 43.2
40.0 8.0
15.4 20.6
37.2 50.7
23.6 57.6
14.8 34.6
7.7 77.4
63.1 25.1
19.5 37.3
40.0 19.3
80.5 50.5
74.2 21.4
83.6 4.2
44.4 78.2
51.8 7.6
86.0 52.4
99 99 1 10
95.7 0.0
20.6 26.0
76.8 11.1
3.9 93.0
27.6 35.6
13.0 18.8
79.1 35.4
72.7 11.4
65.9 33.8
84.3 48.0
4.6 81.6
85.9 58.5
72.0 88.2
31.1 30.3
18.0 23.8
23.8 17.1
78.4 48.9
60.0 79.7
72.7 90.4
26.0 99.1
53.1 0.4
71.0 39.1
85.7 67.4
1.2 78.9
26.9 51.6
68.5 85.5
79.3 31.5
55.0 54.4
19.9 51.3
10.3 86.1
3.2 73.1
22.0 34.2
49.1 16.8
7.2 17.2
51.6 21.8
57.4 33.3
7.6 4.7
72.2 63.6
42.6 93.3
80.1 73.4
94.2 69.5
36.3 48.6
38.2 8.7
60.0 91.3
77.4 93.4
1.7 5.5
74.9 15.8
32.7 23.8
76.2 24.0
45.9 75.1
8.4 27.8
67.8 38.5
2.2 16.0
44.5 40.0
48.6 44.8
49.5 24.7
8.5 78.0
86.7 85.8
12.3 82.0
10.6 81.9
87.5 89.7
40.8 12.3
71.3 62.4
86.5 8.7
83.8 47.6
10.6 67.6
41.3 92.3
43.5 78.4
53.6 43.5
23.5 88.1
48.0 37.5
15.5 73.1
94.1 91.7
73.7 2.3
19.4 6.5
96.2 19.5
31.9 6.9
4.6 72.2
80.9 3.2
86.0 26.3
93.9 64.8
92.3 96.7
10.3 35.2
14.0 35.8
23.9 64.0
36.7 37.5
10.6 71.9
63.7 52.2
89.7 4.8
46.5 72.6
92.2 44.4
51.3 42.7
50.2 59.3
62.5 91.1
17.4 31.1
31.1 83.8
15.7 11.3
81.8 23.4
59.3 61.2
60.4 31.0
68.5 18.4
25.6 97.1
84.6 14.4
54.4 89.3
97.1 74.3
53.9 0.9
78.8 24.5
83.8 5.3
96.4 29.0
95.4 81.6
65.4 49.1
60.4 26.5
50.0 16.3
77.5 77.4
8.4 44.5
62.9 38.0
35.1 12.2
26.6 88.5
13.0 19.7
29.3 16.2
17.1 45.4
69.9 83.2
23.7 31.1
60.2 53.8
70.6 55.4
4.5 90.8
17.3 71.2
87.5 0.1
12.8 2.5
47.0 0.2
38.2 56.4
68.6 10.0
33.7 8.6
63.5 30.4
46.6 46.8
92.2 28.0
46.5 98.9
30.1 97.3
86.3 5.4
60.8 25.5
16.3 56.9
28.1 0.5
35.9 68.8
71.4 50.8
86.3 83.9
40.3 18.4
63.6 24.5
68.3 9.0
74.6 97.4
79.4 67.1
95.1 21.3
55.4 6.8
39.3 76.8
82.3 85.5
46.2 25.7
17.8 78.3
14.1 97.7
66.6 81.2
32.0 50.0
33.9 38.0
91.6 18.3
78.1 9.4
18.4 90.5
87.9 81.6
48.7 93.1
49.6 2.5
44.5 79.1
55.9 5.0
25.8 83.8
9.5 38.2
16.6 7.2
5.0 27.4
8.6 30.7
15.9 6.8
80.0 75.8
29.4 85.0
94.4 71.6
97.3 42.7
24.3 48.1
76.4 85.2
22.9 73.1
52.2 61.2
66.2 67.4
51.3 8.1
81.6 27.2
34.5 60.8
23.4 33.4
99.3 74.7
81.5 67.2
43.1 15.2
35.4 61.5
68.3 7.7
50.4 29.8
13.1 65.7
86.1 74.7
83.0 89.5
85.9 9.1
11.7 70.4
99 99 1 11
13.8 52.2
14.6 63.0
59.1 95.4
64.0 84.3
59.0 17.7
85.0 63.3
13.7 40.5
37.2 63.3
71.0 49.1
14.1 40.8
41.7 56.6
66.5 62.5
87.2 63.0
7.3 49.6
20.0 73.2
60.6 19.1
17.3 69.0
99.6 75.2
59.6 76.4
29.4 63.6
26.9 18.6
94.4 14.4
12.9 40.6
24.9 66.8
42.8 83.9
40.5 74.3
36.8 84.5
82.8 7.0
91.8 59.2
32.4 90.1
9.2 47.1
16.1 93.0
68.3 61.8
73.4 15.8
79.4 63.1
81.7 2.8
17.2 41.6
17.4 11.3
13.4 65.3
49.2 77.6
87.1 56.2
76.0 24.9
67.2 59.1
18.3 58.8
48.9 94.2
41.3 50.8
43.8 93.4
90.4 92.7
43.7 47.3
10.4 63.8
66.7 58.3
35.1 27.4
73.9 19.1
84.5 52.6
65.4 87.3
43.6 68.9
29.1 52.5
11.6 19.6
13.6 96.3
25.7 29.9
80.7 97.7
91.1 2.3
95.0 59.8
7.1 81.5
80.6 73.9
32.2 52.8
15.4 47.3
1.6 2.6
55.2 89.3
76.7 86.1
90.3 20.6
73.1 20.3
75.1 19.4
50.9 84.7
49.8 23.9
21.6 76.6
78.9 30.6
25.6 48.0
64.7 9.1
18.2 67.9
20.7 45.3
27.8 85.7
88.3 36.1
25.5 29.5
50.8 78.7
99.3 37.4
92.9 41.1
60.5 7.6
27.5 68.0
27.1 46.6
23.3 77.3
43.1 48.7
31.9 37.4
81.8 68.7
36.7 96.7
77.2 35.2
20.9 57.4
28.8 5.1
69.8 9.2
87.9 89.5
26.9 20.6
61.8 22.4
65.2 19.8
23.0 57.5
4.2 92.7
70.1 50.1
34.0 62.7
35.3 48.4
17.2 66.0
97.9 52.3
87.6 53.9
46.5 75.1
15.4 8.5
53.0 10.5
0.0 85.2
5.9 76.1
33.8 26.9
46.7 2.9
95.6 99.0
91.8 4.9
55.0 35.0
97.7 97.1
45.5 89.1
90.3 68.3
20.6 97.9
87.0 88.2
63.3 8.2
52.0 68.8
79.3 78.8
99.2 40.2
16.3 14.6
76.7 5.1
43.2 50.1
84.4 23.5
63.6 38.9
73.9 76.2
8.5 18.7
43.0 6.9
75.2 89.2
87.2 33.3
21.5 31.0
74.5 9.4
78.2 20.0
34.0 61.7
1.9 92.8
7.4 33.3
73.6 53.4
38.8 84.1
42.8 16.9
91.0 23.2
34.6 6.5
60.4 0.1
7.0 43.1
67.5 3.4
71.9 17.4
48.5 54.7
99.4 93.4
48.6 58.2
19.9 77.6
70.4 82.7
51.2 21.8
10.4 13.0
97.2 60.0
76.9 49.2
7.6 75.2
81.7 3.1
3.3 42.2
20.5 42.1
80.7 45.5
63.0 88.1
78.0 52.6
81.2 46.7
4.9 77.4
55.1 29.9
47.8 60.0
81.8 60.7
73.8 34.2
94.2 27.4
76.7 6.2
81.4 6.4
9.5 84.3
26.6 98.4
75.7 48.0
93.6 82.3
70.4 56.5
44.3 91.8
38.5 48.5
61.1 25.6
90.7 78.6
38.6 51.4
12.2 73.7
7.9 55.6
83.0 21.2
27.4 2.1
43.7 94.9
79.3 44.0
42.4 88.5
36.5 41.1
99 99 1 11
58.6 18.2
9.9 65.3
57.1 29.1
12.8 54.2
79.8 30.8
44.6 73.9
25.4 5.7
79.4 18.4
9.2 72.8
94.0 87.3
24.7 92.3
22.4 56.6
0.6 3.6
92.1 1.7
78.0 43.1
96.5 63.9
29.2 36.7
1.0 6.4
60.6 21.6
87.6 49.0
22.9 75.7
16.6 67.5
85.9 83.5
91.5 96.1
18.6 95.2
22.7 85.5
77.3 78.5
82.2 45.1
82.1 78.0
56.3 74.3
73.4 95.3
67.2 52.8
59.2 37.9
59.5 3.4
52.4 55.0
65.9 82.3
49.8 10.6
94.1 82.6
78.7 71.0
1.4 85.7
6.4 32.5
11.1 24.1
4.4 83.8
61.8 93.3
2.8 86.5
17.1 53.3
6.1 76.3
49.4 84.3
87.8 0.5
90.7 8.9
26.4 40.2
86.0 56.7
74.5 11.5
17.7 80.2
1.1 88.4
20.9 19.1
78.4 7.5
26.5 67.2
60.5 82.8
4.6 23.5
76.8 98.6
10.1 21.7
41.2 82.9
18.6 59.5
3.6 64.2
39.7 9.4
1.3 65.2
76.7 25.7
5.9 75.8
64.2 94.4
13.5 42.2
49.8 20.3
87.6 27.1
10.0 11.5
35.1 83.3
81.9 14.6
71.5 11.9
30.1 27.2
86.7 47.9
12.2 48.7
93.3 25.5
90.8 51.9
77.6 94.6
70.4 67.5
97.2 18.8
61.0 69.8
25.4 45.9
73.1 46.0
57.6 13.0
96.3 83.1
32.9 92.7
39.8 13.5
40.7 39.6
87.5 69.9
18.7 62.7
88.2 99.7
86.8 12.0
6.7 79.0
81.8 99.7
18.5 12.3
17.4 79.0
24.9 14.7
96.0 42.8
91.0 33.2
51.5 88.8
81.5 22.5
36.0 19.6
59.2 56.5
26.5 12.0
74.7 82.0
81.7 45.2
92.4 98.1
12.4 3.8
3.5 34.3
81.9 94.2
8.4 22.0
71.9 99.3
77.3 68.5
1.8 67.9
56.7 68.3
90.8 53.3
73.0 73.4
30.0 62.1
74.1 32.2
49.4 56.5
36.9 84.0
17.3 66.4
70.2 29.3
98.9 29.7
59.1 73.7
30.9 80.8
80.1 67.5
36.1 38.0
6.0 92.6
60.9 37.9
26.4 97.9
71.4 86.9
49.0 99.4
66.9 36.6
28.3 58.3
77.5 16.3
82.7 65.2
29.7 94.9
59.8 88.1
61.8 28.6
9.4 19.0
86.5 27.9
66.0 24.7
17.3 57.8
95.7 72.0
5.1 78.2
0.4 22.2
56.8 76.5
48.3 49.4
43.0 23.7
75.3 76.6
77.0 20.5
50.6 93.2
81.4 6.8
70.6 10.5
29.5 78.4
6.4 80.1
40.0 51.2
9.1 72.4
79.6 57.4
70.8 40.0
97.4 84.7
96.5 71.2
55.9 54.3
13.2 44.8
56.7 34.1
89.8 23.7
17.0 33.7
75.7 40.5
51.0 98.4
76.8 46.4
61.7 15.7
66.9 18.4
90.8 1.7
94.3 11.2
51.3 5.6
25.6 65.2
71.6 48.7
3.0 22.1
2.1 62.7
32.0 51.5
75.2 58.8
27.8 21.9
62.4 92.2
25.8 3.5
49.9 48.6
64.3 2.7
21.1 11.6
48.6 66.4
77.7 47.2
52.8 42.9
43.3 29.0
77.7 13.6
99 99 1 12
35.7 50.2
48.1 16.0
67.5 73.1
67.1 80.2
2.1 42.7
35.0 94.9
98.5 99.7
48.3 96.0
98.7 83.6
30.5 12.6
79.0 55.1
37.5 79.1
22.0 91.9
20.9 25.5
39.2 0.6
50.8 33.9
49.9 10.1
83.2 98.9
79.1 17.4
95.3 85.6
80.5 16.4
16.1 65.5
61.6 14.2
33.1 64.4
12.2 95.5
50.6 63.6
42.7 26.5
18.4 23.3
48.9 99.9
35.7 74.6
8.5 88.1
98.2 86.5
20.7 58.4
11.0 16.7
2.3 99.8
51.5 41.5
7.1 18.0
67.5 67.6
67.3 3.9
99.4 0.6
64.2 79.5
41.2 85.3
8.6 42.1
77.2 94.9
69.5 92.7
80.8 13.0
34.7 78.0
71.6 14.3
31.0 55.4
90.5 17.8
59.3 68.5
86.5 42.0
44.8 1.6
40.7 89.2
89.8 12.1
26.9 75.4
60.7 89.2
66.5 68.1
63.0 4.5
97.3 43.8
92.0 32.5
45.7 78.1
27.6 61.9
17.4 17.3
70.3 93.8
62.3 43.1
20.3 64.9
1.7 84.1
73.3 65.1
77.3 42.5
17.9 63.2
87.6 4.2
72.3 13.8
18.3 54.2
33.2 70.6
3.1 50.8
64.2 60.4
22.3 84.1
1.4 91.8
85.7 74.9
53.2 7.0
71.9 48.0
67.3 73.5
38.7 8.8
86.5 40.7
39.1 16.0
55.4 4.4
53.4 26.7
16.1 27.7
33.5 71.8
22.6 84.5
44.9 36.7
20.8 22.0
13.9 2.5
77.4 57.4
99.6 99.6
82.8 65.9
39.4 6.7
15.6 85.4
26.1 78.1
29.3 2.1
41.8 0.4
62.3 84.7
47.7 95.2
2.2 78.5
63.0 81.2
17.9 60.1
82.1 43.2
45.7 73.9
66.6 96.0
30.8 58.3
24.2 66.2
73.0 48.9
34.3 63.7
77.0 88.6
25.9 95.6
31.2 6.4
91.1 67.7
63.0 93.5
7.2 38.8
20.1 0.4
60.5 5.5
48.7 73.2
82.4 42.7
73.9 94.4
87.9 49.0
15.2 4.8
88.9 47.4
11.1 88.2
12.0 58.4
54.0 23.3
29.7 38.0
40.9 85.2
13.9 56.1
94.9 39.1
39.6 21.2
26.7 50.2
23.5 0.1
78.0 75.4
5.0 41.1
90.1 52.0
92.0 28.1
75.5 5.3
28.8 80.9
39.3 21.8
45.2 76.0
49.2 28.5
48.9 74.9
66.2 25.4
64.5 62.8
84.0 61.2
46.6 4.1
39.5 10.7
21.3 5.3
46.4 17.5
4.7 61.5
89.7 36.5
77.1 31.9
12.8 65.2
87.1 41.1
17.1 87.3
51.0 32.3
42.4 1.6
27.0 99.9
98.0 8.7
5.1 91.5
30.9 82.0
28.0 51.7
92.3 5.6
58.3 84.5
46.1 38.7
75.3 63.1
95.0 35.8
1.0 87.6
28.7 43.1
65.6 23.3
90.8 81.0
82.6 51.9
87.0 33.3
77.2 44.8
71.6 85.0
2.3 82.3
69.2 2.5
8.1 65.5
50.0 61.5
35.5 66.4
64.7 31.3
2.3 46.0
33.6 95.0
73.3 38.6
61.9 97.5
78.5 38.9
90.8 52.8
21.3 96.4
76.4 13.1
98.1 98.5
16.0 48.0
50.5 0.4
99 99 1 12
1.1 20.4
82.0 93.8
95.5 51.2
17.7 52.7
98.7 60.2
55.2 20.1
58.7 32.3
29.8 28.5
2.7 20.6
8.6 43.5
75.1 28.7
41.8 29.9
63.6 51.6
99.6 75.2
10.8 79.6
0.1 85.4
79.2 12.0
98.4 17.3
70.0 9.9
70.2 16.1
36.2 3.9
36.2 60.6
24.4 94.9
50.8 1.2
44.7 62.3
26.2 59.4
89.4 19.9
6.7 3.3
78.5 53.0
67.9 6.3
26.9 89.3
1.3 3.2
55.7 41.4
51.3 99.7
51.1 60.9
64.8 56.7
17.4 87.3
17.5 1.0
37.4 77.0
74.5 68.3
62.9 82.1
37.2 0.7
4.0 87.5
40.6 43.9
85.5 17.7
7.1 43.7
46.9 12.4
53.8 43.6
78.6 37.8
98.7 40.4
97.1 29.7
52.2 63.5
99.7 49.7
26.7 69.7
73.2 37.1
54.4 36.4
72.4 36.2
58.9 26.9
70.8 76.4
94.2 99.5
78.4 91.5
39.2 36.5
80.1 60.5
98.3 28.2
68.6 58.7
23.6 97.0
95.7 65.8
15.5 75.9
80.8 95.4
67.7 77.5
13.9 89.3
25.5 22.2
49.1 21.5
98.0 19.6
19.2 55.1
81.9 27.4
63.9 32.8
93.4 21.1
84.5 79.2
38.0 91.7
24.0 53.2
19.0 96.8
72.7 19.7
50.4 69.7
47.2 53.6
42.9 53.3
10.7 96.4
17.9 3.6
23.2 59.8
50.2 51.1
13.7 77.6
10.5 67.3
23.6 77.6
92.1 39.1
30.8 8.1
61.3 65.3
62.1 54.8
74.6 15.5
20.5 34.9
23.7 60.2
13.5 2.9
99.3 1.8
40.6 24.3
19.3 52.5
38.8 99.0
76.7 4.7
72.0 52.6
65.4 22.4
61.5 95.6
39.0 92.7
58.0 27.5
82.4 35.5
51.1 20.2
55.1 92.2
87.6 71.6
74.5 14.0
15.8 1.1
60.6 9.1
96.8 91.6
90.6 80.0
19.9 70.8
58.6 2.5
24.9 92.0
22.8 59.3
52.0 21.6
84.4 97.0
32.6 10.1
30.3 66.8
94.2 18.9
25.7 20.6
69.8 17.0
18.1 35.4
44.5 20.8
12.4 14.0
94.0 76.5
82.6 3.0
5.6 13.9
41.1 41.2
0.5 65.7
22.6 99.2
96.2 87.8
97.9 7.0
9.0 64.0
82.9 63.4
84.0 3.2
20.2 8.6
44.1 53.8
9.8 73.5
87.5 23.8
35.6 22.2
25.2 16.7
65.9 18.2
94.6 66.0
67.0 7.0
41.4 95.2
83.0 89.6
96.6 72.9
36.9 16.1
79.5 5.6
44.0 19.9
63.7 98.7
87.7 99.4
72.9 7.8
66.9 97.5
19.7 95.7
12.4 2.5
20.7 80.1
46.2 78.3
20.6 50.5
80.9 13.2
38.0 97.2
70.1 99.1
15.2 34.6
75.4 7.1
62.2 94.7
93.4 19.4
18.8 25.9
33.8 81.1
13.8 26.9
22.6 35.9
38.4 33.5
13.7 70.3
48.6 94.3
44.8 95.1
43.5 4.4
1.7 25.8
24.9 81.5
16.1 71.8
14.1 75.4
5.3 91.5
46.1 76.3
2.3 98.8
15.1 64.9
91.8 71.3
7.2 29.0
97.7 49.7
20.0 80.8
75.1 11.4
99 99 1 13
41.7 3.8
8.3 55.1
16.1 85.2
66.7 45.2
17.0 41.1
51.7 18.0
44.7 66.4
42.7 57.0
91.0 90.8
90.9 80.2
86.7 6.2
70.4 18.0
67.7 93.9
9.9 3.3
50.0 22.9
26.7 85.0
75.4 91.7
12.2 70.2
15.4 91.5
67.8 14.1
32.2 67.7
34.1 19.5
76.6 12.1
38.2 12.0
92.3 67.6
9.0 64.3
82.3 79.0
8.2 14.6
18.0 85.2
8.1 18.1
38.4 68.0
59.7 70.1
40.3 13.8
5.3 7.1
21.3 91.0
58.7 73.2
92.7 88.7
36.0 92.8
4.8 69.3
72.2 74.2
38.6 32.3
11.4 81.2
95.9 56.1
41.4 54.8
72.9 13.9
17.1 84.7
54.8 11.3
25.1 12.0
19.2 30.4
21.4 65.7
38.9 40.5
29.2 80.1
8.1 66.8
71.4 65.2
74.7 48.1
80.5 43.6
60.0 48.5
4.6 27.1
81.9 55.9
5.0 46.0
66.0 54.8
1.4 22.1
34.2 20.8
51.2 61.7
27.4 88.6
29.1 7.8
87.9 1.5
3.6 93.5
93.9 31.2
79.4 75.0
53.8 3.8
52.3 59.9
22.2 13.8
5.0 57.0
38.2 4.1
94.1 45.2
2.6 4.2
25.1 30.7
92.5 72.0
60.6 11.5
19.4 19.9
56.7 89.7
18.4 42.5
73.8 60.3
35.3 47.5
51.4 53.2
48.3 24.3
73.3 3.7
60.7 70.5
9.8 13.5
58.8 99.0
3.2 39.1
69.9 61.4
68.6 63.5
10.3 62.4
17.5 29.2
54.1 29.7
7.4 74.2
69.7 72.5
20.0 81.2
34.4 40.2
64.5 71.4
10.4 17.9
23.6 73.1
86.6 71.1
5.3 33.4
72.6 45.4
42.0 43.8
42.5 77.7
40.1 10.6
75.0 52.8
17.7 92.8
2.3 29.1
36.8 25.2
6.4 72.0
12.3 56.9
63.5 76.1
94.0 12.0
85.1 9.1
15.5 17.7
86.3 71.8
52.4 20.8
99.8 94.1
71.8 29.7
75.5 42.4
95.2 47.1
40.0 50.6
14.9 13.0
38.2 42.3
49.5 51.8
43.9 79.8
55.9 97.0
9.1 42.6
51.8 85.2
38.1 29.4
36.4 67.3
23.3 24.4
18.6 88.9
53.8 23.2
0.8 25.6
72.8 29.3
15.1 31.2
44.2 48.0
25.5 30.1
81.9 17.6
32.7 75.0
72.1 61.0
3.6 88.6
73.8 16.4
81.0 55.4
57.9 11.9
71.6 17.5
41.6 16.5
39.7 25.4
51.0 95.4
59.9 75.7
6.9 59.0
7.0 75.1
5.2 86.4
39.2 32.5
42.8 22.3
83.3 71.9
60.6 50.1
1.7 22.1
12.8 69.6
16.8 82.7
35.4 70.7
87.2 88.4
49.0 77.0
7.6 62.1
37.8 0.0
59.1 2.8
77.9 80.0
66.4 1.3
69.1 18.3
75.8 40.8
12.8 11.9
62.0 94.3
16.4 8.6
78.2 98.9
81.6 29.2
0.0 30.2
53.8 17.1
29.3 22.4
19.8 2.8
2.9 72.2
75.0 57.6
72.8 97.2
33.7 88.1
6.4 74.4
15.3 2.8
49.9 17.4
11.7 28.1
36.7 47.1
46.0 28.1
57.4 50.1
15.6 27.7
80.0 92.6
99 99 1 13
50.2 69.4
72.3 44.5
51.9 70.0
62.9 75.2
7.6 26.9
50.2 35.7
10.2 41.3
79.4 56.6
9.2 25.5
88.8 29.3
76.5 20.9
49.1 60.7
46.0 57.7
85.4 41.7
34.3 61.6
31.1 0.6
80.4 84.5
89.8 3.4
13.8 32.3
59.3 52.7
88.4 56.6
33.1 44.7
1.4 33.8
94.5 12.5
77.1 45.8
66.8 83.3
79.2 88.8
46.5 15.9
57.6 25.3
22.1 67.2
3.0 27.1
46.8 53.2
91.8 83.4
15.8 36.6
89.3 40.8
97.4 10.3
55.0 13.0
46.8 30.6
78.3 91.6
37.5 41.4
59.9 55.4
44.2 4.3
55.4 39.2
99.7 26.0
93.2 48.2
10.5 21.8
10.3 96.2
79.7 57.3
29.2 2.1
43.0 30.7
41.0 53.7
66.7 75.6
6.2 31.2
22.9 13.6
90.2 84.6
75.2 95.6
99.9 85.3
24.5 54.7
80.7 90.5
38.7 59.4
16.5 9.1
5.3 49.2
41.7 26.8
64.1 20.2
50.9 70.9
24.7 42.3
18.0 27.1
93.6 26.6
75.4 59.4
44.0 16.5
47.3 65.6
51.0 54.5
9.2 82.4
72.9 10.7
5.4 25.1
34.2 46.8
96.0 21.9
48.7 39.5
95.0 72.9
79.1 12.8
90.4 81.1
43.5 39.0
65.6 8.4
67.8 37.1
88.8 41.1
41.9 47.1
1.6 36.1
18.5 28.1
38.9 46.0
71.1 26.6
73.4 44.3
1.4 5.3
80.0 4.6
77.5 50.1
98.1 75.0
56.2 91.8
30.8 88.5
96.9 34.9
72.0 31.7
72.8 0.0
47.1 96.0
32.1 49.9
78.1 83.9
29.9 85.8
12.4 52.2
31.7 1.0
6.3 85.8
90.4 33.1
18.4 86.3
96.6 3.1
95.0 16.5
40.3 88.0
22.9 25.8
57.5 72.4
72.4 94.9
26.1 65.5
50.7 54.7
38.6 58.2
79.2 28.8
16.2 68.5
69.5 91.6
12.6 83.1
51.4 11.0
97.4 3.0
6.1 69.8
21.5 29.2
17.2 1.1
62.2 61.8
69.5 40.1
70.2 54.9
20.5 41.9
96.7 96.3
89.7 6.4
70.4 35.3
39.1 68.9
60.5 86.6
4.9 43.8
54.9 73.1
11.3 56.3
61.3 87.5
16.7 52.6
89.0 82.8
79.9 33.9
9.2 51.2
41.3 84.6
26.5 79.4
10.9 97.0
3.4 58.4
93.8 0.6
69.5 73.8
95.6 68.1
11.9 65.2
73.5 0.5
56.8 66.8
89.5 20.0
72.6 53.3
71.4 41.4
75.3 96.8
48.0 86.5
71.1 19.7
99.1 24.6
21.6 97.6
56.1 10.0
45.8 25.1
34.1 85.1
88.4 50.5
50.9 29.8
30.3 0.3
2.4 24.4
79.6 22.4
75.7 91.9
33.4 87.5
84.3 82.3
68.8 43.9
63.7 67.6
92.2 39.9
72.8 98.0
43.3 49.0
74.1 64.1
49.2 89.1
39.7 43.5
73.3 37.6
73.1 90.6
50.3 38.8
61.2 75.5
2.7 29.9
52.6 72.2
54.5 71.3
15.2 37.0
4.6 23.4
98.5 14.1
12.2 32.0
81.0 71.3
35.4 55.5
79.8 90.4
33.9 84.6
57.4 19.5
45.4 7.2
99 99 1 14
46.0 30.6
41.3 95.7
60.8 42.5
49.9 44.0
15.3 13.5
85.7 4.4
63.0 65.8
79.9 90.3
22.3 61.6
32.9 27.3
18.0 38.5
28.9 68.4
88.2 97.9
52.6 62.8
5.2 80.9
46.7 98.0
28.9 86.5
29.0 88.0
67.3 25.0
73.7 78.9
18.5 17.8
83.6 59.4
84.9 81.6
43.2 98.8
61.3 42.4
80.9 76.1
79.7 14.6
12.5 9.9
7.9 3.2
84.1 0.3
98.4 13.2
99.7 30.8
54.0 62.5
87.5 63.9
78.0 56.5
74.4 61.2
55.8 96.5
78.1 93.2
27.2 40.7
83.1 56.5
67.9 88.6
3.2 99.3
9.2 47.6
50.8 50.9
86.4 17.1
65.5 70.1
0.9 20.0
82.6 0.4
64.3 90.2
46.7 5.3
1.8 42.3
74.1 56.3
49.6 57.6
98.4 52.2
44.0 12.0
0.6 16.7
16.0 11.9
94.7 39.0
25.1 60.4
12.8 80.8
50.9 11.6
31.6 78.3
78.8 87.1
77.3 49.4
54.8 78.3
55.9 59.2
15.6 56.6
14.2 30.0
17.4 0.4
12.4 47.8
99.8 61.4
73.3 48.3
22.5 15.8
76.3 3.3
84.1 47.7
94.5 24.3
2.6 35.0
22.1 61.3
10.8 16.6
30.2 34.6
29.1 0.8
57.4 86.1
16.1 44.7
80.3 6.8
89.9 33.5
95.0 92.7
41.0 89.7
40.7 3.5
6.8 98.8
46.5 52.2
76.5 26.1
61.2 76.2
37.5 14.4
66.2 18.5
88.4 83.5
84.3 96.4
82.5 17.5
97.4 76.9
19.0 98.6
67.4 77.7
70.4 8.9
33.8 97.6
36.3 46.7
45.5 74.5
62.0 78.4
4.5 27.2
38.6 38.5
88.1 65.7
19.5 11.3
94.9 54.4
50.8 7.9
25.4 14.4
26.6 68.6
2.4 58.0
35.7 45.6
54.5 69.8
2.6 41.3
23.2 23.5
98.0 39.0
17.4 3.9
66.3 95.2
33.8 21.9
22.9 4.9
16.3 57.1
11.5 77.6
85.5 46.4
96.0 97.6
66.2 46.1
4.1 22.6
68.2 3.8
8.9 75.0
16.3 57.9
81.4 11.5
85.7 39.6
43.5 14.7
9.9 3.1
60.3 9.9
50.0 78.9
36.1 18.4
31.2 1.5
83.1 82.8
15.6 16.7
98.0 79.2
1.8 17.0
20.9 37.3
12.3 5.3
98.4 29.8
41.3 28.6
3.4 79.9
29.8 62.3
0.6 82.2
27.3 74.9
89.1 60.9
14.5 77.3
14.1 60.4
43.2 45.7
97.6 97.2
76.4 94.1
11.1 30.8
68.1 13.5
54.0 32.0
61.8 80.4
44.3 52.4
67.5 38.4
0.7 82.9
65.1 97.3
7.5 1.3
97.5 27.6
40.2 96.6
92.2 47.2
28.2 54.3
51.5 70.6
64.7 61.0
91.9 63.2
11.9 75.9
7.9 95.2
10.9 65.9
18.3 5.0
43.4 90.4
73.3 85.9
18.4 79.3
15.8 73.7
1.3 61.1
92.9 48.5
95.8 41.5
95.8 85.1
55.8 59.2
20.2 82.6
45.8 20.5
96.4 47.3
42.6 57.7
58.8 39.6
44.6 53.5
79.1 77.1
98.2 23.2
2.5 52.4
26.1 51.9
13.0 53.5
99 99 1 14
2.1 62.7
4.2 41.2
26.3 33.1
92.3 35.3
17.9 82.1
37.9 47.7
95.1 98.9
91.8 34.3
73.9 72.9
61.6 50.6
62.9 53.7
76.9 40.7
28.3 61.2
48.3 14.6
68.2 89.7
52.4 96.5
37.7 5.5
73.8 91.8
27.1 64.1
81.4 66.1
49.0 80.2
14.3 19.3
88.9 79.3
52.2 6.1
56.7 98.0
51.8 49.0
89.7 19.7
16.1 63.9
78.6 53.3
43.0 64.4
96.1 82.0
22.7 95.4
87.2 33.9
33.2 96.5
97.8 49.6
65.0 14.6
34.0 82.0
61.4 79.4
20.7 58.1
56.1 48.8
97.9 77.5
32.4 43.1
7.1 22.8
76.1 83.7
48.1 20.9
38.1 54.3
49.7 44.2
13.3 60.8
92.5 72.2
21.8 46.5
61.2 90.3
7.5 22.0
1.4 30.4
23.7 68.9
53.0 22.2
34.9 79.8
23.0 50.9
8.9 2.5
86.2 30.1
86.2 20.3
74.6 69.5
48.9 24.3
85.1 59.6
31.8 62.3
44.0 77.6
3.1 88.8
46.0 40.4
6.0 10.6
14.8 82.7
40.1 29.7
9.6 67.8
53.9 75.0
12.7 67.8
33.1 98.0
18.3 98.9
3.6 19.3
43.6 28.2
23.0 52.5
50.0 28.7
41.5 54.8
78.8 94.1
69.7 79.8
25.6 24.8
7.5 75.8
5.5 75.6
43.4 82.8
57.8 50.3
18.1 32.5
30.6 5.7
39.8 51.2
70.5 84.1
12.3 43.4
31.2 14.1
78.0 35.3
25.3 16.4
45.7 54.7
69.7 39.3
99.4 15.5
91.3 30.6
6.2 42.1
25.0 32.0
82.4 84.9
17.4 18.0
23.8 0.5
51.8 48.0
32.2 63.6
42.3 57.5
71.7 79.7
50.3 73.5
89.9 84.9
74.9 10.8
50.2 35.7
51.2 44.6
75.2 49.6
26.9 77.7
9.7 81.5
66.4 51.9
70.0 92.1
27.9 19.0
67.1 93.8
92.6 79.7
72.4 34.5
14.2 34.9
8.4 79.3
64.3 99.7
10.6 33.6
69.3 39.2
19.0 60.8
45.6 55.7
33.4 94.3
11.0 72.5
59.7 43.1
70.5 12.6
31.6 29.7
58.7 98.4
13.3 33.9
68.4 86.5
56.7 85.7
65.1 17.9
17.6 65.1
33.9 64.6
3.8 63.4
59.4 38.4
94.1 22.8
52.3 40.2
48.0 62.7
5.9 63.3
11.1 7.7
72.6 11.6
10.0 42.8
11.9 66.5
53.0 58.5
44.2 80.4
33.5 9.7
10.1 44.5
9.1 86.3
85.0 79.2
17.7 48.1
6.2 44.4
84.7 11.8
74.6 58.5
57.1 32.7
40.4 15.7
62.5 3.4
81.4 48.2
14.7 7.7
66.2 93.4
9.0 2.9
47.9 45.6
90.2 42.5
64.0 58.0
37.2 34.5
17.9 49.0
93.5 90.1
2.0 24.1
17.8 13.4
81.3 11.8
27.5 74.9
13.6 56.9
5.1 25.2
32.9 95.0
88.4 19.8
57.9 99.1
79.9 97.4
75.1 5.8
99.0 70.1
39.9 74.4
23.4 36.3
26.4 57.8
17.1 52.1
0.7 63.6
75.4 34.9
45.1 82.0
38.9 38.1
63.3 58.7
53.7 44.0
99.0 31.4
30.5 42.2
99 99 1 15
74.8 57.0
98.0 10.5
15.8 85.2
59.6 97.1
68.6 90.9
83.9 18.2
5.6 30.2
93.9 1.0
36.0 6.3
88.4 4.5
77.9 16.3
75.0 27.3
6.6 76.4
7.9 28.7
6.1 40.8
97.8 73.6
19.3 16.2
1.4 31.1
28.2 70.4
61.3 96.2
14.4 96.8
27.0 80.5
81.5 20.0
61.6 56.1
60.7 52.7
69.0 50.0
12.5 73.8
50.2 79.2
43.2 54.3
95.2 93.3
67.0 49.3
0.7 28.2
59.3 21.5
91.9 37.3
33.5 22.7
19.5 88.5
69.0 83.2
38.4 46.6
37.9 85.7
73.7 0.0
85.2 98.6
7.6 42.7
22.0 33.0
87.3 57.9
86.4 65.2
49.7 17.7
81.2 53.4
10.2 85.7
23.0 75.7
98.5 2.1
25.8 91.8
10.2 18.0
99.8 30.0
15.8 48.6
48.7 37.8
71.6 89.5
67.4 69.1
2.1 79.3
72.4 24.6
25.0 24.7
77.6 58.8
47.5 10.0
95.7 58.8
34.6 57.7
95.0 53.9
80.9 33.1
86.3 20.9
50.9 91.1
39.8 86.2
24.0 1.9
26.6 23.7
92.8 30.8
10.1 29.3
53.9 30.2
54.9 17.7
76.6 79.0
24.2 32.5
26.6 24.1
81.8 55.1
9.0 61.2
29.5 76.8
32.9 25.2
16.3 15.8
2.0 19.1
21.0 91.3
15.0 61.2
27.3 47.7
77.0 43.1
73.3 72.6
90.4 66.1
80.3 63.4
31.1 67.0
26.3 4.5
59.6 57.7
54.1 43.3
55.3 3.9
29.1 18.8
34.7 88.3
7.4 45.4
36.8 71.9
68.4 63.6
46.5 87.0
30.1 95.7
68.3 58.7
24.9 38.6
37.2 58.7
60.9 5.2
45.0 3.6
96.5 22.4
0.9 4.6
43.7 50.7
4.7 56.3
79.8 72.8
53.5 39.4
11.4 22.4
86.0 90.3
12.5 79.8
10.7 32.6
91.3 77.9
51.7 79.0
73.0 51.4
56.7 89.0
92.6 69.1
91.6 36.9
41.5 89.1
75.0 27.7
84.0 85.3
93.3 79.8
54.4 63.8
21.4 46.8
72.3 1.0
80.8 7.5
75.3 84.9
62.8 26.7
5.8 66.6
53.3 49.7
38.7 14.0
83.1 10.0
82.1 66.5
90.9 9.9
37.7 23.6
44.1 65.9
80.9 56.9
56.0 72.7
19.5 35.4
36.4 77.4
84.9 91.9
12.0 52.5
79.2 60.2
62.1 10.0
59.7 20.2
34.2 15.4
60.6 33.7
0.2 52.6
97.7 77.9
1.5 91.1
92.3 35.4
92.4 80.9
53.6 8.4
79.0 48.4
61.0 8.3
35.4 15.5
3.2 46.0
41.4 47.4
92.6 17.6
73.1 38.7
89.3 52.4
86.1 7.3
95.1 85.1
63.0 21.5
12.7 92.9
28.3 99.8
15.9 40.2
48.6 55.9
39.5 4.7
13.0 27.7
78.4 0.6
81.8 48.5
31.1 16.8
34.4 23.2
97.2 23.8
76.2 7.5
50.1 86.5
6.9 97.5
19.0 45.2
38.1 69.9
4.9 66.9
42.3 1.7
92.8 20.8
25.5 91.0
53.9 32.4
68.2 38.6
22.3 32.3
84.3 50.0
8.4 88.6
12.4 18.7
61.5 5.6
27.4 23.8
99 99 1 15
21.3 46.8
92.0 34.3
39.4 75.6
77.7 65.4
2.3 44.4
65.2 20.1
46.3 95.1
62.7 26.0
99.8 0.2
67.7 30.9
80.9 22.1
10.7 52.0
5.9 89.4
30.2 58.4
82.2 67.4
14.2 57.6
27.1 38.8
49.6 41.5
42.1 66.6
46.2 62.5
82.6 44.4
39.5 11.4
72.6 28.9
64.3 37.5
68.4 72.4
29.7 32.0
19.2 84.6
9.2 75.7
34.1 25.2
27.8 39.4
32.3 51.5
25.5 77.3
18.8 59.4
61.2 75.1
37.7 96.1
40.5 7.4
54.1 55.5
19.7 15.2
52.7 61.9
34.4 84.0
51.3 56.4
41.0 64.1
39.8 70.5
30.9 50.2
89.6 9.1
60.7 58.8
36.1 57.1
16.6 86.2
96.6 90.1
86.2 13.0
55.7 69.5
25.0 26.7
77.1 45.0
6.9 79.9
99.2 29.9
86.3 76.5
40.7 50.5
56.2 27.3
12.7 15.7
24.9 87.2
81.2 2.3
59.5 85.6
7.0 17.3
7.4 11.3
59.5 3.6
73.1 93.6
55.5 50.4
95.4 33.4
13.3 32.6
97.7 37.6
14.1 12.5
98.2 19.2
81.7 54.8
70.6 89.7
12.1 94.4
32.0 30.7
16.3 93.3
10.6 26.7
38.0 23.3
62.2 53.2
46.8 32.7
83.2 70.5
3.9 37.5
70.1 13.8
51.4 52.5
65.0 3.1
22.3 0.8
55.6 98.5
88.2 4.1
98.5 61.4
92.1 0.3
93.6 30.5
92.4 43.6
2.2 39.4
92.6 65.6
98.4 64.4
34.9 74.6
12.1 16.8
30.6 74.1
26.6 17.4
20.5 17.3
18.1 26.8
60.5 42.9
82.2 8.9
5.6 48.7
84.2 15.9
81.7 32.9
76.6 13.0
52.4 74.1
39.8 14.0
78.4 80.2
54.8 38.2
55.0 48.5
57.8 2.1
19.6 20.8
38.1 84.4
46.5 75.3
18.2 91.4
0.4 7.0
91.0 35.6
51.6 6.0
38.9 10.4
23.5 33.3
7.4 50.7
64.7 75.9
91.4 47.2
20.6 43.1
26.9 46.2
83.6 10.8
31.7 84.7
4.4 3.2
13.7 5.0
96.5 86.1
28.3 67.2
2.8 96.9
38.1 54.5
65.0 54.4
87.7 77.0
27.8 88.5
99.6 30.4
77.6 27.7
6.1 91.0
72.5 33.5
44.3 33.0
52.9 56.1
94.5 11.2
16.3 92.5
13.8 8.2
10.6 48.0
44.9 42.2
96.7 13.5
67.9 18.2
30.4 96.9
85.4 90.9
21.3 58.2
21.2 20.3
11.3 34.1
67.6 27.3
60.3 19.0
10.3 12.0
23.2 48.4
76.2 40.0
48.3 74.7
22.7 90.0
32.2 58.9
7.6 2.8
21.0 64.2
61.1 75.6
1.7 51.5
44.9 81.8
2.1 23.0
57.1 66.1
93.4 48.6
67.7 24.8
72.0 88.9
37.4 78.0
18.1 95.2
70.0 13.6
3.6 1.6
95.7 92.7
95.6 71.1
70.5 38.6
14.2 51.8
3.3 66.8
48.6 51.1
74.1 48.3
49.6 50.7
34.6 66.4
91.2 43.1
32.0 2.3
15.5 63.2
93.7 4.6
53.4 68.8
5.6 63.7
91.6 92.3
63.4 36.6
75.2 22.4
74.3 69.1
99 99 1 16
35.9 89.4
40.5 77.6
61.1 84.6
70.5 49.8
16.2 10.8
89.1 5.1
42.6 42.7
41.1 21.1
61.0 93.4
62.2 34.8
33.7 14.4
6.7 3.1
39.7 25.4
83.0 5.3
74.4 14.9
39.5 57.3
70.2 10.4
30.2 15.2
65.0 66.5
77.3 0.7
41.1 16.4
59.1 1.6
58.0 83.7
12.3 35.5
70.3 19.0
33.4 9.8
12.9 39.3
99.9 75.4
15.9 52.6
67.5 82.9
75.5 90.4
36.0 42.2
57.4 45.7
47.4 66.2
66.9 57.6
74.0 60.0
61.6 43.2
62.2 68.4
3.9 19.6
38.6 74.5
84.3 9.4
83.9 7.3
17.9 97.2
85.0 83.8
66.8 33.8
24.2 87.7
29.9 77.5
58.4 95.4
61.6 87.3
44.9 5.8
65.8 63.8
7.0 54.2
57.8 27.5
82.3 4.4
79.0 96.9
6.3 21.0
63.5 98.5
31.0 25.5
9.3 81.4
50.4 16.0
3.8 11.3
88.8 9.9
5.3 33.7
56.3 47.2
88.3 67.0
66.0 36.4
90.6 54.1
16.8 8.2
12.7 83.6
80.5 99.2
55.4 26.9
25.4 22.1
47.6 18.9
35.5 91.6
7.7 56.9
3.5 85.9
95.8 46.7
15.6 92.3
74.8 1.2
3.4 71.9
43.6 63.1
17.2 4.6
12.8 69.4
53.1 69.3
68.5 60.7
87.6 33.6
90.9 23.9
42.8 48.3
39.9 38.5
30.7 13.5
99.4 82.8
29.5 34.2
61.7 95.3
31.7 80.4
87.5 36.5
34.8 70.3
74.9 31.1
0.6 87.3
56.6 87.7
48.5 53.7
22.5 60.3
84.2 71.3
19.6 13.5
87.2 62.2
75.7 94.8
12.8 53.1
87.3 75.1
5.6 42.4
58.0 84.3
56.0 72.5
42.8 45.5
76.7 90.9
13.4 17.7
5.5 77.3
66.2 70.0
30.3 89.2
95.7 88.7
37.4 49.7
11.9 15.4
45.4 24.7
77.8 22.8
33.1 58.2
35.8 0.4
19.9 74.0
46.5 93.8
74.6 75.9
2.0 89.4
7.1 51.3
63.8 15.4
20.6 47.8
37.0 65.2
53.9 86.1
35.8 32.8
83.4 26.6
86.5 82.9
40.9 64.0
22.2 64.3
99.9 74.1
48.1 93.3
22.3 55.0
31.0 94.6
84.0 96.9
48.2 68.2
18.9 26.4
74.2 47.2
12.4 39.5
60.9 46.5
14.5 1.6
28.2 96.7
14.9 33.1
97.1 14.7
14.2 55.8
65.1 54.5
47.8 49.4
4.4 13.2
43.1 70.2
67.1 70.6
74.1 62.3
88.7 50.6
33.0 93.0
67.7 63.0
9.5 45.5
82.3 28.6
60.6 59.2
92.3 10.5
60.4 10.7
66.5 89.4
79.1 74.6
24.0 66.9
80.1 27.0
32.4 63.7
34.3 58.4
20.8 99.5
85.3 8.4
36.6 9.5
7.7 18.4
99.1 4.4
68.2 52.4
11.6 81.4
27.1 64.0
74.7 3.9
28.5 87.5
62.1 76.5
43.4 7.7
69.9 21.4
85.1 58.7
17.2 2.3
37.0 54.6
63.1 73.2
82.7 22.4
76.0 34.9
39.3 90.5
78.1 75.1
91.7 7.6
6.8 89.8
28.9 18.8
6.3 81.6
58.1 57.5
99 99 1 16
0.4 3.6
25.0 36.7
95.4 70.3
72.6 45.3
35.2 47.8
21.0 9.6
67.2 33.5
68.4 3.8
29.5 78.4
53.5 7.8
50.6 42.8
32.6 80.4
99.2 57.4
74.2 61.6
54.3 40.7
44.4 67.5
4.2 89.9
60.2 4.6
50.0 99.7
82.7 68.0
12.8 85.2
18.7 3.8
42.8 80.1
58.5 22.3
30.1 72.3
50.3 47.3
62.9 15.9
8.6 83.0
79.8 62.2
2.9 82.8
50.4 69.3
59.2 82.5
87.2 89.8
89.5 54.6
22.6 72.4
92.8 72.3
11.3 35.4
50.7 46.7
69.0 54.1
61.6 44.5
27.0 99.2
50.3 11.9
30.1 89.9
52.1 58.9
77.0 9.9
14.4 90.3
72.8 62.6
52.4 73.6
28.2 95.2
67.6 77.2
84.7 86.0
21.5 60.4
7.1 96.0
50.1 7.4
51.9 76.2
10.6 46.9
58.8 78.9
4.1 60.9
55.1 89.0
34.1 56.2
81.7 67.3
29.9 48.6
22.2 89.8
85.0 17.5
94.7 85.7
71.7 52.7
13.1 14.6
10.6 28.4
71.1 20.3
31.7 95.9
42.8 23.0
37.2 42.3
38.4 36.9
25.9 41.3
32.7 28.7
96.0 60.0
43.8 49.7
39.5 61.1
78.7 1.3
87.0 24.5
77.2 8.6
23.3 93.9
57.6 25.6
81.1 69.1
65.1 28.7
86.9 12.8
55.1 43.1
80.0 24.1
0.6 28.7
57.5 41.1
36.4 68.6
18.3 88.7
49.9 80.2
81.5 57.8
82.3 63.8
7.6 3.7
97.7 94.8
20.4 30.9
35.3 55.3
84.0 1.5
49.5 35.6
78.7 70.9
30.3 39.8
68.5 94.0
70.3 66.1
34.7 26.0
50.0 6.7
87.0 53.0
10.8 99.9
63.7 3.7
7.5 28.4
23.2 71.3
37.5 5.2
95.7 78.8
15.5 8.0
43.6 14.9
21.0 65.0
4.8 57.5
86.7 86.5
52.7 8.5
69.8 57.1
63.8 87.4
40.5 19.8
54.9 86.0
89.8 86.5
14.9 53.8
60.3 97.3
37.7 73.3
52.1 97.8
5.8 68.6
83.5 2.8
3.0 84.6
42.2 39.7
26.3 43.0
51.6 28.9
21.2 79.0
66.4 21.4
76.4 85.1
6.3 42.1
28.7 31.3
85.1 96.1
28.6 78.8
52.2 45.4
78.5 1.5
70.1 39.5
77.6 19.5
4.2 88.8
28.6 80.6
23.7 81.6
45.7 54.9
33.9 75.3
31.9 67.0
87.3 35.5
12.9 43.5
74.8 93.6
25.0 76.8
55.6 95.1
40.5 88.8
25.6 43.0
17.8 54.2
73.8 30.9
19.8 95.4
76.0 13.2
30.0 48.4
38.5 99.7
10.2 75.7
77.9 7.6
78.3 77.3
20.8 65.2
94.1 91.2
68.0 95.6
25.9 19.1
43.1 58.9
1.9 1.7
55.9 68.7
99.7 19.7
50.3 64.9
13.3 19.5
3.1 26.4
61.3 43.3
54.3 76.8
19.6 71.6
48.9 67.4
67.9 97.9
24.4 5.0
35.8 62.0
16.3 92.4
86.5 61.8
63.5 59.4
63.4 88.5
43.4 54.6
19.6 63.1
17.8 93.8
55.4 68.1
46.7 56.1
68.1 16.7
23.5 36.2
3.6 87.7
99 99 1 17
85.6 7.7
12.7 71.5
33.5 10.0
37.7 83.7
45.5 49.8
44.5 24.2
47.9 44.2
98.9 7.9
6.2 26.6
55.6 53.7
21.8 24.0
15.3 11.0
62.9 68.5
4.7 83.4
71.1 21.7
29.4 43.6
15.1 91.9
37.2 77.3
61.0 83.9
33.7 74.9
34.3 41.8
86.0 13.4
21.3 17.5
44.1 84.9
73.8 27.5
86.7 99.7
45.9 95.7
99.4 2.0
85.4 8.8
30.5 39.4
83.0 91.7
83.7 95.1
7.6 33.3
17.2 20.9
31.0 3.9
45.7 86.2
99.6 0.5
18.0 66.9
87.1 56.2
18.9 97.3
32.2 60.9
56.6 40.9
42.9 78.1
87.0 91.3
30.7 63.6
90.5 52.7
83.1 48.9
82.2 74.2
30.3 90.7
94.6 34.7
20.9 96.5
97.1 75.5
42.5 55.7
47.1 50.3
47.7 64.8
25.7 66.1
42.2 15.1
93.3 17.6
8.9 85.1
83.9 15.5
68.2 74.8
58.9 9.7
19.1 86.5
77.3 76.3
11.0 49.5
81.2 7.1
17.9 67.1
22.9 13.5
63.9 95.6
60.4 70.0
71.3 46.8
61.9 86.1
3.7 13.5
33.9 90.4
5.9 47.8
57.8 53.0
62.7 9.4
95.9 16.7
93.1 81.9
66.6 8.4
15.6 39.3
6.5 47.8
61.4 68.7
64.3 29.4
34.6 60.5
7.3 59.9
81.2 41.2
54.7 4.4
94.9 85.0
68.0 23.8
76.9 36.0
45.4 25.9
42.6 74.8
56.7 41.4
49.8 70.9
10.3 23.3
6.4 0.6
69.3 16.8
81.4 67.8
28.3 68.8
28.7 16.0
57.2 70.8
10.4 10.0
30.2 47.2
71.0 40.5
76.6 33.4
59.3 83.1
58.0 22.0
98.6 37.2
8.1 14.7
73.3 48.5
84.3 18.4
35.2 79.7
82.7 53.7
57.7 51.8
67.9 46.2
52.2 21.7
66.9 60.3
42.7 62.6
38.4 97.1
30.5 49.0
32.1 15.0
37.0 25.1
62.3 25.3
75.3 35.7
19.4 70.4
24.1 83.8
98.7 3.7
92.6 94.5
46.4 81.4
62.8 50.4
72.1 49.5
45.0 15.0
12.8 74.2
71.3 87.8
72.0 51.2
1.4 37.0
97.3 39.3
64.7 38.5
9.4 59.6
65.3 40.0
23.8 28.8
67.7 24.6
19.1 22.5
39.1 60.4
46.0 65.5
50.2 1.9
52.1 53.3
27.5 95.3
18.3 0.1
86.6 34.0
6.2 90.3
29.6 23.2
96.9 3.6
98.4 94.3
69.5 6.3
70.3 98.9
23.5 28.5
86.2 73.3
33.7 42.7
43.4 25.3
62.4 14.9
68.2 93.7
89.0 49.7
85.1 30.9
64.9 7.3
97.6 6.9
30.1 71.1
9.9 62.4
56.8 27.1
33.4 8.4
42.5 61.5
90.1 39.0
12.3 66.1
8.8 76.3
36.9 81.2
96.1 52.2
81.1 34.5
84.3 99.5
30.4 70.1
12.6 4.6
11.5 30.5
36.8 10.2
7.9 41.6
68.7 82.0
90.4 64.7
61.4 37.4
11.6 68.1
34.2 51.5
63.1 23.9
40.3 78.2
65.7 0.0
34.5 71.6
71.1 46.8
17.0 54.0
58.6 36.7
2.4 64.8
10.3 70.1
99 99 1 17
47.0 39.2
21.2 18.2
82.9 50.9
88.3 46.8
15.0 44.3
31.1 35.1
94.2 84.4
62.7 94.2
29.4 34.5
6.1 28.4
75.2 63.9
53.2 12.4
49.1 27.4
92.3 11.8
17.2 51.5
26.0 2.6
20.8 64.2
15.1 82.4
64.5 38.9
18.4 38.7
73.8 79.5
99.1 84.7
78.9 68.1
37.8 61.8
25.4 43.5
42.7 44.0
56.4 0.7
63.3 95.9
42.9 40.8
92.3 55.6
93.4 60.1
24.3 53.5
36.0 49.4
88.3 74.7
13.4 0.5
15.2 42.0
26.7 87.2
90.5 14.3
11.4 40.9
84.4 28.4
7.6 36.8
72.7 27.1
58.2 64.0
4.8 36.1
26.9 1.2
61.3 32.4
85.9 55.6
5.0 20.9
95.6 57.1
57.6 28.6
70.6 9.0
31.4 8.0
57.6 32.5
73.4 22.0
85.6 69.0
5.8 93.1
55.4 93.2
92.4 13.8
49.9 13.7
14.9 97.3
64.9 12.0
67.6 76.2
97.1 50.8
8.0 72.7
36.5 27.9
36.9 0.8
8.9 42.3
74.8 68.4
25.6 66.5
70.7 83.5
76.6 46.4
39.6 11.7
25.5 32.0
45.7 32.0
64.5 75.4
87.5 95.8
7.3 29.4
15.5 55.1
63.0 39.6
67.6 23.5
59.5 99.5
41.8 4.5
8.1 3.6
5.3 51.9
35.4 68.9
15.3 76.0
87.8 47.2
79.2 90.1
22.2 13.3
24.0 60.2
91.2 21.9
51.4 46.7
37.0 98.5
38.2 66.9
25.6 0.1
34.8 41.0
45.5 85.1
24.0 11.9
63.8 88.9
57.8 29.3
5.4 34.4
81.6 8.4
98.5 93.2
41.7 96.0
91.4 55.9
77.9 65.7
47.6 82.7
16.4 64.5
66.6 84.7
84.8 89.8
30.8 92.2
12.5 54.8
66.7 11.6
0.5 36.5
65.9 65.7
35.3 93.5
37.1 6.5
34.9 16.9
48.2 35.7
26.8 76.6
77.6 74.8
92.7 39.9
4.4 25.2
9.9 9.2
34.2 71.0
98.4 29.9
20.0 65.1
11.9 46.2
17.9 21.9
87.7 47.6
41.1 19.0
25.5 23.0
75.2 78.3
49.2 60.4
72.3 58.6
33.4 76.0
16.0 49.9
10.3 26.2
70.6 55.6
61.9 20.3
85.4 4.8
5.1 95.5
76.9 5.4
27.4 17.0
64.6 94.9
49.1 50.3
73.3 41.0
54.5 74.7
70.3 83.7
77.5 3.7
14.9 42.6
27.7 11.0
72.4 66.1
57.0 38.1
93.6 43.0
47.8 18.9
14.4 79.0
84.5 53.0
5.2 91.4
21.5 47.1
97.4 69.9
46.1 70.6
80.5 5.9
89.7 0.6
39.5 50.9
28.7 67.2
13.4 89.6
55.8 91.7
29.8 85.8
28.8 12.8
66.9 58.6
37.6 11.9
0.1 16.5
43.1 57.3
4.4 5.3
10.4 64.6
70.5 37.0
43.0 56.5
57.1 51.0
37.1 67.9
70.3 31.8
21.5 65.9
57.6 83.8
69.6 77.3
25.3 22.6
81.2 33.7
45.6 27.4
43.9 54.0
46.6 80.9
86.2 87.1
86.9 86.2
23.3 31.9
88.4 57.4
8.5 66.3
69.4 80.8
12.6 45.6
46.7 39.7
23.5 34.1
99 99 1 18
46.6 39.5
62.1 28.4
62.1 7.1
34.5 78.5
67.8 42.9
23.8 13.7
0.8 14.4
35.8 45.2
77.1 87.7
45.2 59.1
60.6 65.6
81.6 88.9
34.5 30.0
69.8 94.2
63.6 81.3
56.0 28.5
56.9 45.4
87.8 18.2
31.9 54.2
97.1 22.3
36.0 99.7
49.3 20.9
66.2 72.0
59.8 20.4
14.7 78.5
44.1 40.2
29.1 75.4
40.6 25.7
55.2 98.8
15.3 45.6
9.4 54.0
99.4 71.4
89.6 66.3
20.6 87.2
44.8 56.7
91.7 52.9
73.9 16.0
23.3 41.0
61.4 75.3
53.8 83.1
58.5 76.2
86.8 33.2
94.1 87.6
86.4 62.6
43.5 84.5
38.5 1.8
73.2 52.9
54.4 73.2
95.6 98.0
89.9 10.2
63.2 40.4
91.7 81.6
22.7 72.3
82.8 15.0
33.3 19.3
30.7 71.8
40.2 27.0
14.6 52.7
50.6 34.4
18.9 36.2
73.2 94.1
82.2 92.7
65.9 81.6
14.8 71.8
82.1 61.5
37.2 4.8
86.4 80.5
88.0 64.1
14.3 44.3
98.9 6.0
77.8 82.8
9.8 29.6
17.6 18.1
87.7 59.6
95.8 68.2
62.3 41.8
34.5 4.3
21.1 79.7
86.7 35.6
32.4 36.0
76.0 4.0
84.5 4.8
68.9 62.4
42.0 7.7
13.7 83.2
1.2 40.9
5.7 91.6
44.9 11.0
70.6 23.3
91.5 67.8
9.6 66.4
5.9 89.0
3.9 79.4
50.2 27.1
98.3 90.7
94.7 82.6
87.4 74.3
36.7 14.5
22.2 91.5
9.9 13.9
90.0 36.0
62.8 11.1
22.1 95.8
54.3 42.9
10.7 92.7
94.4 45.9
70.1 55.5
70.1 35.5
62.6 74.1
0.0 55.6
38.2 60.9
35.2 94.7
9.2 60.9
87.6 7.2
56.3 66.7
37.9 97.6
43.9 46.4
42.2 0.7
78.8 1.3
29.2 96.5
77.6 24.7
15.4 23.6
94.4 83.0
92.3 85.6
41.2 57.0
53.2 92.3
87.0 14.6
10.7 23.6
66.0 31.5
98.2 98.4
31.2 22.4
68.8 71.3
72.0 10.3
11.6 46.2
77.9 86.0
45.9 40.9
99.7 90.8
73.8 61.3
82.1 94.1
86.4 66.1
58.4 58.5
8.4 39.6
98.4 80.6
47.3 19.1
52.7 64.5
22.1 80.7
52.0 83.9
29.5 90.9
72.3 59.2
80.4 41.1
82.0 50.2
41.0 26.3
87.7 17.0
11.1 50.0
16.1 69.8
63.6 97.5
72.3 9.7
25.6 72.0
91.1 6.0
70.5 72.9
88.9 79.1
98.2 92.6
18.7 40.9
35.4 27.7
68.9 26.2
76.4 15.8
42.2 86.1
3.1 52.7
2.7 65.1
34.9 14.3
47.0 54.1
63.8 33.7
5.7 54.6
60.6 89.4
97.6 32.1
11.2 66.3
94.1 86.5
62.6 9.4
37.2 48.0
74.2 33.2
49.1 41.3
27.4 85.8
73.7 26.5
91.6 30.6
80.1 76.5
65.8 61.7
95.5 27.1
16.9 64.8
54.3 1.2
33.3 77.5
79.0 87.1
8.8 79.7
89.2 8.3
56.3 71.4
39.9 61.6
2.9 65.7
51.6 89.0
15.5 30.3
99 99 1 18
60.9 25.3
37.0 7.1
68.8 41.0
3.4 38.0
2.9 99.5
0.8 20.3
33.1 57.2
79.5 69.3
84.3 47.3
55.7 88.3
94.9 73.5
70.3 47.2
13.0 34.8
59.0 73.2
38.7 99.8
60.3 74.5
16.8 99.7
75.9 32.6
70.6 20.9
20.4 14.5
34.9 73.5
65.9 56.4
61.0 3.2
50.5 45.4
68.9 45.3
54.0 41.4
88.7 99.1
69.1 24.3
32.7 36.9
71.9 28.2
37.9 71.4
71.1 32.2
64.8 54.8
10.9 82.3
96.8 70.7
44.2 31.3
23.0 66.9
70.1 45.4
26.0 84.0
64.5 55.9
32.5 95.0
29.3 18.5
78.0 21.2
93.3 98.4
26.6 10.7
82.1 65.2
32.7 99.8
89.8 88.5
6.0 32.7
3.4 0.7
67.2 2.8
5.0 82.9
28.3 90.2
9.4 10.3
66.2 54.3
84.5 73.9
92.4 98.8
55.2 13.8
12.3 70.4
16.3 83.8
84.2 74.1
73.9 98.5
22.2 52.1
84.9 63.7
64.4 28.2
66.2 23.5
41.6 66.9
57.1 71.2
81.6 69.9
59.5 66.6
75.7 83.0
17.0 79.2
93.1 68.2
73.8 7.5
26.5 40.6
49.9 25.4
23.9 10.7
98.1 23.9
22.8 46.1
9.5 18.2
41.7 22.5
89.4 75.7
82.2 83.4
88.5 81.7
83.5 99.0
17.2 83.2
97.7 59.3
62.7 34.3
77.0 90.8
66.6 71.7
97.1 3.5
49.4 16.5
75.6 56.2
37.5 47.5
65.7 33.7
56.2 47.0
58.0 42.7
61.3 80.8
62.5 40.2
39.2 85.0
3.5 81.3
75.8 56.4
25.9 1.2
27.2 38.5
45.4 2.9
41.6 29.0
80.7 42.6
98.8 26.3
9.0 56.4
25.3 71.6
18.6 10.0
52.7 16.7
97.5 76.6
52.0 49.2
69.4 95.2
11.7 26.4
82.9 72.9
9.3 87.5
61.2 44.0
82.2 36.5
0.7 6.7
49.3 23.8
85.3 81.5
73.1 83.3
54.9 94.4
4.4 98.4
15.1 8.8
20.6 92.3
76.7 12.6
43.0 72.7
99.1 46.1
54.3 54.8
42.3 17.2
61.3 63.6
35.4 3.6
45.5 43.5
2.5 36.1
17.6 30.0
13.3 87.9
17.5 90.7
24.3 3.5
47.5 21.9
49.4 39.4
87.2 68.1
76.0 26.1
72.2 65.5
20.3 75.2
27.6 61.7
25.4 97.8
36.6 24.1
67.6 96.0
32.1 82.1
12.1 5.4
28.5 85.0
75.7 60.7
64.2 46.0
3.1 0.1
74.7 46.9
15.0 52.5
13.8 62.0
62.7 91.1
1.5 21.2
83.0 83.0
16.0 29.1
53.3 43.6
39.6 52.7
34.8 56.1
96.7 71.7
56.7 47.0
7.7 60.4
6.4 67.7
3.0 7.1
54.0 44.7
97.2 77.7
74.9 4.2
95.3 46.2
67.5 37.6
55.8 32.0
96.4 50.5
94.1 71.9
24.6 84.9
76.2 68.9
40.6 59.4
41.6 8.2
68.6 32.6
0.3 49.3
91.6 75.1
19.8 3.3
16.2 45.6
49.9 52.3
33.7 91.2
64.0 80.4
47.7 1.2
86.9 19.9
91.8 79.3
64.2 16.2
85.1 16.4
11.0 75.6
99 99 1 19
83.8 61.0
93.6 52.7
37.2 52.5
62.8 93.9
32.4 28.9
9.7 82.6
70.1 48.6
75.0 94.8
10.5 39.1
40.3 39.1
59.0 58.2
37.5 62.5
78.7 86.0
2.4 36.9
12.5 63.9
24.9 48.6
1.3 31.6
84.1 53.7
82.8 73.8
2.7 46.9
64.7 15.2
99.0 47.6
42.5 70.1
9.2 74.1
48.4 53.0
46.4 49.5
12.0 42.6
28.6 19.1
56.0 26.0
25.1 66.2
14.8 3.7
35.3 85.2
38.9 51.4
25.2 19.4
1.5 21.7
72.1 63.1
10.7 66.3
71.6 6.3
80.4 88.4
41.4 80.8
65.5 64.0
6.6 87.8
6.9 12.8
38.8 35.2
1.4 98.1
1.9 99.1
84.3 51.5
2.9 72.4
27.1 23.2
80.1 63.3
26.4 28.6
30.1 87.4
93.7 72.3
60.8 1.7
17.7 9.4
73.4 37.4
25.3 83.3
96.1 15.3
50.5 67.4
0.8 70.1
69.2 87.2
38.7 37.9
10.3 53.5
11.9 41.6
40.1 37.4
1.3 27.2
14.6 1.7
74.0 66.6
3.6 43.5
52.9 70.0
7.5 21.3
4.6 61.6
76.9 68.0
70.6 35.9
6.0 27.4
49.8 71.4
9.3 75.2
63.9 88.5
65.3 54.9
27.5 75.8
38.2 5.4
7.1 64.0
30.7 52.8
96.4 16.4
86.4 34.3
90.8 84.5
46.1 29.1
32.3 30.7
66.6 58.2
20.9 3.0
9.6 7.9
18.3 70.7
59.3 54.2
9.1 82.3
93.3 59.8
65.3 36.6
0.7 66.8
19.6 72.4
24.0 66.6
36.1 51.2
71.0 10.5
74.8 26.9
92.8 52.3
10.6 7.2
45.4 59.5
2.6 66.7
37.4 90.2
44.4 20.9
38.4 31.9
91.8 53.5
25.4 67.0
33.8 92.3
64.7 61.3
27.9 88.6
75.1 24.0
69.7 99.2
26.1 46.1
33.6 44.5
86.9 19.0
13.7 44.2
46.1 32.3
22.6 51.5
72.4 83.6
50.7 2.2
91.0 46.1
48.3 42.5
34.8 16.4
12.9 82.1
5.9 34.8
58.8 40.8
40.0 81.0
62.3 28.5
8.2 1.3
55.5 96.0
75.4 95.2
62.7 4.4
55.9 21.6
40.4 20.5
22.8 63.6
44.9 91.1
68.9 13.8
65.4 93.2
75.3 38.9
73.7 78.3
54.3 81.2
97.5 67.7
31.4 29.5
30.8 59.8
91.0 74.9
70.1 21.6
61.2 66.5
23.3 32.8
53.4 17.2
16.0 63.7
90.0 11.4
25.2 60.9
54.1 58.9
97.9 90.6
68.9 64.6
81.0 6.8
9.8 23.2
52.7 78.5
73.6 41.2
16.1 18.7
75.5 64.6
66.3 21.4
89.5 36.8
89.2 24.8
88.5 78.1
89.5 5.2
1.3 13.8
72.7 14.7
40.5 55.4
20.0 70.6
12.7 9.4
67.8 36.2
14.8 22.5
98.9 55.7
9.6 88.4
88.2 50.3
71.7 85.2
57.2 89.8
14.6 61.2
74.5 46.4
86.8 38.4
52.2 64.0
78.7 88.1
78.7 60.1
66.0 54.4
63.8 33.9
70.1 78.7
1.2 66.8
57.7 20.1
8.5 35.3
85.6 67.4
87.8 32.0
57.0 92.6
89.0 45.0
99 99 1 19
26.6 71.6
45.2 63.6
27.6 48.6
36.7 97.4
57.6 41.6
96.0 50.6
84.5 23.6
37.5 95.1
61.9 89.8
10.0 73.9
9.2 19.7
22.3 53.7
85.7 30.1
22.7 10.1
90.3 42.7
49.6 11.7
75.3 16.9
65.5 94.8
27.5 38.2
79.8 37.4
88.0 85.1
43.9 11.0
6.1 7.7
97.5 81.4
55.3 3.3
58.2 7.5
61.3 99.7
29.8 15.7
25.8 82.2
60.2 52.5
99.5 51.3
3.4 9.8
39.8 10.0
48.2 4.1
76.7 67.3
52.4 63.2
74.3 64.7
7.6 31.5
12.9 15.6
54.1 40.3
83.1 3.4
3.2 12.3
28.0 44.4
61.8 33.0
20.8 89.0
40.3 22.0
67.0 20.3
30.3 78.9
83.0 6.9
74.2 13.8
77.0 59.7
59.6 61.9
93.4 86.5
2.2 2.4
42.8 41.6
45.0 56.3
3.9 25.9
5.5 83.4
51.7 67.1
56.2 2.5
24.6 72.5
28.0 31.7
45.9 26.8
68.9 58.3
7.3 28.9
23.9 43.2
40.3 84.4
70.9 83.5
86.0 33.7
10.5 8.3
99.9 64.0
89.9 55.6
74.2 39.0
6.1 30.6
33.1 25.9
33.6 97.5
64.5 92.9
19.8 96.8
55.2 10.4
39.3 88.7
67.1 97.7
82.1 63.2
82.0 7.4
76.4 88.3
31.8 3.2
67.2 86.9
77.7 31.7
70.7 92.3
22.9 52.0
13.1 12.1
9.6 56.0
49.0 82.0
78.8 74.1
84.5 4.0
27.9 69.2
67.0 59.1
57.5 30.3
72.9 84.3
72.6 39.5
77.9 49.3
36.3 4.5
71.4 45.1
37.4 49.2
36.4 77.4
89.5 60.3
51.6 49.6
66.8 99.1
8.5 35.8
75.0 45.6
50.1 28.2
87.3 38.1
68.4 17.1
1.4 80.1
54.8 41.4
25.9 9.3
13.8 32.8
77.9 97.4
46.7 20.4
97.8 50.6
46.1 83.1
67.9 87.3
21.7 97.7
68.7 34.7
15.6 30.2
58.4 43.7
17.1 65.7
18.0 81.0
61.1 85.5
62.1 19.4
63.9 15.9
48.7 88.1
20.7 12.9
33.4 61.9
47.7 67.4
85.8 31.2
53.8 93.8
26.8 53.7
23.7 75.5
40.9 95.5
74.5 74.5
40.2 99.3
15.5 26.8
12.3 58.2
12.8 76.6
27.8 9.7
33.0 76.8
89.7 11.7
73.6 53.7
56.4 58.3
89.6 21.3
50.4 42.2
31.1 78.6
54.1 77.2
7.9 90.0
64.5 95.0
29.5 17.6
44.4 39.9
98.1 80.3
92.1 92.0
1.7 46.2
58.2 19.9
31.7 69.9
23.6 83.1
41.5 40.5
61.9 15.2
92.6 66.3
44.9 47.5
24.7 23.8
49.0 34.2
64.4 32.6
85.5 13.6
53.5 29.1
9.4 29.9
57.1 86.9
68.3 1.6
21.5 94.0
63.9 26.5
9.6 88.4
29.0 22.8
38.0 86.3
52.6 26.1
73.6 30.7
89.7 32.7
66.9 33.5
1.3 73.9
87.5 31.3
60.5 86.8
52.0 76.3
98.4 5.1
6.7 9.1
3.2 66.7
28.4 63.5
51.9 67.1
89.9 73.2
59.6 16.1
42.2 63.2
93.9 47.4
80.2 51.0
99 99 1 20
84.5 18.8
92.7 82.3
48.9 85.9
72.7 15.5
27.0 9.4
14.5 24.7
69.1 25.4
27.3 56.5
20.0 72.3
74.6 90.9
64.1 7.1
23.3 64.6
63.0 58.9
6.4 65.5
51.8 56.9
10.9 21.8
4.1 36.3
22.2 3.6
54.3 88.2
97.6 30.2
90.1 81.3
41.9 47.4
39.1 59.2
66.7 69.2
60.1 59.1
66.2 41.4
41.2 59.5
18.4 24.7
25.5 4.2
96.3 60.0
81.8 77.3
13.6 7.2
46.0 21.2
9.4 71.1
36.5 0.4
81.7 42.3
24.9 61.8
21.1 23.7
28.1 64.0
58.3 23.0
64.4 88.3
47.8 59.7
84.5 5.6
9.8 1.4
61.5 10.0
22.5 6.1
48.5 78.5
34.9 71.3
42.4 94.6
95.0 79.6
21.9 14.1
76.0 76.7
35.6 82.0
46.0 32.3
55.3 63.8
87.3 4.3
64.0 19.8
60.6 70.3
71.7 83.7
93.7 5.7
47.0 68.4
47.0 16.2
87.6 95.6
90.2 17.1
96.7 65.2
79.4 20.4
97.1 53.8
35.8 90.6
22.9 68.0
31.8 17.0
56.5 13.4
33.2 54.3
24.6 20.6
39.5 29.1
34.8 31.5
0.0 33.3
84.7 81.8
77.4 82.2
99.3 7.5
72.8 2.8
23.2 96.1
49.9 87.4
13.2 55.6
23.6 21.0
38.0 36.1
49.5 90.6
44.9 29.8
85.6 18.0
82.3 4.7
36.2 25.1
58.4 17.1
34.1 36.2
18.4 78.4
85.9 46.8
49.6 17.8
49.1 93.9
16.5 72.9
63.7 34.2
90.4 29.7
1.0 87.3
13.1 63.7
93.5 85.8
39.0 93.2
97.9 79.1
4.2 21.3
38.4 34.1
70.4 97.9
76.3 7.7
54.5 24.0
77.0 97.4
26.6 4.2
12.3 26.1
95.6 43.1
72.9 76.0
98.5 86.0
49.7 9.1
94.9 11.6
4.8 43.2
22.3 33.9
55.2 2.7
72.0 61.8
59.7 28.8
36.6 42.4
1.7 71.2
68.6 91.1
30.5 78.7
40.1 95.2
73.6 42.8
54.0 35.7
21.7 46.5
55.6 52.5
99.3 6.7
49.9 85.8
19.7 39.3
42.0 7.5
69.3 10.2
39.0 49.3
26.9 29.0
0.2 10.8
2.0 28.6
7.4 4.0
34.5 32.5
10.6 82.7
18.4 8.1
89.8 64.6
17.2 75.3
82.0 80.6
66.4 51.7
91.1 32.0
39.5 21.4
31.6 68.3
17.6 8.8
73.0 5.8
16.7 44.6
73.2 8.4
12.4 53.9
21.6 15.8
98.5 82.1
25.4 32.2
32.1 52.1
27.5 50.4
31.1 49.3
1.0 9.5
76.7 32.7
54.1 27.3
95.7 51.4
95.4 20.9
26.8 13.3
57.9 3.6
12.0 78.7
32.6 66.4
82.2 59.7
77.0 89.4
56.9 80.8
68.1 2.5
52.9 89.0
38.3 95.6
40.4 19.2
52.0 74.5
1.9 52.3
39.0 6.1
62.3 32.8
46.1 69.6
73.3 89.1
3.0 39.3
5.7 85.3
80.2 35.6
60.2 87.9
3.9 57.3
95.0 17.1
6.1 72.1
2.9 47.9
67.2 79.6
54.2 43.3
30.9 54.4
60.5 91.3
24.1 69.9
39.5 58.0
99 99 1 20
47.1 5.4
44.7 48.0
33.4 50.1
20.9 50.4
73.6 48.8
6.1 81.2
98.3 77.5
84.8 1.1
84.3 39.7
19.3 87.8
66.3 86.7
41.1 8.7
35.2 97.2
2.3 36.8
94.9 94.5
0.0 77.1
25.1 77.2
27.4 44.7
95.2 93.7
77.8 83.5
99.9 68.8
81.5 83.9
20.3 33.5
73.2 66.4
89.4 39.8
26.5 92.5
36.5 90.9
23.4 67.6
39.6 71.7
66.3 25.7
38.0 34.5
11.8 66.3
46.2 98.4
92.1 74.4
93.1 76.6
80.6 69.9
89.1 93.1
26.6 62.2
63.8 44.6
84.4 35.0
62.7 88.4
79.3 46.1
48.9 99.2
6.2 2.7
63.7 88.5
23.1 72.5
74.0 1.7
0.1 70.1
44.5 20.2
96.9 27.5
32.6 37.6
65.9 77.5
74.9 56.9
1.5 27.7
62.7 73.9
62.3 21.1
67.2 60.7
95.1 41.7
79.6 16.1
4.7 1.3
9.0 43.3
80.3 63.0
33.1 83.0
38.5 80.4
43.1 77.6
50.4 70.6
83.3 75.8
32.7 16.4
79.3 58.3
67.4 69.5
90.6 42.1
38.0 29.8
6.7 93.1
9.2 33.1
69.7 86.3
29.7 49.1
12.1 78.7
97.0 10.0
25.6 45.2
58.0 70.7
41.3 4.0
15.0 43.7
60.1 24.6
18.1 82.9
52.4 39.4
16.7 85.6
50.6 78.3
71.4 89.9
23.1 57.3
43.6 80.6
29.8 92.8
6.7 8.5
53.7 77.1
22.4 38.9
9.6 79.4
83.4 15.6
59.3 50.9
10.8 33.6
16.5 54.6
29.3 64.1
84.9 69.0
47.3 81.2
71.2 35.5
28.0 18.7
34.5 94.3
22.3 6.9
15.4 99.5
76.7 64.2
3.2 69.2
83.8 34.3
49.9 12.8
99.0 2.4
36.0 44.5
99.1 45.0
9.1 52.5
56.7 63.6
44.9 29.3
0.0 4.0
57.9 16.1
45.6 28.1
35.0 27.7
27.2 3.1
67.3 85.6
54.8 3.9
38.2 5.7
18.6 38.6
41.0 23.4
67.9 52.8
97.8 12.2
64.8 2.2
65.9 6.9
71.4 21.5
60.8 46.0
62.1 71.5
99.6 18.7
81.6 7.7
46.0 69.8
55.4 8.9
48.0 13.3
54.3 45.5
84.1 21.5
44.9 72.9
25.7 60.4
72.6 48.0
85.4 58.7
65.6 72.6
94.2 86.5
32.5 37.1
43.8 55.0
8.9 94.6
37.5 43.4
48.4 90.6
34.7 18.7
67.3 3.8
84.5 82.7
4.2 21.6
29.7 3.9
99.5 84.3
67.5 55.4
49.3 72.1
80.0 53.0
39.5 50.1
87.2 74.2
64.4 7.3
37.1 66.2
9.6 8.5
34.3 9.9
28.6 93.2
32.3 69.0
87.0 95.9
17.5 16.8
20.7 91.2
10.8 47.2
37.8 20.2
27.6 78.3
31.3 87.1
37.3 7.6
17.0 6.1
13.4 59.7
26.0 16.6
60.3 85.7
95.6 70.8
99.3 29.9
34.1 24.3
55.4 31.6
83.6 21.1
47.6 73.0
55.4 4.4
59.8 58.4
36.7 28.5
15.6 22.6
65.4 3.3
44.6 88.1
83.1 17.6
69.4 93.2
78.9 44.3
15.1 29.8
59.7 74.6
99 99 1 21
34.1 49.6
81.2 93.8
50.2 89.5
97.7 64.9
4.5 97.8
91.4 53.2
81.7 99.5
57.4 28.1
66.6 32.5
20.7 22.8
75.7 11.2
4.4 39.0
83.3 45.1
74.9 83.4
93.2 33.6
83.3 69.8
63.7 27.3
16.8 99.7
64.6 49.1
46.9 14.6
3.0 4.3
39.1 38.3
1.6 84.7
17.2 96.5
19.3 3.5
14.7 73.1
12.1 95.0
75.4 19.2
37.8 30.6
64.3 50.3
20.2 31.0
58.3 47.6
47.3 19.1
3.4 75.1
24.9 47.2
86.7 50.3
23.8 27.9
47.8 25.8
22.3 60.6
64.1 0.3
73.4 76.9
7.1 14.1
33.3 20.8
51.4 82.5
32.9 71.1
2.1 50.9
98.5 88.3
42.6 95.6
5.9 81.1
28.3 46.0
31.5 30.9
94.0 15.0
76.1 90.5
51.1 41.9
42.2 98.4
75.3 50.5
64.6 50.8
71.6 82.5
65.0 33.1
39.4 58.3
9.2 33.1
56.6 41.5
72.3 43.0
24.1 99.2
45.2 78.2
9.1 87.6
37.8 11.9
2.4 3.2
45.1 13.9
47.6 88.8
39.3 22.5
73.3 22.9
40.6 39.1
72.2 45.0
38.5 40.9
74.0 11.6
88.3 82.9
25.9 65.9
65.1 60.6
74.0 85.2
8.0 45.6
57.5 83.2
21.6 81.1
95.0 95.2
84.0 1.9
24.4 42.6
0.8 58.5
97.6 97.7
77.9 76.6
17.5 5.0
51.8 51.6
34.6 26.8
92.7 40.1
35.9 95.7
81.0 57.8
38.6 9.9
28.3 24.2
5.3 96.2
26.6 85.1
22.2 35.6
78.2 10.6
69.1 46.6
79.6 14.2
90.9 1.9
6.9 92.7
44.4 8.4
35.2 58.7
34.0 14.2
9.9 63.1
21.0 5.1
50.2 26.1
50.4 59.6
91.0 78.6
98.9 55.7
91.3 17.6
63.4 21.2
3.0 4.8
19.0 67.7
69.6 17.8
45.8 45.1
88.8 76.5
70.4 90.2
4.4 24.0
87.2 39.6
44.7 49.5
75.7 43.4
38.2 95.0
8.8 26.1
17.0 64.5
17.3 42.9
64.1 43.6
48.4 16.0
83.7 2.4
55.4 2.6
47.8 53.4
65.1 1.2
26.6 36.6
95.8 35.6
10.4 66.2
15.8 18.2
96.8 55.2
85.4 26.7
52.8 70.3
34.8 94.2
37.1 5.0
48.6 87.3
3.3 36.5
74.1 97.0
34.9 87.1
75.7 29.5
66.0 82.7
54.5 40.8
11.6 92.6
58.9 85.5
39.0 22.1
12.5 9.9
36.6 35.8
6.1 97.9
92.1 24.6
29.6 76.1
98.7 64.4
0.9 78.3
10.5 2.0
24.3 10.2
75.0 45.4
63.3 0.0
40.9 41.0
33.6 17.8
38.6 52.5
9.8 27.7
37.6 77.6
13.4 22.3
20.2 9.4
34.0 54.8
30.9 47.5
12.0 63.7
42.0 29.6
66.9 48.1
58.4 87.7
33.2 91.2
91.3 33.4
9.6 96.5
49.6 67.4
55.1 43.2
6.2 88.2
65.8 65.0
22.5 79.0
88.5 14.4
69.2 42.8
25.5 22.5
86.2 35.4
0.2 37.5
20.9 63.4
51.2 2.3
93.6 14.5
83.1 19.6
51.3 20.1
22.7 92.7