4
2500
2500
2500
2500
0
1
1
1
2
2
3
3
4
4
5
5
6
6
7
7
8
8
9
9
10
10
11
11
12
12
13
13
14
14
15
15
16
16
17
17
18
18
19
19
20
20
21
21
22
22
23
23
24
24
25
25
26
26
27
27
28
28
29
29
30
30
31
31
32
32
33
33
34
34
35
35
36
36
37
37
38
38
39
39
40
40
41
41
42
42
43
43
44
44
45
45
46
46
47
47
48
48
49
49
1
1
4
4
7
7
10
10
11
11
15
15
17
17
20
20
25
25
26
26
29
29
32
32
35
35
36
36
40
40
42
42
45
45
50
50
51
51
54
54
57
57
60
60
61
61
65
65
67
67
70
70
75
75
76
76
79
79
82
82
85
85
86
86
90
90
92
92
95
95
100
100
101
101
104
104
107
107
110
110
111
111
115
115
117
117
120
120
125
125
126
126
129
129
132
132
135
135
1
1
6
6
10
10
16
16
20
20
25
25
30
30
36
36
37
37
43
43
48
48
53
53
57
57
63
63
67
67
72
72
81
81
82
82
87
87
91
91
97
97
101
101
106
106
111
111
117
117
118
118
124
124
129
129
134
134
138
138
144
144
148
148
153
153
162
162
163
163
168
168
172
172
178
178
182
182
187
187
192
192
198
198
199
199
205
205
210
210
215
215
219
219
225
225
229
229
1
1
8
8
15
15
22
22
29
29
36
36
41
41
48
48
55
55
63
63
69
69
78
78
79
79
88
88
96
96
102
102
109
109
116
116
121
121
130
130
135
135
142
142
149
149
156
156
169
169
170
170
177
177
184
184
191
191
198
198
205
205
210
210
217
217
224
224
232
232
238
238
247
247
248
248
257
257
265
265
271
271
278
278
285
285
290
290
299
299
304
304
311
311
318
318
325
325
1
1
10
10
19
19
28
28
36
36
45
45
54
54
64
64
71
71
79
79
91
91
98
98
106
106
115
115
125
125
136
136
137
137
149
149
158
158
167
167
176
176
187
187
194
194
203
203
209
209
219
219
229
229
237
237
245
245
255
255
263
263
272
272
289
289
290
290
299
299
308
308
317
317
325
325
334
334
343
343
353
353
360
360
368
368
380
380
387
387
395
395
404
404
414
414
425
425
1
1
12
12
22
22
34
34
45
45
55
55
64
64
76
76
87
87
100
100
108
108
119
119
130
130
141
141
152
152
162
162
174
174
184
184
196
196
210
210
211
211
225
225
237
237
247
247
259
259
269
269
280
280
291
291
302
302
313
313
321
321
334
334
345
345
357
357
366
366
376
376
387
387
399
399
409
409
420
420
441
441
442
442
453
453
463
463
475
475
486
486
496
496
505
505
517
517
1
1
14
14
27
27
40
40
51
51
66
66
79
79
92
92
103
103
116
116
129
129
144
144
153
153
168
168
179
179
192
192
205
205
218
218
231
231
244
244
258
258
270
270
283
283
300
300
301
301
318
318
331
331
346
346
357
357
370
370
383
383
396
396
409
409
422
422
436
436
448
448
457
457
472
472
485
485
498
498
509
509
525
525
535
535
550
550
561
561
574
574
587
587
600
600
625
625
1
1
16
16
31
31
46
46
60
60
75
75
91
91
104
104
120
120
133
