100 1000
-9724 -5896
-9448 6325
-9193 -2660
-9181 2740
-8548 -2203
-8342 -4970
-8330 -5401
-8121 3454
-7921 6098
-7852 7992
-7615 5946
-7282 -6044
-6943 -4109
-6570 -1858
-6569 8182
-6564 -1580
-6489 -3507
-6299 -8547
-6141 7721
-6091 -8668
-6047 -8808
-5803 4420
-5546 -8749
-5502 -9899
-5407 -9799
-5354 985
-5001 1625
-4583 4517
-4464 3773
-4149 -69
-4082 -4601
-4057 -3993
-4027 7723
-3631 -5267
-3554 4816
-3315 7382
-3212 -8543
-1456 3923
-1330 8592
-1277 -1045
-1174 9873
-1059 -8263
-949 -2146
-879 6215
-579 6669
-362 -4069
-300 6785
-5 6244
90 -9405
558 6937
663 -1311
767 3280
780 9141
818 -9495
852 5531
922 2535
1531 9131
1647 -4799
1865 7605
1899 -5557
1901 -8230
2035 -5568
2065 2389
2099 6015
2229 -7900
2253 -1374
2741 9164
2827 -1816
2978 -4964
3294 -5439
3607 -7984
3830 7348
4021 -2893
4070 -2642
4134 7377
4605 4143
4705 606
4807 -5749
5205 -6890
5462 -7500
5616 7973
6190 -3274
6437 2169
6752 4339
6771 4102
6941 1863
7071 8632
7176 -6070
7453 -4549
7479 421
7528 5236
8663 -7869
8705 1578
8825 4424
8875 4136
9068 -3078
9088 -5797
9133 175
9855 8658
9940 -1767
1 12 3307
1 19 8460
1 24 2169
1 25 3578
1 32 8403
1 37 9726
1 40 486
1 43 9295
1 46 617
1 49 2088
1 54 9425
1 68 8274
1 69 3692
1 76 5051
1 86 1908
1 89 3168
1 94 7853
1 96 4979
1 97 8568
1 99 822
2 7 4614
2 14 545
2 44 4496
2 49 2490
2 51 934
2 52 7084
2 60 4170
2 64 9864
2 72 123
2 77 3120
2 79 6326
2 82 7064
2 89 806
2 91 5144
2 93 1354
3 9 2977
3 21 5908
3 24 2500
3 38 6853
3 56 57
3 69 7671
3 72 3403
3 73 1962
3 82 5963
3 83 7332
3 85 2315
3 87 1962
3 94 2669
3 97 3729
4 6 1077
4 11 1035
4 15 4760
4 19 4828
4 21 8832
4 24 1540
4 32 9818
4 33 5978
4 36 9273
4 37 4400
4 48 1433
4 52 8991
4 56 1006
4 60 6569
4 61 7051
4 65 5367
4 69 1065
4 70 4174
4 71 8083
4 73 4039
4 78 6852
4 85 5085
4 91 9451
4 92 2438
5 11 3414
5 12 53
5 19 8756
5 20 7074
5 24 4568
5 26 4338
5 29 5936
5 32 11
5 34 8873
5 35 6682
5 36 4740
5 43 744
5 44 6970
5 47 6516
5 66 870
5 69 2820
5 74 7357
5 76 2261
5 79 9454
5 85 4766
5 90 6207
5 91 4531
5 95 5778
5 99 4761
6 23 1387
6 24 3944
6 25 6274
6 26 9280
6 31 1708
6 36 9193
6 38 8653
6 42 7254
6 44 9310
6 45 5442
6 47 3949
6 54 2666
6 55 7009
6 57 4468
6 58 1936
6 60 3429
6 63 6532
6 64 8632
6 68 8923
6 87 8066
6 91 7506
6 92 4214
7 8 868
7 14 5411
7 26 1164
7 37 5738
7 39 135
7 42 5571
7 46 4210
7 57 5669
7 67 2968
7 76 4199
7 79 2467
7 81 5372
7 82 7280
7 86 7319
7 94 158
8 12 6150
8 20 2284
8 23 2490
8 24 4852
8 28 9993
8 32 358
8 35 3434
8 36 6795
8 53 1659
8 70 147
8 76 3511
8 78 579
8 81 1454
8 84 2885
8 92 695
8 96 7914
8 99 7787
9 11 9644
9 13 7730
9 18 1612
9 21 9993
9 26 5322
9 34 1450
9 39 4337
9 41 9381
9 42 6098
9 45 5203
9 46 6959
9 52 2399
9 54 7669
9 59 4027
9 66 5384
9 67 1085
9 70 3981
9 71 5832
9 89 4749
9 92 6442
9 97 2885
9 100 9920
10 11 2765
10 15 1396
10 32 5946
10 39 4936
10 41 3205
10 62 7077
10 67 9236
10 84 4141
11 22 1153
11 23 1217
11 26 2734
11 27 146
11 28 2330
11 35 5159
11 49 418
11 63 5647
11 93 736
12 13 7474
12 16 550
12 20 9412
12 27 8901
12 36 3595
12 37 8615
12 40 2055
12 46 689
12 49 7444
12 56 5771
12 58 5666
12 62 8074
12 65 8633
12 71 6653
12 75 2683
12 77 625
12 83 2440
12 85 6476
12 88 4070
12 91 1683
12 98 1532
12 100 6751
13 25 587
13 34 2739
13 38 409
13 43 5275
13 47 7791
13 48 3445
13 60 5710
13 62 6605
13 63 4766
13 68 4562
13 71 8716
13 72 2930
13 80 8807
13 82 8151
13 86 7557
13 98 3766
13 99 2947
14 30 9895
14 41 9655
14 46 1763
14 70 6197
14 71 1536
14 73 7111
14 78 2520
14 96 3928
15 19 4969
15 27 1531
15 28 6720
15 31 5913
15 34 691
15 36 5647
15 48 5465
15 52 8371
15 54 8081
15 55 3536
15 60 3489
15 64 3733
15 65 4567
15 66 5252
15 69 2086
15 87 5576
15 92 1872
15 98 485
16 24 6108
16 25 6716
16 26 1078
16 35 5269
16 39 7915
16 43 1796
16 56 6606
16 63 3733
16 67 1100
16 73 2018
16 78 3344
16 88 6068
17 21 8505
17 25 1899
17 28 8623
17 31 6626
17 33 8734
17 36 5915
17 39 788
17 41 9733
17 51 9837
17 62 2826
17 64 2923
17 73 6363
17 78 8415
17 79 7183
17 84 4764
17 89 3986
17 90 1840
17 99 8421
18 24 7275
18 34 5951
18 37 5912
18 40 9160
18 43 8800
18 49 9528
18 53 7907
18 57 3271
18 62 9354
18 65 8854
18 67 5728
18 70 4518
18 71 7539
18 82 4895
18 85 9034
18 88 2494
18 90 6969
18 91 6782
19 32 7119
19 39 6515
19 52 5670
19 58 3021
19 60 8059
19 63 1120
19 66 7011
19 83 2450
19 90 4097
20 25 5918
20 29 3181
20 31 3520
20 37 3933
20 39 3234
20 42 3574
20 43 4191
20 60 4483
20 66 1186
20 69 7919
20 75 2656
20 89 1834
20 93 9911
20 96 205
21 24 1375
21 25 1077
21 26 488
21 30 8715
21 36 8892
21 44 5127
21 46 891
21 49 4793
21 52 9646
21 57 5793
21 58 6034
21 59 8344
21 63 1397
21 64 9863
21 67 8108
21 70 4814
21 73 6757
21 75 7136
21 78 4781
21 79 3459
21 80 73
21 82 3259
21 87 413
21 89 900
21 91 4976
21 95 8712
21 99 9610
22 26 6476
22 30 7055
22 37 7419
22 39 2413
22 41 3277
22 43 374
22 49 5977
22 59 5416
22 62 4346
22 65 9630
22 66 4051
22 68 4122
22 76 3559
22 78 602
22 84 2466
22 85 4534
22 86 2113
22 89 7858
23 25 7883
23 32 3630
23 34 1126
23 43 9485
23 44 6134
23 46 6560
23 47 8294
23 57 449
23 59 7659
23 76 2297
23 81 7750
23 86 3125
23 90 5041
23 95 3732
23 97 657
24 25 218
24 35 1538
24 36 2626
24 37 9887
24 39 2706
24 43 2885
24 47 7147
24 55 8960
24 67 672
24 72 7997
24 75 3422
24 78 7556
24 85 1270
24 93 2439
25 28 5314
25 44 8654
25 47 8544
25 54 9288
25 63 386
25 70 7919
25 71 3402
25 73 1071
25 75 8254
25 80 7016
25 83 9022
25 84 1826
25 87 6004
25 94 8093
26 27 6945
26 28 8104
26 29 7411
26 31 6425
26 38 7603
26 41 9089
26 44 2486
26 45 6881
26 50 1631
26 61 5937
26 71 286
26 81 6999
26 86 702
26 99 5168
27 30 3856
27 33 5825
27 35 4645
27 37 5708
27 50 7500
27 52 1165
27 60 7267
27 81 7704
27 92 489
27 95 7418
28 34 1264
28 49 892
28 53 3475
28 54 9018
28 56 6156
28 57 4976
28 59 3369
28 68 5260
28 72 6997
28 79 3827
28 80 8216
28 85 9462
28 88 8840
28 89 5823
28 93 4341
29 48 7571
29 52 3852
29 53 2352
29 56 5159
29 61 504
29 66 373
29 71 3423
29 73 8386
29 74 2324
29 75 2491
29 81 921
29 82 3328
29 84 9990
29 91 2946
29 99 7761
30 31 5125
30 38 9985
30 50 6562
30 53 846
30 55 6471
30 59 2097
30 60 8653
30 75 3207
30 79 1334
30 80 5554
30 85 3921
30 87 2858
30 88 3691
30 95 9811
30 96 1220
31 35 911
31 37 3109
31 42 6867
31 46 8306
31 51 3815
31 57 4381
31 63 3984
31 65 2655
31 67 5940
31 69 7801
31 78 2490
31 80 3337
31 81 7564
31 87 9211
32 36 595
32 43 3189
32 48 2105
32 52 9633
32 81 9080
32 85 5863
33 37 9852
33 39 4637
33 41 3290
33 45 5592
33 49 3295
33 55 7027
33 61 1610
33 63 7643
33 68 3877
33 69 8895
33 72 5510
33 76 1693
33 78 5172
33 81 4615
33 96 8589
34 42 595
34 49 2142
34 50 7956
34 57 7496
34 60 613
34 68 5141
34 70 8296
34 73 9390
34 76 8429
34 81 9508
34 86 1734
34 88 9476
34 90 396
34 93 3774
34 97 4550
35 37 8768
35 39 1325
35 40 7410
35 45 9857
35 48 3033
35 50 2199
35 54 4824
35 58 4394
35 64 9599
35 66 4599
35 69 3966
35 81 6769
35 82 1896
35 83 6026
35 90 5917
35 92 2606
35 94 3760
35 98 5754
36 38 8621
36 56 7682
36 60 2848
36 71 7309
36 75 887
36 85 4737
36 86 3496
36 90 8419
37 42 5637
37 43 3996
37 45 5125
37 48 5860
37 51 5257
37 67 6517
37 68 9946
37 69 6245
37 75 8249
37 83 6236
37 90 3812
37 91 8718
37 100 4231
38 41 235
38 46 3273
38 73 3421
38 81 1002
38 88 6787
38 91 4111
38 94 8599
39 43 3834
39 49 915
39 52 444
39 68 4006
39 73 623
39 75 9186
39 85 3955
39 86 1009
39 87 3009
39 88 871
39 93 9184
39 95 268
40 45 9139
40 46 3770
40 56 8691
40 62 1378
40 64 8125
40 65 4754
40 71 5996
40 77 3742
40 90 4713
40 91 656
40 92 2298
40 93 888
40 94 7
40 95 4275
41 44 6097
41 47 6587
41 48 1416
41 56 4226
41 65 8348
41 66 4995
41 70 9207
41 71 6839
41 75 7430
41 76 5606
41 93 7543
42 44 9051
42 45 8945
42 46 7885
42 47 2060
42 55 7714
42 64 5375
42 65 4842
42 67 9644
42 76 8593
42 89 2059
42 91 5524
42 97 1855
42 99 5663
43 48 7500
43 50 3887
43 51 3106
43 56 6091
43 71 8695
43 72 8023
43 73 2895
43 76 6448
43 84 5309
43 85 3805
43 87 8979
43 98 6223
44 45 8612
44 46 2488
44 49 6083
44 51 6550
44 56 1255
44 57 8872
44 64 3218
44 70 6559
44 71 5070
44 77 4350
44 78 6539
44 79 7863
44 80 1574
44 83 4669
44 85 5386
45 60 9806
45 61 6481
45 69 6492
45 70 1043
45 72 284
45 75 3928
45 84 5668
45 87 9849
45 90 1346
45 98 7256
46 47 9489
46 50 465
46 65 5206
46 74 4828
46 81 9965
46 83 3225
46 89 3516
46 98 6918
47 51 8304
47 56 370
47 66 3469
47 67 4620
47 69 8707
47 72 7109
47 73 3250
47 75 6701
47 78 9409
47 82 8996
47 84 7030
47 86 7938
47 88 1121
47 93 7543
47 99 4345
48 51 3465
48 52 7624
48 54 6142
48 58 4945
48 60 5790
48 63 3498
48 64 490
48 67 1998
48 73 3055
48 78 5110
48 83 7040
48 88 4679
49 50 2789
49 51 5810
49 55 4900
49 59 5449
49 67 9964
49 70 1735
49 72 4036
49 76 6579
49 77 6064
49 80 8184
49 83 264
50 64 4597
50 70 3874
50 73 3563
50 76 3447
50 78 6360
50 82 1683
50 88 9153
50 92 357
50 98 5759
50 100 4111
51 61 6605
51 62 9765
51 72 6108
51 77 4480
51 79 2363
51 83 6150
51 98 6391
52 55 6212
52 59 1184
52 62 4839
52 70 5638
52 72 80
52 74 947
52 80 4121
52 86 6558
52 88 805
52 90 6230
52 91 4169
52 94 3774
52 96 2641
53 55 6614
53 56 8701
53 61 6623
53 64 9668
53 73 9740
53 78 9364
53 85 8831
53 91 792
53 96 3520
54 55 6750
54 60 7885
54 64 9406
54 67 3218
54 68 1351
54 71 5269
54 74 5913
54 75 4854
54 80 7789
54 81 7495
54 87 7539
54 90 2141
54 91 1590
54 96 4663
55 64 4754
55 65 2670
55 73 1360
55 75 6727
55 79 137
55 89 2222
55 90 4667
55 94 8618
55 98 1041
55 100 2647
56 67 2946
56 70 5901
56 77 2978
56 78 5618
56 81 5629
56 88 610
56 92 3615
56 100 4553
57 58 5532
57 59 9767
57 68 3279
57 73 7682
57 75 315
57 80 2618
57 83 5401
57 84 1051
57 89 8907
57 97 3239
57 98 8395
57 100 771
58 62 1636
58 64 4207
58 78 7220
58 81 4497
58 86 7254
58 89 9761
58 93 6611
58 99 3572
59 76 4747
59 77 7060
59 79 3359
59 85 3015
59 87 9987
59 96 609
60 62 1756
60 63 3939
60 65 9042
60 66 6932
60 68 5019
60 73 9918
60 83 9629
60 84 9550
60 97 8846
61 66 8217
61 68 697
61 70 9987
61 74 1452
61 75 2484
61 81 7414
61 86 9127
61 89 7112
61 90 8645
61 94 6020
61 97 1811
62 65 5348
62 67 6473
62 69 6916
62 75 7030
62 79 6890
62 81 311
62 82 2243
62 88 9291
62 90 2636
62 93 60
62 94 8333
62 96 1338
63 65 1698
63 66 1915
63 67 2352
63 70 1913
63 90 9883
64 68 9543
64 76 8116
64 77 3742
64 87 8598
64 88 8617
64 90 1907
65 69 1243
65 71 2931
65 76 4575
65 81 3459
65 83 6512
65 88 7913
65 90 8138
65 91 2488
65 96 1342
66 72 2855
66 74 6085
66 78 9659
66 80 9811
66 82 3045
66 87 9342
66 90 6952
66 95 8001
67 68 5460
67 71 2241
67 72 449
67 73 9497
67 79 6492
67 80 8793
67 82 9739
67 85 9996
67 87 941
67 88 8634
67 89 5351
67 95 9474
67 98 6603
67 99 9221
68 70 1890
68 76 6300
68 82 4646
68 86 544
68 87 1523
68 99 9558
69 70 2111
69 71 1144
69 72 7214
69 75 6415
69 76 4962
69 80 2324
69 81 9043
69 82 6243
69 83 9665
69 91 6936
69 92 8440
69 94 3376
69 95 2029
69 97 3662
70 71 7820
70 77 5001
70 80 2497
70 83 2238
70 85 6275
70 86 986
70 88 2331
70 93 8882
70 99 6704
70 100 1487
71 73 660
71 75 6721
71 78 8334
71 82 4701
71 87 1070
71 91 261
71 96 6262
71 99 8873
72 83 8572
72 84 6180
72 86 4444
72 88 9275
72 89 4836
72 91 8622
72 98 2128
73 75 1866
73 80 563
73 85 7252
73 90 5532
73 100 2043
74 76 7601
74 86 7673
74 91 5278
74 99 6790
74 100 9994
75 76 6445
75 78 5295
75 79 2213
75 80 4665
75 88 5203
75 91 121
75 98 7252
76 79 2381
76 81 3283
76 87 5500
76 95 5484
76 100 4163
78 80 6099
78 88 3912
78 92 891
78 93 5821
78 99 9629
79 80 2547
79 81 7653
79 88 8973
79 89 6173
79 92 5017
79 94 2119
79 95 1326
79 97 181
80 81 4012
80 88 3782
80 97 4055
80 99 6921
81 99 7576
82 95 4780
83 85 3177
84 97 411
84 98 8785
85 87 5176
85 98 3906
86 95 609
86 99 2574
86 100 1452
87 90 106
87 92 6933
87 96 5438
87 98 6341
88 89 4960
88 90 8800
88 95 9948
88 99 620
89 93 7750
89 94 8939
89 98 3115
89 99 2592
90 94 3238
90 97 5755
91 93 5049
92 95 1162
92 96 5913
93 96 354
93 98 7895
94 99 3845
95 99 4364
97 99 1557
97 100 6716
