0 -1000000 0 1000000
25
0 0 512820
222153 462204 512820
0 512820 512820
512820 0 512820
0 -512820 512820
-512820 0 512820
-390708 332163 512820
444115 -256410 512820
256410 -444115 512820
-444115 -256410 512820
-483015 -172281 512820
444115 256410 512820
-256410 444115 512820
-145741 491675 512820
496466 -128476 512820
-171870 -483162 512820
-367737 -357427 512820
-390708 332163 512820
372888 -352050 512820
491328 146906 512820
92308 504444 512820
352933 372053 512820
-314443 -405105 512820
136969 -494190 512820
-467355 211102 512820
