-322034 -1000000 1000000 322034
25
-322034 322034 677966
-28339 933083 677966
-322034 1000000 677966
355932 322034 677966
-322034 -355932 677966
-1000000 322034 677966
-838563 761164 677966
265102 -16949 677966
16949 -265102 677966
-909169 -16949 677966
-960596 94272 677966
265102 661017 677966
-661017 909169 677966
-514708 972045 677966
334311 152184 677966
-549252 -316722 677966
-808195 -150497 677966
-838563 761164 677966
170937 -143388 677966
327519 516248 677966
-200000 988926 677966
144555 813900 677966
-737738 -213529 677966
-140956 -331303 677966
-939893 601118 677966
