-664459 -7078 664459 19507
25
-664459 -7078 577827
-165928 608545 288913
-142901 -594603 288913
121907 867596 144457
139177 366764 144457
173717 -364335 144457
162203 -853654 144457
271580 1000000 72228
277337 735192 72228
278945 504017 72228
276827 222236 72228
293802 -198051 72228
303293 -515983 72228
298547 -712911 72228
291429 -1000000 72228
348719 439594 36114
347427 288465 36114
340969 147670 36114
360246 -121315 36114
366167 -266373 36114
375048 -455836 36114
375048 -580171 36114
376528 -661581 36114
375048 -777035 36114
502275 19507 180571
