10000 10000 100
2 9999
9002 9998
9003 9999
9003 9998
9004 9999
9004 9998
9005 9999
9005 9998
9006 9999
9006 9998
9007 9999
9007 9998
9008 9999
9008 9998
9009 9999
9009 9998
9010 9999
9010 9998
9011 9999
9011 9998
9012 9999
9012 9998
9013 9999
9013 9998
9014 9999
9014 9998
9015 9999
9015 9998
9016 9999
9016 9998
9017 9999
9017 9998
9018 9999
9018 9998
9019 9999
9019 9998
9020 9999
9020 9998
9021 9999
9021 9998
9022 9999
9022 9998
9023 9999
9023 9998
9024 9999
9024 9998
9025 9999
9025 9998
9026 9999
9026 9998
9027 9999
9027 9998
9028 9999
9028 9998
9029 9999
9029 9998
9030 9999
9030 9998
9031 9999
9031 9998
9032 9999
9032 9998
9033 9999
9033 9998
9034 9999
9034 9998
9035 9999
9035 9998
9036 9999
9036 9998
9037 9999
9037 9998
9038 9999
9038 9998
9039 9999
9039 9998
9040 9999
9040 9998
9041 9999
9041 9998
9042 9999
9042 9998
9043 9999
9043 9998
9044 9999
9044 9998
9045 9999
9045 9998
9046 9999
9046 9998
9047 9999
9047 9998
9048 9999
9048 9998
9049 9999
9049 9998
9050 9999
9050 9998
9051 9999
9051 9998
1 2 3 4 5 6 7 8 9 10 11 12 13 14 15 16 17 18 19 20 21 22 23 24 25 26 27 28 29 30 31 32 33 34 35 36 37 38 39 40 41 42 43 44 45 46 47 48 49 50 51 52 53 54 55 56 57 58 59 60 61 62 63 64 65 66 67 68 69 70 71 72 73 74 75 76 77 78 79 80 81 82 83 84 85 86 87 88 89 90 91 92 93 94 95 96 97 98 99 100
