60 1020 100
20 20
20 40
20 60
20 80
20 100
20 120
20 140
20 160
20 180
20 200
20 220
20 240
20 260
20 280
20 300
20 320
20 340
20 360
20 380
20 400
20 420
20 440
20 460
20 480
20 500
20 520
20 540
20 560
20 580
20 600
20 620
20 640
20 660
20 680
20 700
20 720
20 740
20 760
20 780
20 800
20 820
20 840
20 860
20 880
20 900
20 920
20 940
20 960
20 980
20 1000
40 20
40 40
40 60
40 80
40 100
40 120
40 140
40 160
40 180
40 200
40 220
40 240
40 260
40 280
40 300
40 320
40 340
40 360
40 380
40 400
40 420
40 440
40 460
40 480
40 500
40 520
40 540
40 560
40 580
40 600
40 620
40 640
40 660
40 680
40 700
40 720
40 740
40 760
40 780
40 800
40 820
40 840
40 860
40 880
40 900
40 920
40 940
40 960
40 980
40 1000
51 52 53 54 55 56 57 58 59 60 61 62 63 64 65 66 67 1 2 68 3 4 5 69 6 7 8 70 9 10 11 71 12 13 14 72 15 16 17 73 18 19 20 74 21 22 23 75 24 25 26 76 27 28 29 77 30 31 32 78 33 34 35 79 36 37 38 80 39 40 41 81 42 43 44 82 45 46 47 83 48 49 50 84 85 86 87 88 89 90 91 92 93 94 95 96 97 98 99 100
