10000 10000 100
100 101
300 301
500 501
700 701
900 901
1100 1101
1300 1301
1500 1501
1700 1701
1900 1901
2100 2101
2300 2301
2500 2501
2700 2701
2900 2901
3100 3101
3300 3301
3500 3501
3700 3701
3900 3901
4100 4101
4300 4301
4500 4501
4700 4701
4900 4901
5100 5101
5300 5301
5500 5501
5700 5701
5900 5901
6100 6101
6300 6301
6500 6501
6700 6701
6900 6901
7100 7101
7300 7301
7500 7501
7700 7701
7900 7901
8100 8101
8300 8301
8500 8501
8700 8701
8900 8901
9100 9101
9300 9301
9500 9501
9700 9701
9900 9901
101 100
301 300
501 500
701 700
901 900
1101 1100
1301 1300
1501 1500
1701 1700
1901 1900
2101 2100
2301 2300
2501 2500
2701 2700
2901 2900
3101 3100
3301 3300
3501 3500
3701 3700
3901 3900
4101 4100
4301 4300
4501 4500
4701 4700
4901 4900
5101 5100
5301 5300
5501 5500
5701 5700
5901 5900
6101 6100
6301 6300
6501 6500
6701 6700
6901 6900
7101 7100
7301 7300
7501 7500
7701 7700
7901 7900
8101 8100
8301 8300
8501 8500
8701 8700
8901 8900
9101 9100
9301 9300
9501 9500
9701 9700
9901 9900
1 2 3 4 5 6 7 8 9 10 11 12 13 14 15 16 17 18 19 20 21 22 23 24 25 26 27 28 29 30 31 32 33 34 35 36 37 38 39 40 41 42 43 44 45 46 47 48 49 50 100 99 98 97 96 95 94 93 92 91 90 89 88 87 86 85 84 83 82 81 80 79 78 77 76 75 74 73 72 71 70 69 68 67 66 65 64 63 62 61 60 59 58 57 56 55 54 53 52 51
