10000 10000 100
98 9902
196 9804
294 9706
392 9608
490 9510
588 9412
686 9314
784 9216
882 9118
980 9020
1078 8922
1176 8824
1274 8726
1372 8628
1470 8530
1568 8432
1666 8334
1764 8236
1862 8138
1960 8040
2058 7942
2156 7844
2254 7746
2352 7648
2450 7550
2549 7451
2647 7353
2745 7255
2843 7157
2941 7059
3039 6961
3137 6863
3235 6765
3333 6667
3431 6569
3529 6471
3627 6373
3725 6275
3823 6177
3921 6079
4019 5981
4117 5883
4215 5785
4313 5687
4411 5589
4509 5491
4607 5393
4705 5295
4803 5197
4901 5099
5000 5000
5098 4902
5196 4804
5294 4706
5392 4608
5490 4510
5588 4412
5686 4314
5784 4216
5882 4118
5980 4020
6078 3922
6176 3824
6274 3726
6372 3628
6470 3530
6568 3432
6666 3334
6764 3236
6862 3138
6960 3040
7058 2942
7156 2844
7254 2746
7352 2648
7450 2550
7549 2451
7647 2353
7745 2255
7843 2157
7941 2059
8039 1961
8137 1863
8235 1765
8333 1667
8431 1569
8529 1471
8627 1373
8725 1275
8823 1177
8921 1079
9019 981
9117 883
9215 785
9313 687
9411 589
9509 491
9607 393
9705 295
9803 197
98 19 41 22 92 64 11 54 70 60 62 86 56 34 57 79 37 83 4 88 97 84 10 8 17 18 25 81 38 27 95 21 66 85 40 96 99 2 30 7 53 63 51 78 59 13 14 58 91 32 15 29 35 50 72 5 36 47 73 3 100 61 42 9 45 48 16 26 33 49 82 55 23 74 89 87 69 93 12 52 77 43 28 39 75 24 46 94 20 90 6 76 80 65 31 68 67 44 71 1
