10000 10000 100
1746 1337
2509 6133
7895 1173
1782 5881
4357 3913
6512 5910
1398 2862
6114 1387
7339 5551
5052 8256
4589 1776
2952 2778
3808 7702
7198 6890
4294 3755
6450 7706
7517 4285
7855 5634
1708 4081
8614 4896
3500 3180
6327 6402
7281 1836
7957 8416
4321 3992
8924 2535
7233 8425
3590 4286
8107 3275
7180 2758
1767 1771
7668 4490
4654 8544
3428 2667
3781 2447
8836 2564
7186 2494
3733 3628
6305 1160
1482 4724
8725 2648
2388 7710
4252 4943
4830 4322
2345 1536
3388 7559
1522 1457
1779 6878
1356 4556
4662 7089
3431 8987
2296 6418
3888 3370
2496 1412
3272 3789
5497 8801
1052 5654
7301 2973
5389 7714
2190 6821
6673 4870
2609 6917
7323 1150
5414 7851
6528 1760
5179 5992
6911 1019
7681 4945
7618 7202
7959 5080
2372 3512
1713 2718
2013 3881
8169 5523
1063 5909
3198 5479
8723 4853
7456 8283
6329 8302
8746 7149
8604 8793
5851 7179
7345 2363
1199 5882
3420 1159
4784 5070
1118 1189
3254 3217
4809 2542
3141 2858
1666 7253
2718 3760
5757 3455
7043 8897
6922 1080
4253 5087
3160 4011
5712 2369
5105 3876
6183 4805
75 57 84 91 48 49 40 4 42 60 52 62 19 51 2 7 46 73 13 33 76 72 10 56 71 50 64 59 92 79 97 94 82 28 96 16 55 43 27 66 78 87 86 24 81 22 31 88 38 14 69 47 12 25 6 21 90 5 44 15 53 80 100 34 9 99 61 18 1 74 68 70 35 93 45 32 20 17 77 89 54 29 58 98 30 11 37 83 41 36 26 85 65 23 8 39 63 3 95 67
