10000 10000 100
3735 8208
6701 5118
7098 6919
5729 9943
8684 5819
5558 7544
8167 6740
8314 3849
5421 8573
9572 8423
9088 4718
4550 9401
7175 7084
6083 8889
8637 9354
8813 7169
4240 9774
5473 8737
8883 7689
4773 9835
6379 6893
6873 8332
7167 8002
9397 3691
5143 9368
8624 6498
7424 4414
9283 9166
9700 7043
5076 7167
9470 7105
6644 8240
5394 9568
4127 8676
5514 9769
3720 8915
6087 8714
5000 9532
5145 7958
4617 9901
9380 3397
5224 7365
5360 9066
9227 5011
7662 8819
6801 8677
5567 7125
7758 5572
5443 8417
3864 8720
6672 7796
8934 3212
8259 3746
9932 7186
7368 6767
7262 8842
2775 9304
7811 6542
7453 5305
7668 8055
5241 8455
9418 4037
9210 9936
3120 9754
7772 8503
6047 7323
6061 7637
6899 6802
5578 7760
6908 9139
9347 7209
9197 4339
8155 4683
6327 6888
8575 3807
9053 7415
8639 4908
9388 8152
8698 7678
5976 9596
9027 4652
8511 8892
7538 4752
7554 5509
9685 2344
8228 4090
8143 6948
8188 7805
5344 6987
9639 9636
5069 7743
5509 7611
7912 5727
9338 6142
9167 6401
6649 7476
8073 8081
5468 8442
9898 7424
4636 8206
1 57 64 36 50 34 100 17 30 12 40 20 91 38 39 25 42 61 43 33 35 9 18 49 98 4 80 92 69 6 14 89 37 70 47 46 67 32 56 22 45 63 66 15 51 65 23 82 90 28 96 60 97 10 88 78 79 19 13 74 21 76 99 16 3 71 54 31 87 29 68 55 7 58 26 95 94 5 93 44 48 84 11 77 81 72 59 62 73 24 41 83 75 86 8 52 53 85 27 2
