10000 10000 100
9413 4413
9967 5946
9307 397
9972 36
9273 2415
9787 4146
9659 3395
9327 391
9036 1634
8769 676
9080 1386
9900 3657
9608 2540
9097 1815
9109 517
9236 1832
8642 169
9539 472
9060 3284
9983 320
8265 798
9732 2454
9682 3923
9546 2320
8688 2043
9689 596
9413 4402
9898 3205
9648 4482
9139 602
9272 2302
9578 4207
9070 3031
8280 82
8757 1811
8971 188
9196 658
9491 655
9623 1175
9984 586
9067 2428
9016 2213
8359 1435
9876 3833
9695 5000
9176 1353
9824 4027
8405 1369
9938 4158
8794 2102
9011 513
8657 1738
9331 3441
9486 4475
9975 3353
9543 2045
8225 939
8586 2116
9397 378
9370 1561
9588 4453
9857 2926
9980 3134
9124 290
9905 1634
9906 2564
9356 3310
9530 1201
8456 1120
9373 2103
9001 1809
8988 2556
9984 3534
8828 2170
8139 198
8790 2424
9836 1815
9229 2039
9757 4395
8167 92
9871 4499
8889 2855
8975 2995
9543 2484
9869 2457
9719 489
9796 3122
9637 2077
8748 1786
9597 3433
9300 3569
9533 1830
9444 1410
9784 1252
8797 721
9228 2289
8781 2021
9201 1881
9168 2742
9503 2243
2 81 49 73 55 63 44 12 47 28 6 79 66 62 85 40 65 20 4 87 77 45 94 22 86 26 23 39 88 7 13 18 68 38 92 56 24 90 84 29 59 100 93 8 3 60 70 37 32 64 30 15 46 16 61 36 31 51 78 98 5 96 11 14 67 9 95 71 10 53 17 99 41 42 91 72 34 35 89 74 97 33 54 50 80 52 69 75 25 21 76 83 19 48 82 57 43 27 58 1
