10000 10000 100
9999 5000
9989 5313
9959 5626
9910 5936
9841 6243
9754 6544
9647 6840
9523 7128
9380 7408
9220 7678
9044 7938
8851 8186
8644 8422
8422 8644
8186 8851
7938 9044
7678 9220
7408 9380
7128 9523
6840 9647
6544 9754
6243 9841
5936 9910
5626 9959
5313 9989
4999 9999
4686 9989
4373 9959
4063 9910
3756 9841
3455 9754
3159 9647
2871 9523
2591 9380
2321 9220
2061 9044
1813 8851
1577 8644
1355 8422
1148 8186
955 7938
779 7678
619 7408
476 7128
352 6840
245 6544
158 6243
89 5936
40 5626
10 5313
1 4999
10 4686
40 4373
89 4063
158 3756
245 3455
352 3159
476 2871
619 2591
779 2321
955 2061
1148 1813
1355 1577
1577 1355
1813 1148
2061 955
2321 779
2591 619
2871 476
3159 352
3455 245
3756 158
4063 89
4373 40
4686 10
4999 1
5313 10
5626 40
5936 89
6243 158
6544 245
6840 352
7128 476
7408 619
7678 779
7938 955
8186 1148
8422 1355
8644 1577
8851 1813
9044 2061
9220 2321
9380 2591
9523 2871
9647 3159
9754 3455
9841 3756
9910 4063
9959 4373
9989 4686
13 12 11 10 9 8 7 6 5 4 3 2 1 100 99 98 97 96 95 94 93 92 91 90 89 88 87 86 85 84 83 82 81 80 79 78 77 76 75 74 73 72 71 70 69 68 67 66 65 64 63 62 61 60 59 58 57 56 55 54 53 52 51 50 49 48 47 46 45 44 43 42 41 40 39 38 37 36 35 34 33 32 31 30 29 28 27 26 25 24 23 22 21 20 19 18 17 16 15 14
