220 220 100
20 20
20 40
20 60
20 80
20 100
20 120
20 140
20 160
20 180
20 200
40 20
40 40
40 60
40 80
40 100
40 120
40 140
40 160
40 180
40 200
60 20
60 40
60 60
60 80
60 100
60 120
60 140
60 160
60 180
60 200
80 20
80 40
80 60
80 80
80 100
80 120
80 140
80 160
80 180
80 200
100 20
100 40
100 60
100 80
100 100
100 120
100 140
100 160
100 180
100 200
120 20
120 40
120 60
120 80
120 100
120 120
120 140
120 160
120 180
120 200
140 20
140 40
140 60
140 80
140 100
140 120
140 140
140 160
140 180
140 200
160 20
160 40
160 60
160 80
160 100
160 120
160 140
160 160
160 180
160 200
180 20
180 40
180 60
180 80
180 100
180 120
180 140
180 160
180 180
180 200
200 20
200 40
200 60
200 80
200 100
200 120
200 140
200 160
200 180
200 200
91 92 93 94 81 82 71 83 72 61 95 84 73 62 51 41 52 63 31 42 74 21 53 32 11 1 22 43 64 12 33 2 85 54 23 13 44 3 34 75 24 14 4 65 55 45 35 25 15 5 6 16 26 36 46 56 66 7 17 76 27 37 8 47 18 86 57 28 9 38 19 67 48 29 10 20 39 58 77 30 49 40 68 59 50 96 87 78 69 60 70 79 88 80 89 97 90 98 99 100
