10000 10000 100
4445 4352
5426 4176
3627 7471
1576 7022
9233 8928
9198 8653
7603 7126
1044 9758
1243 8616
4958 9159
5883 9130
4624 5721
3167 5527
771 9758
9475 8438
2433 4718
2152 5842
2299 6592
7449 8880
8259 7619
4898 7794
8870 5829
1693 8259
9163 8020
9472 4584
1929 5038
4610 9410
8741 6733
3563 7891
3206 5919
5182 6187
8503 6501
1750 4945
6258 7806
4283 6509
6536 6669
5621 5719
7090 8308
8598 7756
1576 7346
3301 5283
4025 9490
6370 7605
9120 6464
6944 4311
7416 7907
4082 4816
2472 9415
8161 7096
6673 5330
8338 8392
3204 7205
8741 6379
8965 7538
1760 6880
5184 9203
4315 8809
1572 8735
9336 6191
5832 8808
7300 8335
7339 7224
5892 7979
3764 9732
7810 7122
2872 5307
4595 8620
3156 7676
6063 4956
7472 4503
8983 4318
5340 5242
5467 7467
1040 6829
1033 6431
2004 8357
5259 7631
8792 8321
1375 6210
1392 7104
9372 8916
1075 5261
2257 5658
1605 8065
1400 5552
1350 8694
3655 4509
2153 7352
8723 8458
6941 3945
8608 9809
2339 5589
1838 8859
3937 5435
1656 8688
7996 4771
5332 5974
6842 7703
4740 9140
5693 6623
16 87 33 26 82 85 66 92 83 79 75 17 41 47 74 13 80 4 55 18 40 30 88 84 94 9 23 86 14 58 95 76 8 93 52 68 48 3 29 35 64 12 42 57 67 27 99 21 10 56 77 31 73 11 60 97 63 100 34 72 43 37 38 19 98 61 91 36 46 62 51 89 5 7 78 81 6 20 65 39 15 24 49 54 28 32 69 50 53 44 59 22 96 70 25 45 71 90 2 1
