10000 10000 100
9000 5000
8992 5251
8968 5501
8929 5749
8874 5994
8804 6236
8719 6472
8619 6703
8505 6927
8377 7143
8236 7351
8082 7549
7915 7738
7738 7915
7549 8082
7351 8236
7143 8377
6927 8505
6703 8619
6472 8719
6236 8804
5994 8874
5749 8929
5501 8968
5251 8992
5000 9000
4748 8992
4498 8968
4250 8929
4005 8874
3763 8804
3527 8719
3296 8619
3072 8505
2856 8377
2648 8236
2450 8082
2261 7915
2084 7738
1917 7549
1763 7351
1622 7143
1494 6927
1380 6703
1280 6472
1195 6236
1125 5994
1070 5749
1031 5501
1007 5251
1000 5000
1007 4748
1031 4498
1070 4250
1125 4005
1195 3763
1280 3527
1380 3296
1494 3072
1622 2856
1763 2648
1917 2450
2084 2261
2261 2084
2450 1917
2648 1763
2856 1622
3072 1494
3296 1380
3527 1280
3763 1195
4005 1125
4250 1070
4498 1031
4748 1007
4999 1000
5251 1007
5501 1031
5749 1070
5994 1125
6236 1195
6472 1280
6703 1380
6927 1494
7143 1622
7351 1763
7549 1917
7738 2084
7915 2261
8082 2450
8236 2648
8377 2856
8505 3072
8619 3296
8719 3527
8804 3763
8874 4005
8929 4250
8968 4498
8992 4748
24 25 23 26 22 27 21 20 28 19 29 18 17 30 16 15 31 14 13 12 32 11 10 33 9 8 7 34 6 5 4 3 35 2 1 100 36 99 98 97 96 95 37 94 93 92 91 38 90 89 88 87 39 86 85 84 83 82 40 81 80 79 78 41 77 76 75 42 74 73 72 71 43 70 69 68 44 67 66 45 65 64 63 46 62 61 47 60 59 48 58 49 57 56 50 55 51 54 52 53
