10000 10000 100
844 7704
3136 4809
4810 7490
8975 3970
9390 3552
4105 7561
4800 8752
9656 7385
9098 2592
8167 5520
3394 4992
2937 5443
6147 8420
7885 9116
8734 2418
7702 7865
8237 7877
5585 3338
7189 7493
1559 9774
3958 4165
7221 944
2980 7195
8453 4048
7639 3230
6699 2076
5409 9443
3344 9927
7765 5870
7077 9349
4762 2765
7241 8111
7541 5020
8972 7183
6157 2713
9648 2981
6340 5761
3766 8884
7513 2688
7532 2837
4944 6516
2118 7264
2713 8934
3203 5873
9571 3184
9360 1140
7604 7390
8469 9981
1562 8824
7743 3902
4291 6346
9314 4478
3675 6332
6683 9389
5295 8260
3875 8291
865 7814
8023 6928
2671 9816
8743 7950
8380 7079
8976 88
4539 7170
9143 5440
6782 7771
5879 5132
510 9090
3493 7884
6333 3374
9239 7753
4051 6055
5404 7451
7778 2182
4417 8705
1950 6595
8977 3112
7534 1539
3782 5073
5768 8225
4245 4676
9309 3596
9106 7308
6148 9730
3138 7161
9984 5
3748 5592
7483 148
7332 3287
4116 4602
3031 8979
2520 7961
6946 3580
7249 5818
8297 8194
7402 7092
5177 5858
6267 7988
6467 9687
9611 8881
4542 6985
1 57 67 49 20 75 42 59 43 91 28 90 38 68 7 56 74 23 27 83 84 98 54 6 30 55 48 79 13 14 3 97 63 32 72 99 65 94 100 16 17 60 19 70 47 95 82 8 34 61 58 41 53 51 29 93 71 37 64 10 96 33 52 66 44 4 24 81 5 86 45 50 36 76 9 25 92 88 15 40 39 78 69 46 80 73 89 85 18 35 77 12 62 26 11 22 21 87 31 2
