10000 10000 100
9998 100
9998 300
9998 500
9998 700
9998 900
9998 1100
9998 1300
9998 1500
9998 1700
9998 1900
9998 2100
9998 2300
9998 2500
9998 2700
9998 2900
9998 3100
9998 3300
9998 3500
9998 3700
9998 3900
9998 4100
9998 4300
9998 4500
9998 4700
9998 4900
9998 5100
9998 5300
9998 5500
9998 5700
9998 5900
9998 6100
9998 6300
9998 6500
9998 6700
9998 6900
9998 7100
9998 7300
9998 7500
9998 7700
9998 7900
9998 8100
9998 8300
9998 8500
9998 8700
9998 8900
9998 9100
9998 9300
9998 9500
9998 9700
9998 9900
9999 100
9999 300
9999 500
9999 700
9999 900
9999 1100
9999 1300
9999 1500
9999 1700
9999 1900
9999 2100
9999 2300
9999 2500
9999 2700
9999 2900
9999 3100
9999 3300
9999 3500
9999 3700
9999 3900
9999 4100
9999 4300
9999 4500
9999 4700
9999 4900
9999 5100
9999 5300
9999 5500
9999 5700
9999 5900
9999 6100
9999 6300
9999 6500
9999 6700
9999 6900
9999 7100
9999 7300
9999 7500
9999 7700
9999 7900
9999 8100
9999 8300
9999 8500
9999 8700
9999 8900
9999 9100
9999 9300
9999 9500
9999 9700
9999 9900
1 2 3 4 5 6 7 8 9 10 11 12 13 14 15 16 17 18 19 20 21 22 23 24 25 26 27 28 29 30 31 32 33 34 35 36 37 38 39 40 41 42 43 44 45 46 47 48 49 50 100 99 98 97 96 95 94 93 92 91 90 89 88 87 86 85 84 83 82 81 80 79 78 77 76 75 74 73 72 71 70 69 68 67 66 65 64 63 62 61 60 59 58 57 56 55 54 53 52 51
