1020 60 100
20 20
20 40
40 20
40 40
60 20
60 40
80 20
80 40
100 20
100 40
120 20
120 40
140 20
140 40
160 20
160 40
180 20
180 40
200 20
200 40
220 20
220 40
240 20
240 40
260 20
260 40
280 20
280 40
300 20
300 40
320 20
320 40
340 20
340 40
360 20
360 40
380 20
380 40
400 20
400 40
420 20
420 40
440 20
440 40
460 20
460 40
480 20
480 40
500 20
500 40
520 20
520 40
540 20
540 40
560 20
560 40
580 20
580 40
600 20
600 40
620 20
620 40
640 20
640 40
660 20
660 40
680 20
680 40
700 20
700 40
720 20
720 40
740 20
740 40
760 20
760 40
780 20
780 40
800 20
800 40
820 20
820 40
840 20
840 40
860 20
860 40
880 20
880 40
900 20
900 40
920 20
920 40
940 20
940 40
960 20
960 40
980 20
980 40
1000 20
1000 40
99 97 95 93 91 89 87 85 83 81 79 77 75 73 71 69 67 65 63 61 59 57 55 53 51 49 47 45 43 41 39 37 35 33 31 29 27 25 23 21 19 17 15 13 11 9 7 5 3 1 2 4 6 8 10 12 14 16 18 20 22 24 26 28 30 32 34 36 38 40 42 44 46 48 50 52 54 56 58 60 62 64 66 68 70 72 74 76 78 80 82 84 86 88 90 92 94 96 98 100
