10000 10000 100
1064 8691
6602 5255
4832 6470
6691 6987
4458 9786
4394 9452
719 8954
5807 9677
8307 8535
1013 9525
9946 5912
7503 7808
6803 9982
7985 6273
9017 7287
8252 6633
5963 9319
8463 5941
9979 5210
8912 7242
7088 6404
5020 6241
1462 9991
7351 7026
9874 9279
5293 7520
8537 8525
3354 8433
8837 5702
5668 6672
5912 7693
6608 8491
2485 8939
5763 8892
5263 9252
8875 8061
3175 8146
5952 6645
8778 9826
5589 9193
5439 7180
7240 9194
5527 8279
8599 9738
7277 4879
7542 7270
7885 8272
8107 7948
9466 8618
6285 8296
7031 8626
3573 9649
4902 8163
6224 5991
5289 8604
6513 8845
6111 5819
8710 9074
6615 7258
2835 9236
5925 6734
9253 8225
6429 8062
7387 8869
4923 7565
9014 5426
8195 5895
9538 9721
1505 8750
1062 8731
2323 8872
3886 8960
9068 4464
8745 4514
1831 8491
5086 9759
7075 5822
2280 8354
9751 3998
1728 9161
3726 8983
7867 6206
8013 8092
8949 6577
5071 9755
3643 7897
9126 4689
4937 8644
5195 8625
6372 6548
1533 8504
9648 4521
1619 9013
614 9486
7605 5873
4616 6807
7207 6288
7590 9384
676 9984
9488 7413
1 70 7 91 75 69 94 78 10 93 99 71 23 33 37 60 28 86 52 81 72 5 6 85 76 35 88 8 40 89 55 53 17 13 34 43 56 42 98 44 39 32 65 50 64 51 68 58 63 25 26 9 31 27 47 49 83 62 48 12 36 41 59 46 100 15 20 24 4 16 84 61 38 30 90 14 11 21 82 97 96 18 67 29 19 95 66 77 54 92 87 73 74 3 79 57 45 22 2 80
