10000 10000 100
2931 699
6172 6664
5882 4305
6010 3732
8855 8796
3869 512
9942 9721
8833 4378
9380 9225
6932 4508
9097 6463
8427 5176
9555 3300
8861 373
8096 1550
9539 2107
6778 6503
9666 2933
8490 1075
8605 7214
9511 6500
5438 374
5683 600
4707 257
9676 1231
4366 318
4869 3447
5479 5255
8442 1933
6847 2302
7249 1718
7029 6377
9424 5588
6028 2497
8054 328
9910 5195
8478 4873
6732 7284
4310 2334
6170 3755
7686 2386
6532 3401
8318 3616
3848 1698
8565 6324
6040 4768
7865 5444
8945 360
6656 2263
6383 1637
6040 4029
6266 5040
4722 1135
4223 1892
9304 362
8969 1166
7596 1245
8211 8837
7966 527
7241 7010
8220 6269
8597 6201
9307 7389
6629 2697
6456 433
7980 3846
6718 5375
7322 8017
6775 6189
4350 95
6872 5298
6819 2378
5520 4523
6136 1341
8213 6530
3910 2150
8711 2901
4656 2625
7562 7488
6042 6101
8014 5663
8429 411
6454 3070
6000 6212
5353 4984
5326 3297
7430 1189
7583 7413
9734 5084
6423 4117
5388 280
9984 8399
8674 1831
8754 1611
3272 778
9990 6721
8338 6970
8703 9171
8401 5982
5753 3191
84 28 38 85 80 68 58 98 17 79 60 88 5 9 69 7 32 20 73 2 97 92 52 67 63 75 46 61 71 45 62 11 99 81 21 96 47 3 33 12 10 37 36 89 51 90 8 66 40 4 43 13 42 18 77 16 83 100 41 93 29 64 25 94 86 56 72 30 15 19 49 55 31 27 48 14 57 34 82 87 59 35 50 74 65 23 22 91 78 53 24 26 70 39 54 6 44 76 95 1
