10000 10000 100
1975 8483
2517 5831
5055 4183
6346 4518
4176 1782
4328 2340
7439 2904
7628 5559
9968 7485
3611 1793
7118 7335
8142 1880
4621 9586
5876 2545
7448 2332
7765 7993
6531 2062
7481 9649
5151 2287
2758 6507
4386 2058
4112 7381
9771 7522
9596 4417
6680 9984
6855 9463
4390 1546
6306 5591
2291 6939
6913 1430
4909 7810
4225 5169
5436 9793
6503 8034
6092 1880
7603 146
9772 9589
7399 4986
7408 5260
7919 4074
8531 6855
2910 4840
4724 7895
6749 8281
6387 600
6639 3054
6539 2990
9762 401
3328 4230
4003 7042
6992 9372
8924 1399
6093 4178
6760 4669
7142 3322
9347 559
4575 2273
9040 9027
8460 7303
8923 5181
9679 4210
2436 6849
7231 7301
8114 1109
3150 3327
5768 6457
7270 3173
4734 8386
9907 3482
6885 7618
4428 3045
5039 8518
8238 7811
9591 766
3538 9724
7031 1291
4480 6140
6934 237
5383 9058
7054 8511
4039 9701
8411 9765
7969 9015
9987 1507
5678 5416
7027 4935
8631 9086
7636 5187
3041 3377
5564 7493
9371 2824
3185 2608
8894 5433
4068 7490
4793 2617
4043 9313
6235 6972
5180 1573
5016 6237
8165 2829
1 75 81 96 13 33 25 79 26 68 72 18 51 82 83 37 87 43 80 58 44 31 34 94 16 22 73 90 70 23 9 11 63 59 97 41 50 66 93 60 8 99 88 39 24 28 61 38 77 86 69 85 40 54 91 4 84 100 53 55 67 7 52 74 12 48 15 56 46 47 32 64 3 17 76 30 20 14 36 35 78 45 62 19 95 71 98 57 6 21 27 49 5 42 10 65 29 89 92 2
