10000 10000 100
5494 2848
8770 9355
9477 8809
7531 1915
8424 31
6275 235
9666 7163
9935 1194
7996 1921
8957 9379
9821 8236
9198 1159
9200 3628
8788 49
8544 4662
8056 2900
9402 8931
8719 4006
7864 2633
6967 5617
6871 773
9255 8434
7101 2733
7832 2589
9362 6348
8307 8338
8554 6836
6502 3203
9106 5867
9495 5160
7806 1912
4643 297
8757 8297
9624 1122
7561 5226
8795 7715
7804 166
9235 8414
9798 9273
8513 7247
8806 7385
9926 2756
7075 2364
5828 3291
5793 1851
9001 9404
7039 1214
9254 6626
6000 2348
8488 8332
7317 6270
9869 7510
8964 2645
8795 4981
8970 5646
5145 1783
8718 5987
7372 5077
4870 138
8178 3132
8297 987
8423 3628
4833 960
7230 4224
7300 2964
5460 642
9130 6284
7327 4995
7687 203
6768 2365
7358 2796
9155 7210
6733 4797
7010 4238
8572 6008
9725 5306
9277 7806
8098 6435
8395 1094
7244 133
9503 7904
6336 2255
5446 1397
8908 4062
5858 833
6173 846
9582 3663
9938 1320
8790 873
7648 5184
9164 6218
8895 9337
6194 1541
6132 2950
9196 2755
9642 6356
7222 1897
8592 347
8888 34
8584 4820
2 26 92 10 46 50 33 17 39 38 22 36 51 40 77 11 41 81 72 27 52 7 78 48 25 96 67 91 75 3 57 29 55 76 30 54 100 87 15 84 13 42 18 95 88 8 90 53 62 34 35 12 60 89 99 16 14 98 79 58 61 5 19 9 24 68 31 37 4 69 71 65 64 97 80 23 43 47 21 74 70 6 86 93 82 28 85 49 73 66 45 94 20 83 59 32 63 56 44 1
