40 2020 100
20 20
20 40
20 60
20 80
20 100
20 120
20 140
20 160
20 180
20 200
20 220
20 240
20 260
20 280
20 300
20 320
20 340
20 360
20 380
20 400
20 420
20 440
20 460
20 480
20 500
20 520
20 540
20 560
20 580
20 600
20 620
20 640
20 660
20 680
20 700
20 720
20 740
20 760
20 780
20 800
20 820
20 840
20 860
20 880
20 900
20 920
20 940
20 960
20 980
20 1000
20 1020
20 1040
20 1060
20 1080
20 1100
20 1120
20 1140
20 1160
20 1180
20 1200
20 1220
20 1240
20 1260
20 1280
20 1300
20 1320
20 1340
20 1360
20 1380
20 1400
20 1420
20 1440
20 1460
20 1480
20 1500
20 1520
20 1540
20 1560
20 1580
20 1600
20 1620
20 1640
20 1660
20 1680
20 1700
20 1720
20 1740
20 1760
20 1780
20 1800
20 1820
20 1840
20 1860
20 1880
20 1900
20 1920
20 1940
20 1960
20 1980
20 2000
1 2 3 4 5 6 7 8 9 10 11 12 13 14 15 16 17 18 19 20 21 22 23 24 25 26 27 28 29 30 31 32 33 34 35 36 37 38 39 40 41 42 43 44 45 46 47 48 49 50 51 52 53 54 55 56 57 58 59 60 61 62 63 64 65 66 67 68 69 70 71 72 73 74 75 76 77 78 79 80 81 82 83 84 85 86 87 88 89 90 91 92 93 94 95 96 97 98 99 100
