2020 40 100
20 20
40 20
60 20
80 20
100 20
120 20
140 20
160 20
180 20
200 20
220 20
240 20
260 20
280 20
300 20
320 20
340 20
360 20
380 20
400 20
420 20
440 20
460 20
480 20
500 20
520 20
540 20
560 20
580 20
600 20
620 20
640 20
660 20
680 20
700 20
720 20
740 20
760 20
780 20
800 20
820 20
840 20
860 20
880 20
900 20
920 20
940 20
960 20
980 20
1000 20
1020 20
1040 20
1060 20
1080 20
1100 20
1120 20
1140 20
1160 20
1180 20
1200 20
1220 20
1240 20
1260 20
1280 20
1300 20
1320 20
1340 20
1360 20
1380 20
1400 20
1420 20
1440 20
1460 20
1480 20
1500 20
1520 20
1540 20
1560 20
1580 20
1600 20
1620 20
1640 20
1660 20
1680 20
1700 20
1720 20
1740 20
1760 20
1780 20
1800 20
1820 20
1840 20
1860 20
1880 20
1900 20
1920 20
1940 20
1960 20
1980 20
2000 20
100 99 98 97 96 95 94 93 92 91 90 89 88 87 86 85 84 83 82 81 80 79 78 77 76 75 74 73 72 71 70 69 68 67 66 65 64 63 62 61 60 59 58 57 56 55 54 53 52 51 50 49 48 47 46 45 44 43 42 41 40 39 38 37 36 35 34 33 32 31 30 29 28 27 26 25 24 23 22 21 20 19 18 17 16 15 14 13 12 11 10 9 8 7 6 5 4 3 2 1
