10000 10000 100
6435 9556
8407 6313
9678 8379
7725 9812
9548 6281
7399 9936
9864 5183
7342 9530
9628 8030
9168 5449
7121 8900
9371 8058
8457 8074
8451 7026
8155 8246
8665 9996
6986 9374
8328 6863
9885 8488
9766 8394
9669 6563
8664 6946
8120 8868
8033 8786
8494 9493
7644 8944
9198 8254
8084 9343
8589 9451
9347 5935
7552 9384
6444 9658
8850 7932
9906 6942
7996 9837
7843 7862
9451 7735
8793 8847
8316 7342
9406 8181
7829 7478
9085 6715
8930 7628
9658 6026
9623 6351
8184 9760
8680 7735
9171 6759
9280 9370
8916 7607
8879 7504
7587 8792
7927 9577
8910 7003
9494 7808
8297 6700
9449 9688
9363 9654
9683 6153
9449 7833
8181 9632
9847 9266
9204 5877
6945 9479
9808 4165
9891 7531
9441 6800
7252 8640
9703 7850
9101 6245
8641 8475
9019 8020
8958 6158
9617 6923
8440 7646
6856 8869
9482 7016
6737 9623
9237 8692
7759 9731
8786 7919
9351 5748
9019 5780
7968 9626
8662 7097
9819 7243
8967 6530
7448 8183
8762 9691
8605 6598
9852 8281
9208 6918
8718 7838
6874 9203
8163 9554
9458 5940
9808 9131
9159 6885
7926 9022
7694 9974
1 76 32 94 78 11 64 17 68 8 6 31 88 100 4 80 52 26 35 53 84 46 61 95 99 28 16 25 24 23 89 29 58 57 49 38 62 97 71 15 79 19 3 20 27 91 13 40 12 72 9 33 81 69 60 55 93 37 47 66 36 43 50 75 86 51 34 77 74 67 92 98 21 54 39 48 85 45 42 5 59 22 44 14 87 96 70 30 41 7 90 82 63 73 18 83 56 10 65 2
