10000 10000 100
6508 214
8081 2976
9856 2471
7785 1467
8977 1216
8697 993
7342 1637
9831 5082
8409 953
8462 2078
9490 1652
8699 922
7775 1121
9822 4409
8262 1977
9794 5237
9125 4372
7144 688
8184 1045
7728 300
9415 3840
9570 3733
7980 2169
8923 3168
9564 3335
9410 1986
7268 118
9745 341
8097 2207
8439 2180
9859 2437
8954 3188
7765 1622
7634 426
9449 4871
8386 3371
9759 5147
9402 3312
8200 1894
8747 4075
9375 3263
8377 930
7751 225
9882 745
8977 2028
9189 3710
7989 1379
9663 2920
8770 2752
9564 4537
9690 2154
9330 4303
9731 53
6800 287
9934 2524
8387 1257
8500 2911
8499 2999
9526 4821
9789 4192
9914 837
6597 35
8493 763
8818 3335
9238 4159
8060 1562
9998 4506
8532 2385
7651 429
9910 2869
8927 2611
8384 2210
7388 1065
8342 558
8478 1438
8044 2610
6918 564
8739 137
8854 539
9706 2956
8991 1377
8793 375
9460 173
7000 413
8066 2783
7478 1622
9419 1266
9898 1588
9848 3072
6975 596
8697 1834
8443 1177
8483 719
9863 72
9126 3000
9537 5186
9476 1420
8897 860
9676 1562
9208 3209
2 40 36 96 85 35 17 16 59 37 8 76 52 65 50 58 64 46 14 57 67 21 60 24 32 22 7 100 23 38 41 49 95 25 29 68 71 89 72 80 48 30 70 10 15 55 3 39 31 45 51 26 91 86 33 11 88 99 66 97 81 75 87 5 4 61 56 47 44 92 6 98 12 28 9 94 42 19 53 83 79 63 93 82 13 74 78 20 43 69 34 73 27 18 84 90 77 54 62 1
