44
0 1000000
65 999983
259 999906
471 999757
550 999699
646 999610
785 999475
873 999382
973 999245
1064 999026
1153 998789
1153 998784
1128 998755
1080 998700
981 998608
773 998459
654 998377
651 998375
571 998336
531 998327
500 998323
388 998318
15 998318
-208 998320
-379 998322
-422 998330
-512 998379
-683 998482
-728 998531
-823 998723
-866 998817
-903 998903
-916 999161
-916 999162
-909 999318
-886 999384
-860 999441
-818 999502
-747 999576
-520 999779
-483 999801
-261 999920
-76 999998
-1 1000000
