49
0 1000000
223 999983
242 999979
445 999913
479 999898
680 999698
769 999604
915 999441
1073 999240
1099 999195
1108 999172
1113 999008
1113 999007
1109 998906
1090 998806
1051 998718
954 998546
845 998374
760 998287
689 998234
673 998223
642 998204
455 998152
416 998147
37 998147
-97 998152
-259 998193
-312 998220
-400 998271
-600 998388
-608 998395
-766 998592
-780 998621
-839 998746
-859 998809
-860 998825
-860 999072
-838 999137
-776 999306
-769 999322
-706 999432
-579 999640
-522 999702
-521 999703
-430 999790
-314 999893
-303 999901
-108 999978
-1 1000000
