65
0 1000000
183 999998
401 999979
446 999972
506 999953
747 999856
843 999789
1022 999663
1035 999653
1252 999452
1306 999373
1327 999341
1366 999273
1384 999230
1403 999131
1408 999062
1408 998497
1376 998236
1371 998197
1356 998115
1327 998019
1231 997804
1082 997603
1027 997539
815 997308
666 997154
481 996988
476 996984
467 996979
342 996921
215 996871
152 996858
151 996858
126 996860
-12 996891
-110 996938
-313 997051
-512 997181
-543 997205
-568 997226
-728 997379
-980 997630
-1023 997676
-1160 997834
-1381 998093
-1473 998306
-1510 998392
-1534 998571
-1534 998572
-1521 998714
-1513 998767
-1493 998888
-1456 999013
-1447 999039
-1404 999140
-1402 999143
-1238 999376
-1099 999558
-1074 999580
-870 999747
-635 999918
-578 999958
-517 999984
-514 999985
-377 1000000
