58
0 1000000
106 999969
257 999906
388 999844
511 999738
590 999658
655 999584
785 999423
817 999380
821 999373
859 999290
896 999202
916 999111
917 999086
917 999085
916 999030
903 998932
873 998823
848 998737
841 998720
817 998667
792 998614
775 998579
635 998506
605 998493
466 998480
403 998476
282 998470
81 998470
63 998471
-19 998486
-157 998517
-161 998518
-184 998529
-253 998563
-303 998590
-306 998592
-423 998720
-512 998840
-536 998877
-553 998929
-585 999036
-621 999157
-621 999434
-596 999506
-544 999621
-523 999661
-494 999705
-485 999718
-406 999814
-385 999839
-368 999858
-296 999919
-277 999931
-264 999938
-251 999943
-130 999977
-1 1000000
