48
0 1000000
176 999947
187 999943
412 999830
632 999713
637 999710
920 999522
1153 999283
1274 999027
1295 998974
1302 998760
1303 998675
1303 998107
1292 998067
1219 997833
1130 997688
1107 997668
916 997504
623 997340
575 997315
356 997208
227 997159
61 997136
-189 997105
-190 997105
-330 997164
-353 997178
-502 997272
-750 997429
-971 997600
-1047 997679
-1190 997847
-1302 998018
-1315 998091
-1334 998292
-1335 998427
-1335 998428
-1323 998499
-1269 998798
-1202 998925
-1031 999217
-885 999426
-806 999514
-595 999737
-454 999886
-346 999981
-341 999984
-248 1000000
