996
0 1000000
7187 999999
7920 999989
13675 999903
16081 999832
18873 999683
25928 999281
28947 999069
31426 998860
38024 998257
44003 997706
45903 997505
49336 997139
51077 996947
54085 996602
59136 995959
65242 995104
72029 994135
72834 993996
77032 993261
83953 991973
86418 991511
92283 990397
96044 989606
99295 988897
101354 988428
107336 987035
114946 985208
119059 984216
122759 983299
124665 982818
130474 981334
133125 980656
135412 980062
139308 979013
141148 978506
144449 977569
147632 976661
152372 975208
152629 975125
154445 974526
157414 973537
162418 971774
163370 971407
171155 968328
171369 968243
172046 967969
173649 967293
174492 966937
175880 966348
182897 963356
183879 962935
191218 959741
197803 956874
201281 955339
201418 955277
206089 953161
207193 952658
208675 951981
210459 951136
212280 950268
217348 947847
222009 945552
229867 941643
231590 940774
235807 938584
238289 937295
244518 934055
252239 930005
253475 929356
260947 925211
261372 924974
266339 922168
267528 921492
274216 917659
280179 914233
284561 911672
289756 908594
294435 905726
301080 901645
308419 897119
309782 896240
317451 891186
318444 890530
319886 889547
320235 889308
321172 888664
324369 886391
325856 885321
328807 883179
328818 883171
329864 882406
335467 878239
342742 872825
349646 867618
350083 867287
356930 862053
364583 856112
365241 855591
372641 849630
378793 844565
383616 840546
384094 840143
384634 839686
386729 837903
390880 834349
398187 827770
404904 821715
405081 821555
405287 821368
411214 815752
418728 808525
426007 801418
430421 797079
437604 789949
442232 785346
442347 785229
442977 784580
443764 783768
447191 780194
448096 779235
451465 775606
452072 774947
454687 772089
456793 769768
456830 769727
461157 764908
463282 762534
470288 754693
472249 752480
476906 747185
478150 745732
478380 745463
484396 738418
487911 734266
494094 726926
499771 720117
502338 716977
506711 711604
509767 707803
514903 701396
516916 698848
519875 695074
523520 690393
526585 686415
531257 680252
536497 673329
541720 666407
546139 660540
546506 660048
551626 653001
555214 647992
559861 641468
564377 635067
566670 631722
571059 625295
574554 620173
578915 613776
583378 607179
586266 602902
586670 602301
590313 596836
590752 596175
593673 591758
594604 590325
595796 588436
595873 588313
596556 587213
597545 585607
597595 585524
599674 582067
601012 579788
602963 576451
607458 568599
608114 567450
610965 562441
611675 561174
615394 554516
618231 549431
622119 542290
624734 537458
628513 530398
628529 530367
630360 526716
634009 519206
634713 517747
638196 510261
639595 507243
640275 505776
643273 499213
645359 494480
647946 488560
648010 488409
650563 482206
650741 481757
653390 475044
654115 473122
656446 466776
659027 459739
661569 452634
663640 446838
665925 440189
666658 438018
668999 431082
670566 426151
671090 424394
671905 421628
673298 416873
673991 414258
675340 408996
676134 405877
676193 405616
676506 404175
677867 397519
678456 394458
678987 391663
679315 389840
679970 386039
680807 380956
681752 375099
682319 371525
683178 365939
683343 364846
684389 357683
685238 351760
685547 349488
686180 344785
686603 341628
686747 340547
686980 338752
687046 338171
687295 335979
687859 330932
688022 329397
688258 326838
688275 326645
688853 319632
689481 311833
689548 310942
689892 306089
690081 303214
690423 297503
690473 296344
690774 289128
690897 285367
691094 278944
691135 277416
691162 275257
691217 269213
691217 244288
691208 242510
691197 241132
691150 235487
691143 235164
691120 234158
691065 232501
691008 231122
690995 230975
690901 230050
690289 224201
690101 222446
689940 220946
689611 218095
689564 217691
689153 214317
688504 209287
688498 209244
687463 201848
687244 200310
686538 195527
685439 188308
684408 181893
683271 175177
683262 175125
682168 168934
682149 168831
681521 165442
681507 165367
681484 165256
680991 163019
679762 157689
679085 154874
677154 147058
675613 141090
674457 136627
674014 134997
672567 130244
670820 124649
669707 121129
669360 120084
666771 112427
665612 109092
664710 106545
661857 99097
659437 92830
658232 89843
657785 88740
654929 81955
653971 79688
653151 77757
653147 77748
653044 77517
651911 75010
650698 72365
649587 69987
646318 63196
645723 61968
645635 61789
642248 54987
638720 48340
638206 47385
634035 39640
633742 39105
631393 34826
629699 31813
627442 27832
626678 26493
626357 25931
624260 22275
620068 15086
616845 9851
613228 3992
612398 2649
609320 -2312
609216 -2479
607063 -5932
606882 -6218
605691 -8044
601402 -14598
601063 -15116
600000 -16729
597546 -20274
592696 -27265
589629 -31655
585725 -37120
581374 -42935
580357 -44287
579935 -44844
575842 -50191
575809 -50234
572308 -54775
567657 -60716
564531 -64651
560494 -69717
555012 -76546
554315 -77412
547977 -84911
545230 -88123
544469 -89000
542745 -90981
540828 -93149
537083 -97376
530187 -104991
529042 -106255
528923 -106386
523228 -112635
516327 -120177
515594 -120964
512698 -124047
511549 -125267
510526 -126348
509887 -127022
507111 -129927
505675 -131358
500293 -136699
494834 -142098
492929 -143977
488968 -147876
485990 -150799
484117 -152634
479530 -157058
475333 -161068
474872 -161487
471670 -164384
468317 -167349
462628 -172333
459441 -175110
458824 -175645
451595 -181886
449163 -183965
441432 -190432
434174 -196481
431827 -198437
430065 -199900
422198 -206412
421323 -207135
418942 -209096
414863 -212415
412374 -214440
405358 -220139
402269 -222640
397756 -226271
391526 -231252
387167 -234724
381631 -239109
376682 -242998
369183 -248860
363750 -253032
362579 -253929
362350 -254100
356780 -258229
351115 -262412
350845 -262611
348828 -264068
345209 -266677
341106 -269602
335676 -273435
334643 -274159
328724 -278255
328708 -278266
325605 -280376
324368 -281217
317031 -286186
311450 -289810
307608 -292187
303023 -295003
301909 -295682
297550 -298335
292549 -301376
292146 -301620
289552 -303187
289434 -303258
286670 -304897
279609 -308863
273768 -312083
271419 -313368
265378 -316653
260401 -319321
259910 -319583
253341 -323063
249850 -324905
244661 -327599
242480 -328705
235953 -332011
233880 -333057
228419 -335785
226627 -336656
220858 -339442
216267 -341643
210620 -344287
204489 -347155
203154 -347774
198667 -349837
196310 -350918
191367 -353091
183602 -356425
183031 -356649
182926 -356690
182763 -356753
177281 -358856
173160 -360419
169625 -361716
164448 -363523
158374 -365584
151141 -367940
143761 -370339
136002 -372800
131330 -374155
130932 -374268
130393 -374418
129819 -374571
129596 -374626
128135 -374984
122400 -376376
120287 -376880
118256 -377353
112151 -378612
105708 -379933
98663 -381376
91668 -382768
88625 -383358
87434 -383587
84804 -384080
81743 -384652
74878 -385918
71931 -386424
68488 -386998
67186 -387189
62185 -387905
58408 -388443
57023 -388620
55501 -388809
50408 -389419
46793 -389850
39755 -390679
32533 -391374
27465 -391735
27269 -391748
23881 -391971
23333 -391998
17924 -392255
14703 -392390
12036 -392485
11704 -392496
7848 -392607
679 -392725
-2388 -392747
-8803 -392780
-52523 -392780
-56612 -392704
-62278 -392581
-66456 -392460
-71065 -392302
-73018 -392231
-76801 -392035
-80508 -391829
-88311 -391389
-90269 -391256
-91321 -391183
-91645 -391158
-99377 -390505
-104121 -390070
-108444 -389649
-109561 -389531
-112839 -389174
-115280 -388895
-121965 -387846
-127144 -386980
-134685 -385707
-138108 -385118
-141960 -384433
-147718 -383348
-150792 -382741
-157709 -381315
-158330 -381185
-164917 -379454
-167651 -378731
-171260 -377760
-176919 -376209
-178810 -375687
-183879 -374248
-191006 -372199
-194330 -371238
-197845 -370206
-198162 -370107
-205421 -367836
-208847 -366745
-214708 -364871
-215397 -364648
-221893 -362495
-223265 -362032
-224083 -361751
-225923 -361118
-227186 -360676
-228238 -360301
-232029 -358912
-239471 -356131
-239652 -356061
-247475 -353011
-249330 -352277
-255595 -349710
-262772 -346633
-266377 -345070
-269082 -343886
-272849 -342230
-280303 -338949
-287636 -335678
-292299 -333583
-296030 -331905
-298448 -330808
-299359 -330385
-300867 -329656
-302323 -328937
-302888 -328655
-303495 -328334
-309074 -325344
-312917 -323246
-314312 -322474
-320661 -318896
-323456 -317319
-329843 -313705
-333464 -311565
-338370 -308664
-338609 -308521
-344663 -304784
-351429 -300565
-351950 -300239
-358047 -296370
-363812 -292688
-366286 -291097
-370063 -288647
-373430 -286396
-373623 -286266
-379885 -282025
-385530 -278163
-386093 -277774
-393739 -272439
-400991 -267354
-404371 -264983
-405650 -264075
-410299 -260746
-413252 -258593
-419698 -253734
-422094 -251917
-422347 -251724
-428258 -247186
-428582 -246935
-433893 -242726
-434666 -242105
-437906 -239478
-444027 -234470
-448450 -230804
-449519 -229908
-457344 -223165
-458708 -221958
-466506 -215045
-471263 -210791
-477618 -205095
-478525 -204270
-486163 -197281
-487766 -195801
-494961 -189147
-499334 -184978
-507211 -177420
-511376 -173414
-511911 -172896
-515092 -169803
-518733 -166231
-525018 -159957
-526192 -158782
-529595 -155340
-531264 -153644
-537406 -147401
-542289 -142424
-543207 -141481
-544641 -139998
-549858 -134581
-552816 -131496
-554487 -129712
-556276 -127755
-557427 -126484
-564212 -118955
-564729 -118376
-565865 -117077
-570207 -112110
-570687 -111559
-573161 -108686
-573198 -108643
-579074 -101732
-581066 -99375
-586005 -93507
-590902 -87641
-594106 -83700
-599165 -77385
-599663 -76762
-601978 -73851
-602557 -73121
-604676 -70429
-605149 -69817
-605510 -69347
-609451 -64154
-614630 -57294
-618541 -52088
-619674 -50560
-620781 -49017
-625166 -42884
-627015 -40219
-629433 -36726
-629881 -36063
-631262 -34002
-633525 -30573
-637630 -24341
-640964 -19266
-643522 -15357
-645783 -11840
-647730 -8805
-648809 -7107
-650373 -4564
-650745 -3951
-654737 2708
-659072 9985
-660929 13133
-664552 19386
-664693 19633
-664822 19863
-668650 26720
-669843 28876
-673950 36318
-675077 38367
-679004 45508
-680746 48677
-683705 54288
-685664 58003
-688895 64137
-691182 68546
-692935 71986
-695658 77356
-699088 84305
-701957 90146
-702918 92142
-703140 92611
-706667 100162
-709732 106879
-711133 109986
-713562 115485
-713853 116149
-715387 119680
-717428 124417
-719526 129532
-719633 129793
-720076 130906
-722841 137993
-724218 141576
-725465 145001
-728298 152805
-729934 157504
-730320 158689
-731687 163057
-732261 164932
-732677 166309
-733461 168978
-735240 175109
-736946 181158
-738921 188242
-740300 193218
-741633 198072
-743446 204877
-743570 205370
-744929 211036
-744983 211265
-745250 212416
-745464 213343
-746835 219491
-747221 221230
-747880 224255
-748392 226774
-749433 232145
-750430 237337
-751375 242289
-752270 247076
-753636 254419
-754041 256731
-754897 261696
-755042 262617
-755935 269087
-756759 275070
-757006 276914
-757409 281605
-757565 283470
-757977 289529
-758352 295608
-758387 296237
-758456 297855
-758734 305678
-758803 307891
-758889 315666
-758892 316043
-758892 316044
-758829 322114
-758768 327739
-758673 334423
-758655 335574
-758534 340625
-758523 340866
-758466 342077
-758171 345314
-757515 351211
-756670 358623
-755513 365261
-755289 366532
-755241 366803
-754858 368939
-753567 375900
-753317 377239
-752710 380473
-751221 388313
-750420 392185
-750028 394072
-748646 400307
-748474 400998
-746959 406919
-746240 409686
-746023 410516
-744262 416974
-742626 422633
-742035 424633
-740254 430603
-739765 432134
-739734 432231
-737351 439564
-736772 441258
-734475 447848
-733652 450121
-733469 450602
-732582 452930
-729935 459614
-729789 459981
-729058 461792
-727431 465709
-724866 471738
-724142 473423
-721599 479336
-721128 480411
-718019 487505
-717016 489787
-714278 495924
-713701 497194
-713252 498166
-711067 502873
-710274 504547
-710019 505085
-708090 508972
-706868 511395
-702874 519270
-700831 523144
-700655 523467
-697797 528646
-696464 531042
-692551 538061
-690278 541910
-687089 547152
-683570 552896
-681727 555893
-679476 559527
-674629 566888
-672496 570099
-671205 572037
-666258 579395
-663121 584024
-662261 585267
-661876 585818
-657864 591503
-655877 594296
-650418 601872
-647308 606051
-643857 610687
-640650 614886
-638377 617833
-632563 625340
-632078 625961
-630402 628084
-626329 633170
-625463 634245
-621053 639604
-619711 641225
-613780 648370
-613038 649257
-607750 655420
-600922 663291
-600275 664033
-594637 670496
-591750 673801
-587147 679041
-584757 681724
-578418 688817
-572187 695766
-568378 699933
-567434 700944
-560503 708321
-555020 714094
-552431 716817
-546675 722694
-542886 726559
-536551 732983
-531034 738501
-528421 741080
-526299 743155
-524016 745373
-523739 745642
-522221 747111
-519574 749647
-517132 751982
-517110 752003
-515179 753845
-514158 754803
-511450 757338
-511184 757587
-507394 761076
-503202 764929
-502149 765885
-499267 768478
-493724 773443
-486316 780054
-480430 785255
-472998 791806
-472391 792339
-469365 794946
-469012 795250
-466181 797687
-463121 800320
-462612 800755
-461146 801978
-459755 803132
-453260 808501
-449823 811341
-445291 815006
-441708 817885
-438856 820142
-432765 824852
-429373 827471
-429200 827603
-428794 827912
-428503 828133
-421636 833321
-416777 836938
-410976 841234
-407187 844035
-400213 849190
-397246 851381
-394025 853729
-386374 859263
-385169 860127
-383403 861392
-378071 865153
-372891 868792
-368240 871987
-361609 876530
-357291 879487
-353872 881822
-346413 886812
-344284 888227
-339283 891475
-334576 894435
-333761 894944
-327728 898705
-322317 902026
-314690 906642
-313917 907097
-306404 911503
-298632 916016
-295158 918019
-293027 919247
-290760 920550
-285705 923296
-280612 926038
-278517 927157
-277444 927727
-277313 927796
-270750 930981
-266385 933088
-259893 936147
-252044 939825
-247383 941963
-244536 943243
-238487 945955
-236031 947054
-229336 949993
-224261 952207
-218335 954748
-212955 957009
-209696 958344
-205141 960208
-199098 962674
-192019 965454
-188844 966683
-185724 967890
-180333 969946
-174316 972205
-172099 972999
-164907 975356
-163448 975821
-160263 976827
-156778 977919
-154469 978627
-151606 979503
-150079 979955
-147458 980690
-139957 982774
-135222 984070
-133763 984457
-127684 985760
-121540 987075
-117915 987832
-114760 988486
-114307 988575
-106718 989903
-101175 990860
-96479 991641
-90048 992660
-87934 992991
-82892 993778
-75426 994893
-70314 995642
-70292 995645
-64144 996406
-60735 996824
-60520 996850
-59797 996936
-53463 997673
-50460 998001
-46913 998299
-46349 998342
-41287 998727
-35168 999147
-34455 999195
-31830 999362
-30917 999419
-29317 999512
-26334 999670
-18832 999827
-16557 999871
-12778 999919
-11473 999935
-6745 999984
-4358 999994
-1 1000000
