957
0 1000000
4483 999978
11090 999935
17363 999880
18164 999867
22501 999761
24995 999698
30622 999503
34613 999318
41324 999002
44260 998821
47912 998556
49410 998413
56358 997718
60208 997331
62681 997034
69554 996184
72992 995601
75011 995245
81400 994104
82507 993904
82556 993894
83045 993793
83580 993682
89866 992351
91512 991988
99249 990280
106841 988593
108756 988161
113047 987182
116106 986443
121958 984964
127423 983527
129179 983054
129653 982921
129906 982850
133130 981917
138131 980427
138660 980263
140259 979758
142868 978931
143609 978687
151434 976065
156818 974244
158324 973651
161850 972258
165809 970666
168693 969495
171068 968522
178397 965497
178937 965274
179073 965217
182864 963621
185817 962364
188812 961083
191390 959940
197191 957359
204860 953657
212442 949910
218909 946485
226490 942431
233727 938547
236010 937310
240531 934816
247986 930702
252507 928195
252972 927927
257683 925202
260405 923623
266773 919878
269946 918010
272132 916719
279921 911965
286484 907948
290411 905543
295480 902376
297084 901373
303559 897324
306348 895500
313096 891033
315573 889391
321273 885558
326131 882271
326602 881952
326656 881915
329347 880047
335949 875410
337666 874200
342719 870632
345751 868463
349659 865602
352108 863792
354483 862020
361306 856908
366224 853209
373459 847753
377310 844839
379799 842944
387156 837335
394733 831393
399620 827546
406765 821893
409346 819814
411401 818151
417008 813556
419784 811271
423223 808436
431024 801999
436448 797480
436628 797329
444274 790830
451132 784985
453406 783022
457017 779808
464786 772878
468456 769555
474543 763955
477901 760826
478678 760092
479449 759362
481828 757102
482515 756447
488110 751063
490849 748397
492080 747164
492667 746571
500112 738865
504979 733823
507678 731004
511307 727212
515204 723109
518467 719634
520350 717628
521161 716759
523388 714365
526251 711283
530132 707041
536039 700565
537520 698922
539001 697272
540727 695335
541152 694853
545845 689522
548502 686483
550036 684708
556697 676906
559153 674019
564726 667398
568222 663225
574679 655417
575510 654380
581806 646483
587789 638945
589003 637414
594515 630421
598328 625502
598768 624921
602732 619610
607141 613651
607188 613587
607697 612891
608673 611542
612484 606255
616302 600930
617661 599021
619364 596491
621963 592567
624245 589050
625528 587050
629390 580981
633753 574065
636361 569744
638453 566175
642752 558809
646395 552560
650572 545358
652266 542423
653936 539484
656365 535131
656523 534838
657469 533083
659134 529974
661509 525520
665584 517671
667575 513823
668304 512412
669414 510263
673294 502746
676983 495593
678054 493516
679045 491565
679241 491178
682506 484344
686011 476721
689061 470050
691951 463493
695205 455652
696556 452186
697950 448499
698544 446896
701112 439811
701779 437961
704538 430269
704743 429643
705288 427959
705587 427024
707893 419449
708477 417524
709894 412835
711483 407400
711803 406287
713056 401669
715032 394368
715231 393581
715374 393014
716743 387460
717504 384355
719155 377222
719268 376690
720192 372093
720673 369603
721638 364164
722535 358523
722912 356125
723642 351222
723884 349183
724719 341650
725516 334403
725599 333333
725876 329656
726031 327139
726263 323346
726400 321078
726758 313655
727075 306701
727136 305360
727198 303187
727223 299200
727224 298488
727224 298487
727218 295966
727161 290151
727057 283496
726801 277893
726608 273831
726506 271820
726252 267339
726178 266206
725692 259305
725141 251517
724888 247965
724761 246305
724649 245014
724132 239592
723767 235794
723112 228998
722660 224517
722119 219794
721528 214683
721312 212878
720401 205514
720172 203819
719761 200931
718978 195569
718342 191254
717797 187883
716526 180038
715369 173938
714226 168728
713608 166065
711776 158206
711031 155039
710699 153688
708984 146847
707519 141173
705690 134275
703865 127487
701970 120474
700115 113811
699952 113244
699741 112528
698280 107588
697015 103382
696662 102211
695239 97526
693080 90559
692647 89192
692264 88027
691777 86583
690240 82212
690192 82081
688771 78299
688194 76770
685734 70297
683265 63827
683216 63703
681128 58710
678963 53574
678763 53107
676514 47861
673256 40284
672370 38265
671048 35286
667535 27389
667308 26880
665986 23941
665561 23002
663001 17469
661305 13830
660874 12908
657883 6933
655017 1366
653816 -947
650778 -6710
649440 -9165
645223 -16884
641544 -23564
640738 -25023
636552 -32594
633481 -38134
629436 -45096
627091 -49050
622878 -56087
619147 -62053
618473 -63116
614505 -69103
611882 -73049
607708 -79328
602395 -87225
600961 -89320
597090 -94953
594786 -98206
592257 -101733
592094 -101959
586509 -109630
583604 -113589
582792 -114682
579588 -118959
578811 -119989
576630 -122877
571167 -130087
568136 -134004
562383 -141409
560926 -143210
555241 -150214
553416 -152428
550193 -156330
550109 -156431
545849 -161418
544103 -163451
541514 -166452
539641 -168603
539502 -168762
538568 -169819
536000 -172716
535851 -172884
535600 -173165
528617 -180931
525966 -183800
524935 -184913
518623 -191632
516125 -194193
511978 -198375
509421 -200941
502331 -207974
497838 -212420
493217 -216967
486402 -223610
483277 -226598
475838 -233709
474332 -235148
466921 -242181
466655 -242430
464898 -244073
462235 -246512
455641 -252541
450050 -257613
442423 -264479
439664 -266929
436711 -269513
434028 -271849
430403 -274971
429666 -275605
423731 -280707
422638 -281609
416249 -286879
414526 -288271
414137 -288580
411792 -290441
408890 -292740
408559 -293001
407516 -293816
406722 -294433
400781 -298915
399494 -299879
398572 -300566
398433 -300669
391637 -305696
384969 -310487
377282 -315926
375816 -316961
371597 -319884
365946 -323645
362374 -325958
360501 -327162
357910 -328789
352117 -332424
350015 -333713
347764 -335088
345761 -336300
345508 -336453
342513 -338252
337522 -341217
333795 -343415
328679 -346416
325275 -348401
322454 -350006
315356 -353901
311687 -355892
306540 -358629
304915 -359467
303411 -360242
303011 -360443
302570 -360663
301579 -361154
299523 -362163
298183 -362782
290452 -366332
284170 -369163
281681 -370274
281602 -370309
277705 -372011
271589 -374672
269236 -375638
267266 -376415
266077 -376871
259590 -379308
258802 -379585
256383 -380432
256336 -380448
254040 -381215
249481 -382725
245340 -384074
238372 -386321
231581 -388455
229814 -389009
229087 -389235
221229 -391652
219542 -392158
212668 -394217
212019 -394407
210325 -394900
204598 -396552
197180 -398677
194993 -399302
188730 -401012
184933 -402002
184740 -402051
182461 -402609
177339 -403842
173036 -404861
167932 -405998
167213 -406157
163338 -406991
158974 -407926
156767 -408388
155042 -408744
153764 -408979
148932 -409834
147689 -410039
141175 -411058
136053 -411679
135736 -411706
135642 -411711
134165 -411787
134015 -411794
132997 -411829
127388 -411927
28972 -411927
21854 -411916
15445 -411762
15196 -411755
11889 -411646
4915 -411285
2290 -411149
515 -411041
-151 -410992
-5077 -410585
-10553 -409962
-10800 -409933
-17866 -409032
-21299 -408521
-27502 -407581
-35346 -406312
-38587 -405744
-39267 -405623
-39766 -405524
-41105 -405254
-42675 -404905
-45293 -404286
-47692 -403718
-51427 -402825
-56440 -401542
-57256 -401331
-60902 -400386
-68200 -398487
-73077 -397212
-73669 -397049
-77621 -395888
-84156 -393932
-91314 -391729
-91463 -391682
-94792 -390608
-97075 -389856
-98187 -389481
-98811 -389270
-106246 -386741
-106596 -386620
-109183 -385717
-112296 -384620
-113575 -384166
-119874 -381880
-126965 -379306
-129283 -378461
-136097 -375966
-143306 -373319
-145854 -372382
-150938 -370319
-152690 -369606
-153977 -369080
-155506 -368441
-157593 -367530
-161203 -365949
-165488 -364066
-171569 -361382
-176846 -359047
-181409 -357000
-189206 -353378
-193363 -351412
-194355 -350941
-198844 -348803
-204512 -346100
-206721 -345034
-212684 -342152
-215915 -340584
-217672 -339686
-220033 -338458
-222171 -337341
-224332 -336154
-227863 -334151
-230607 -332558
-233054 -331137
-240559 -326620
-247578 -322364
-254773 -317727
-260115 -314284
-260814 -313830
-262315 -312850
-269652 -308005
-272603 -306009
-275036 -304349
-278390 -301998
-282712 -298965
-290624 -293278
-293203 -291295
-297378 -287988
-304951 -281932
-306122 -280977
-311509 -276514
-313976 -274426
-316557 -272225
-318770 -270331
-318959 -270168
-321155 -268273
-324380 -265442
-328334 -261955
-329773 -260682
-329834 -260628
-333303 -257548
-334586 -256407
-337859 -253475
-339806 -251709
-346443 -245680
-350240 -242228
-354334 -238483
-355847 -237095
-360400 -232859
-361831 -231514
-366588 -227007
-367181 -226440
-369716 -223994
-370315 -223413
-373985 -219850
-374080 -219756
-374467 -219373
-379130 -214740
-385781 -208123
-392830 -201087
-399913 -194002
-403114 -190767
-403668 -190204
-410075 -183683
-410784 -182960
-415663 -177939
-419289 -174188
-424317 -168771
-426542 -166342
-432593 -159722
-436068 -155903
-440256 -151134
-445355 -145319
-450088 -139911
-455165 -134105
-461842 -126457
-463787 -124183
-469294 -117726
-474171 -111991
-474296 -111843
-480044 -105032
-486183 -97637
-487248 -96321
-488900 -94236
-492385 -89783
-497510 -83209
-498102 -82444
-502506 -76673
-505316 -72986
-506985 -70766
-508730 -68420
-512681 -63088
-518020 -55791
-518393 -55281
-522388 -49718
-523877 -47592
-528512 -40915
-530870 -37518
-532973 -34343
-536440 -29071
-539633 -24146
-542219 -20151
-543442 -18249
-548427 -10493
-553119 -3174
-555781 1009
-556824 2716
-560457 8663
-563601 13810
-563662 13910
-566183 18066
-568755 22357
-568816 22461
-570160 24794
-572862 29585
-576119 35695
-578643 40502
-578657 40529
-581203 45550
-583962 51039
-587119 57340
-588900 60996
-591815 67357
-593608 71270
-597036 78817
-597197 79176
-599860 85221
-601983 90064
-602542 91341
-602951 92286
-605754 98996
-608473 105536
-610565 110623
-611326 112518
-612326 115059
-614833 121601
-615406 123114
-616322 125571
-618483 131401
-620116 136166
-620540 137435
-621163 139396
-621560 140648
-623255 146661
-624047 149558
-626129 157293
-627148 161216
-627282 161745
-629161 169381
-629319 170086
-629954 172990
-631013 177855
-632254 183808
-632939 187212
-633371 189395
-633548 190293
-634111 193389
-634254 194276
-634309 194685
-634996 200045
-635579 204707
-635582 204732
-636454 212575
-637226 219580
-637678 224123
-637730 224676
-638347 231728
-638511 233617
-638814 237441
-639350 244978
-639713 250286
-639756 250971
-640100 257444
-640436 264333
-640531 266642
-640635 271045
-640657 272064
-640720 276028
-640736 277693
-640736 287312
-640721 289644
-640666 297348
-640664 297591
-640648 298550
-640493 306274
-640467 307449
-640256 312792
-640015 318615
-639786 323690
-639613 327306
-639291 333387
-639284 333517
-639270 333758
-638599 341610
-638436 343496
-637795 349891
-637049 357218
-637000 357679
-636700 360426
-636394 363187
-635649 369841
-634790 377101
-634081 382696
-633810 384792
-633527 386491
-633514 386568
-633354 387457
-632589 391644
-632400 392672
-632388 392737
-631497 397289
-630874 400331
-630351 402869
-629851 405236
-629332 407476
-628565 410738
-626924 417282
-626610 418531
-626357 419519
-626283 419804
-626106 420478
-625129 423837
-624222 426757
-623744 428266
-623459 429165
-622668 431599
-622127 433258
-621205 435973
-620468 438071
-619253 441450
-617528 446231
-615333 452264
-613723 456617
-612633 459524
-612428 460067
-610771 464402
-609642 467339
-609205 468468
-606196 476201
-603837 482191
-601116 489030
-600764 489889
-599782 492228
-596786 499145
-593412 506816
-593204 507287
-589798 514962
-586806 521557
-586307 522565
-584402 526362
-583943 527270
-580284 534398
-577126 540383
-575565 543315
-571800 550247
-569299 554755
-565454 561442
-562545 566418
-558166 573829
-557307 575280
-552788 582907
-552631 583171
-549412 588533
-548085 590699
-545046 595656
-540907 602345
-540314 603303
-535871 610417
-535097 611642
-532713 615365
-532597 615544
-532517 615667
-531634 617014
-528594 621651
-528101 622400
-527604 623150
-524125 628224
-521780 631587
-517057 638208
-511304 646089
-508999 649227
-508530 649863
-503927 656050
-502388 658077
-501659 659029
-496446 665823
-492780 670552
-488969 675412
-485474 679865
-483481 682339
-477608 689594
-475319 692419
-471776 696759
-466569 703101
-465404 704514
-458975 712277
-456172 715645
-455810 716078
-450969 721729
-448613 724478
-448368 724754
-444888 728655
-439009 735167
-433390 741348
-427902 747371
-424095 751461
-419330 756558
-415593 760464
-415570 760488
-413077 763064
-407506 768789
-402165 774266
-396732 779712
-394633 781806
-394252 782185
-389141 787232
-384949 791365
-378022 798114
-370238 805685
-366749 809062
-365469 810295
-363580 812111
-357891 817540
-354119 821135
-348396 826476
-346949 827802
-341167 833089
-336276 837513
-333037 840360
-326511 846061
-326464 846102
-324995 847364
-322620 849368
-319395 852079
-315476 855350
-307750 861727
-302941 865691
-299480 868512
-297897 869795
-294244 872741
-288920 877034
-281532 882913
-278713 885144
-276116 887184
-269789 892112
-269148 892600
-268326 893225
-266003 894974
-264532 896068
-263878 896549
-259017 900050
-251620 905201
-246030 909004
-239557 913402
-236085 915739
-233641 917370
-226230 922283
-224735 923239
-224673 923278
-219181 926663
-216849 928068
-211309 931241
-211199 931304
-203419 935751
-196255 939604
-188636 943589
-187441 944213
-184104 945925
-179184 948432
-178706 948673
-178410 948822
-176291 949879
-171439 952280
-170196 952893
-163790 956014
-157467 959008
-150624 962127
-148673 963006
-146028 964193
-141215 966336
-133377 969705
-131510 970505
-130878 970770
-125713 972908
-118364 975927
-114961 977279
-113822 977717
-109375 979425
-108890 979594
-107631 980025
-105757 980644
-102826 981609
-98072 983144
-95668 983891
-92280 984894
-89780 985633
-86113 986704
-79816 988454
-72727 990309
-68726 991343
-65565 992091
-59300 993573
-58389 993788
-56459 994147
-53586 994659
-51385 995050
-44978 996154
-39705 997042
-36436 997541
-30711 998334
-26831 998863
-25930 998967
-18595 999703
-16361 999798
-13614 999904
-12903 999926
-10276 999968
-6440 999987
-1 1000000
