963
0 1000000
2767 999961
4800 999927
4858 999926
8475 999863
14990 999631
16893 999536
23016 999213
25992 999032
33051 998508
35192 998338
35575 998303
35824 998277
42322 997594
43322 997483
45607 997220
50524 996600
54290 996091
59965 995313
60585 995224
66245 994371
67589 994156
70287 993711
71194 993557
78671 992277
86162 990911
92862 989674
99646 988373
101273 988049
101808 987941
101909 987920
103561 987571
107414 986756
107843 986664
108282 986554
113494 985207
119627 983583
122359 982858
127148 981541
130967 980484
136462 978907
142637 977104
146106 976081
147302 975718
151662 974375
154643 973456
161037 971449
167060 969484
172442 967691
172806 967568
177319 966036
179568 965262
186751 962758
188232 962237
190559 961371
192354 960683
199359 957921
201878 956878
208959 953919
210901 953104
214255 951659
216103 950860
218569 949781
223680 947524
225521 946704
230400 944529
234392 942734
240469 939912
245939 937253
251906 934326
252655 933950
255489 932509
257191 931636
263666 928280
271161 924273
274138 922630
276557 921272
280229 919081
286542 915244
291799 912046
298241 908067
300968 906302
302338 905395
303318 904736
303453 904645
310888 899362
312201 898425
316708 895183
318537 893831
322530 890847
329263 885619
334547 881468
337270 879286
340000 877073
345121 872824
348492 869970
351347 867536
358564 861210
363734 856613
370645 850453
371612 849570
373957 847399
375287 846158
377315 844251
384211 837756
390404 831892
397759 824876
400983 821783
407948 815057
409881 813183
415651 807582
417548 805729
420201 803089
422683 800598
423138 800140
430120 792997
435319 787664
441296 781503
443929 778766
444041 778649
448796 773647
454553 767570
461703 759981
464042 757476
469995 750939
476306 743895
481222 738404
483917 735370
486744 732179
487391 731439
491445 726782
497215 720143
503714 712595
505173 710892
510903 704173
514376 700046
517113 696747
523197 689386
528421 683055
534182 676060
538047 671319
542490 665828
547787 659193
550176 656191
552035 653846
558036 646249
559424 644482
561951 641244
566362 635587
566937 634846
571969 628287
574354 625169
578194 620086
578686 619433
580872 616528
586418 609109
590605 603487
595382 597012
595911 596287
596791 595078
597375 594273
601826 588117
602703 586887
608077 579178
609541 577071
610022 576370
613237 571574
613988 570402
618502 563349
618651 563112
619427 561861
620293 560460
624536 553500
628221 547453
629699 545006
629757 544909
631544 541916
631687 541676
635498 534908
638527 529477
642404 522441
645925 515964
647551 512915
648092 511839
651345 505276
653992 499661
655166 497166
656403 494466
657066 492976
660373 485381
660592 484863
662178 481060
662891 479344
664191 476171
664814 474598
665547 472722
665665 472419
666481 470308
668928 463401
670641 458426
673096 451105
675008 445184
676055 441742
678179 434573
679042 431645
680021 428256
680600 426016
681523 422231
683290 414963
683844 412650
684281 410742
685849 403737
687567 396046
688555 391585
689088 388980
689509 386908
689619 386355
690208 383319
691049 378976
691877 374151
692904 367949
693937 361605
695127 354078
695224 353360
695348 352307
695578 349786
695919 345956
696302 341491
696876 334474
697196 330237
697585 323505
697641 322508
697856 318031
698029 314254
698262 306681
698422 301208
698511 297423
698542 295861
698612 290752
698631 288856
698631 288855
698500 284100
698291 277761
697998 270672
697700 264259
697352 256916
697245 254721
696843 247322
696471 241125
696365 239514
695878 233050
695317 226299
694614 218939
694011 212827
693972 212456
692986 205623
692649 203292
692185 200163
691065 192892
690088 186568
689445 182530
688298 175879
688164 175128
687400 171041
686231 164796
685911 163183
685370 160501
685354 160430
684591 157053
683933 154304
683790 153729
683428 152322
681415 145174
681303 144781
680491 142078
679902 140264
679110 137841
678436 135962
678098 135057
678012 134832
675507 128360
673758 124039
671623 118806
670840 116912
670612 116367
668714 111860
667081 108081
665472 104427
663905 100880
661872 96310
658834 89713
655970 83598
654747 81044
651164 73593
650379 71984
646831 64733
643134 57288
639722 50771
639619 50577
636934 45578
633482 39287
632619 37720
632338 37212
628509 30297
624516 23096
621901 18723
618184 12559
616894 10430
614616 6761
614458 6508
611563 2012
609025 -1929
605366 -7599
600624 -14854
595916 -21987
591579 -28474
591231 -28991
589342 -31769
586417 -36060
581309 -43513
581132 -43770
575965 -51160
575274 -52145
570951 -58246
567638 -62896
567335 -63297
561930 -70445
561154 -71468
557641 -75973
556442 -77498
556427 -77517
554828 -79520
550488 -84923
545831 -90706
539737 -98261
537890 -100546
531946 -107777
526440 -114316
522628 -118805
517525 -124782
513709 -129161
509785 -133596
509175 -134283
507447 -136208
504357 -139645
497467 -147304
497343 -147441
491788 -153374
490247 -155008
487783 -157601
485496 -159989
478101 -167697
471174 -174857
465199 -180983
460716 -185577
458881 -187455
451490 -194988
451155 -195320
445876 -200388
445503 -200744
443499 -202653
438516 -207392
434750 -210963
431447 -214073
430460 -215002
425306 -219761
425259 -219804
424130 -220812
421993 -222708
418352 -225918
413467 -230219
407614 -235363
404091 -238446
398842 -243032
394839 -246426
390444 -250120
384266 -255255
384213 -255299
377193 -261106
369936 -267077
366219 -270123
363214 -272579
360972 -274410
360401 -274861
352908 -280651
352641 -280857
348506 -284041
348165 -284300
345852 -286047
338411 -291638
337420 -292372
331562 -296707
325789 -300963
318584 -306180
315189 -308621
313430 -309883
307003 -314483
306586 -314779
302096 -317918
296007 -322109
288836 -326960
285063 -329509
278366 -334006
271791 -338407
269757 -339738
267861 -340973
263863 -343464
262280 -344430
259156 -346309
255487 -348500
255390 -348557
253781 -349502
247951 -352913
244956 -354641
243871 -355259
236518 -359431
229433 -363445
223795 -366608
223324 -366870
221927 -367634
220500 -368408
218388 -369535
213395 -372122
212071 -372789
207018 -375323
203789 -376912
198544 -379434
198323 -379539
192300 -382388
191431 -382786
184356 -385808
180913 -387273
175973 -389372
172712 -390732
170677 -391580
167266 -392982
160433 -395766
153544 -398531
149475 -400163
145069 -401836
139379 -403943
132622 -406310
131243 -406774
129243 -407445
128674 -407635
125141 -408707
121432 -409828
113979 -412075
108667 -413574
106914 -414060
103779 -414922
102082 -415388
98112 -416449
96328 -416920
89155 -418616
83616 -419912
81681 -420331
74437 -421882
74100 -421954
72344 -422309
70325 -422713
66872 -423371
62257 -424240
54934 -425571
51595 -426155
47019 -426924
40693 -427935
36622 -428569
33042 -429126
26052 -429917
22522 -430296
19746 -430593
12145 -431359
10691 -431488
4688 -431940
-1867 -432418
-2042 -432430
-9587 -432734
-11740 -432809
-12183 -432817
-18662 -432859
-18663 -432859
-22261 -432804
-27855 -432561
-32978 -432227
-39817 -431755
-47374 -431204
-51173 -430893
-57020 -430379
-57235 -430360
-57800 -430302
-58775 -430201
-65628 -429344
-66486 -429231
-72500 -428418
-79888 -427401
-86303 -426393
-93036 -425332
-94613 -425074
-95242 -424968
-102177 -423799
-108355 -422734
-115064 -421562
-115711 -421441
-118836 -420854
-125026 -419671
-132073 -418263
-137380 -417166
-143255 -415917
-148110 -414739
-151919 -413811
-154440 -413195
-155975 -412819
-162722 -411110
-169419 -409392
-169964 -409249
-171420 -408816
-172044 -408629
-172477 -408499
-172976 -408343
-177447 -406936
-184810 -404499
-186257 -403985
-192958 -401570
-194006 -401183
-197727 -399724
-200617 -398583
-202897 -397664
-203880 -397263
-207616 -395696
-208350 -395387
-213659 -393136
-214976 -392576
-216809 -391771
-217079 -391652
-222086 -389385
-227109 -387093
-230416 -385576
-237400 -382305
-243090 -379632
-246436 -378045
-248849 -376896
-255842 -373510
-261901 -370563
-268572 -367309
-269161 -367009
-269551 -366810
-274982 -364033
-280355 -361277
-287479 -357574
-292848 -354778
-294569 -353867
-301932 -349893
-308633 -346195
-312690 -343918
-314113 -343101
-315502 -342277
-321884 -338490
-325247 -336463
-332588 -331791
-338909 -327737
-339978 -327048
-340383 -326779
-343126 -324932
-349041 -320936
-351134 -319463
-356835 -315381
-359969 -313116
-360262 -312900
-364833 -309492
-368522 -306735
-376029 -301111
-378155 -299500
-381698 -296804
-387960 -292033
-388185 -291861
-393492 -287779
-395637 -286106
-402218 -280969
-406172 -277806
-413682 -271775
-414543 -271080
-415904 -269969
-421515 -265194
-427553 -260047
-428944 -258856
-436502 -252337
-438360 -250732
-444529 -245375
-452115 -238762
-452224 -238666
-455483 -235781
-458342 -233115
-463861 -227950
-469382 -222778
-470839 -221412
-477635 -214923
-478201 -214382
-480626 -212040
-486202 -206605
-486599 -206217
-487704 -205135
-488511 -204339
-490858 -202016
-492539 -200341
-496236 -196628
-501378 -191455
-502421 -190392
-503612 -189151
-503775 -188981
-506187 -186454
-512992 -179303
-514337 -177886
-519567 -172317
-520002 -171845
-520469 -171338
-520965 -170799
-524312 -167081
-527468 -163542
-533737 -156345
-535125 -154718
-537043 -152451
-541494 -147133
-547331 -140155
-551047 -135702
-556999 -128513
-558159 -127094
-562271 -121971
-566301 -116842
-569212 -113130
-569679 -112527
-570996 -110779
-576460 -103508
-577268 -102419
-577611 -101954
-577735 -101785
-578919 -100138
-584214 -92756
-588025 -87439
-590619 -83818
-593008 -80467
-593642 -79552
-594138 -78821
-598595 -72133
-599288 -71084
-600023 -69967
-602386 -66320
-603060 -65279
-604112 -63648
-604731 -62674
-606787 -59395
-608909 -55990
-612426 -50344
-613984 -47781
-616061 -44343
-618335 -40550
-622818 -33046
-623236 -32335
-623430 -32004
-625187 -28911
-625400 -28534
-629078 -21981
-632447 -15742
-635518 -9955
-636477 -8130
-638718 -3859
-639257 -2831
-643001 4430
-645844 10085
-648618 15926
-651466 22017
-654980 29596
-655527 30796
-658963 38409
-662174 45618
-664812 51693
-665362 52976
-666081 54672
-668390 60158
-668851 61285
-669906 63919
-671767 68613
-674732 76116
-676631 81163
-676933 81990
-678499 86293
-678576 86514
-679291 88622
-679916 90621
-681829 96940
-682844 100534
-684066 106051
-685521 112929
-686986 119881
-687018 120038
-688166 125775
-689221 131884
-689700 134697
-689710 134756
-689744 134961
-689809 135354
-690501 139577
-691340 144745
-692017 149632
-692170 150858
-692455 153152
-693362 160459
-694123 166648
-694666 171068
-695199 175856
-695275 176707
-695622 180786
-696155 187249
-696628 194155
-697113 201489
-697144 202009
-697283 204399
-697512 208882
-697728 213209
-698035 220128
-698040 220279
-698045 226048
-698045 365735
-698044 366401
-698043 367055
-697803 373558
-697760 374615
-697678 376226
-697435 380904
-697208 385156
-696700 392353
-696091 399440
-695982 400700
-695484 406185
-694981 411697
-694574 415790
-694466 416863
-694193 419496
-693434 426803
-692716 433288
-692327 436398
-692223 437203
-691583 441576
-690498 448564
-690378 449325
-689907 452273
-689313 455652
-688766 458647
-688569 459712
-688399 460611
-688167 461746
-687976 462665
-687409 465376
-687026 467121
-685621 473113
-685616 473134
-684924 475833
-683635 480832
-681837 487525
-680494 492380
-678417 499590
-677564 502545
-675600 509200
-674901 511403
-674740 511890
-672803 517498
-672558 518167
-672389 518597
-671652 520417
-668735 527548
-665638 535013
-664146 538448
-663013 541040
-663006 541056
-659785 548379
-657702 553088
-657493 553560
-654420 560391
-652087 565549
-651015 567842
-649378 571320
-645669 578920
-642086 586214
-640293 589828
-639554 591309
-638389 593617
-634626 600937
-632903 604271
-630310 609221
-628917 611870
-628825 612043
-626576 616168
-622580 623361
-622339 623793
-621056 626088
-620808 626531
-616779 633519
-616109 634646
-616032 634775
-612345 640707
-607556 648349
-604748 652608
-603669 654224
-598479 661843
-596283 665058
-593396 669246
-593237 669475
-592525 670474
-588578 675998
-585974 679639
-585966 679650
-583190 683453
-579692 687916
-575175 693634
-573262 695994
-567360 703173
-565156 705824
-562689 708750
-556643 715853
-553562 719443
-549642 723962
-543833 730646
-540228 734772
-534569 741244
-530437 745931
-523634 753562
-521235 756252
-517120 760746
-512952 765275
-511986 766312
-505433 773261
-504536 774199
-504163 774588
-502398 776424
-495044 784063
-487968 791350
-486394 792923
-482580 796686
-475423 803667
-472317 806656
-469288 809541
-467417 811306
-467223 811485
-461344 816890
-461307 816924
-454863 822803
-452650 824750
-446121 830461
-439842 835944
-434889 840235
-433726 841241
-430045 844408
-427057 846953
-420945 852154
-420683 852375
-420602 852442
-416735 855636
-411926 859544
-411345 860015
-407770 862913
-407723 862951
-405567 864688
-398129 870637
-397218 871355
-396415 871985
-392653 874888
-387625 878721
-385724 880157
-385415 880386
-379806 884536
-375435 887754
-372754 889666
-370126 891509
-365215 894904
-365096 894985
-363790 895872
-363326 896185
-357694 899964
-355233 901577
-348002 906263
-344869 908270
-338542 912219
-333179 915560
-332319 916089
-329202 917990
-329105 918049
-326604 919550
-322964 921733
-318815 924165
-313762 927065
-312209 927956
-309457 929509
-303024 933096
-299323 935112
-291951 939061
-291253 939430
-288686 940721
-281719 944200
-279317 945341
-274824 947447
-269170 950088
-265579 951763
-260396 954167
-255610 956374
-252888 957629
-252794 957672
-252310 957889
-245984 960670
-241396 962679
-241031 962833
-237572 964292
-235911 964979
-235219 965260
-233240 966060
-227419 968334
-222060 970337
-214755 972949
-212154 973785
-211531 973980
-204887 976053
-204832 976070
-197461 978346
-195504 978946
-195255 979022
-194755 979173
-187076 981424
-179696 983501
-179009 983692
-173016 985261
-171565 985617
-164269 987404
-159063 988667
-157526 989033
-157242 989096
-152454 990121
-149842 990666
-146229 991379
-140765 992364
-140202 992458
-133906 993435
-130974 993882
-123935 994847
-123298 994932
-116426 995793
-111618 996344
-108709 996654
-102483 997305
-98584 997709
-94803 998057
-90906 998412
-88163 998649
-84352 998942
-78583 999295
-77943 999328
-76452 999378
-68764 999621
-61716 999782
-55014 999927
-53857 999951
-53526 999957
-52617 999965
-49731 999990
-47398 1000000
