945
0 1000000
3047 999984
9492 999945
11813 999928
13850 999911
20809 999741
25128 999627
26565 999587
30602 999453
38347 999139
40697 999038
41017 999015
46886 998575
54695 997854
60576 997293
62159 997115
68284 996344
76241 995337
83406 994399
84797 994215
88555 993616
95163 992555
97005 992218
97692 992091
104627 990765
109523 989780
116466 988263
122925 986813
127588 985723
133677 984245
138866 982971
143245 981881
146022 981172
146569 981024
147152 980861
155110 978624
161411 976670
162864 976197
168778 974194
169241 974032
169516 973934
175737 971709
179027 970506
183462 968828
190431 966151
192478 965360
196379 963807
197888 963203
199331 962622
203082 961084
204186 960623
204359 960548
210846 957705
213687 956444
214088 956266
214600 956035
220116 953530
226213 950724
227238 950248
229601 949149
237351 945292
245088 941366
245385 941211
247472 940117
247575 940063
254938 936061
262871 931697
269718 927910
271511 926918
277043 923845
281624 921246
282571 920702
290372 916108
291627 915359
293732 914092
295021 913315
296052 912673
298060 911410
306074 906143
311068 902850
313939 900866
315388 899859
315441 899822
316916 898789
323942 893862
325884 892495
331513 888507
332394 887861
334389 886368
339521 882479
344833 878348
347270 876419
352033 872595
353396 871499
359151 866852
362193 864349
363952 862900
367190 860015
374048 853830
375076 852895
378858 849402
380395 847976
384102 844466
385072 843527
388407 840293
394903 833952
396144 832732
400723 828211
407065 821948
410252 818797
417409 811671
418334 810737
420889 808151
426533 802404
434139 794639
434248 794527
439150 789420
445241 782990
446170 781979
446219 781924
447968 779951
451768 775608
458544 767689
465334 759710
467411 757234
469486 754751
475733 747234
477330 745311
479204 743028
480085 741925
485942 734484
486407 733892
490098 729188
495280 722579
498911 717947
501703 714366
506997 707547
508552 705544
512631 700221
517096 694383
518113 693029
520497 689798
521874 687924
524295 684433
528194 678785
533406 671210
535875 667609
538184 664154
541617 658958
543930 655408
546931 650795
548581 648252
549978 646087
550195 645747
552073 642796
556250 636055
559162 631338
559894 630137
562659 625515
564298 622724
565125 621294
567895 616503
568003 616316
569831 613089
572117 608974
572378 608502
574250 605095
574841 603960
576730 600320
580849 592314
582218 589623
585740 582658
588804 576545
591041 571957
594732 564378
597476 558637
598899 555517
601333 550072
601453 549801
604830 542089
607935 534987
610731 528566
613854 521361
615455 517587
615655 517106
618084 511070
621227 503159
623884 496382
624863 493736
626194 490109
626858 488270
628441 483875
628806 482858
631391 475490
631891 474063
633258 470156
634808 465719
635242 464474
637803 457056
638867 453833
639688 451306
641008 447213
643335 439851
644550 435863
645361 433023
645758 431616
647817 423980
649523 417593
649575 417394
651338 409874
652145 406080
652998 401882
654201 395940
655586 388841
656071 386140
657089 380311
658020 374348
658867 368829
659537 364226
659570 363994
659865 361790
660218 359121
660889 353616
661430 349073
661813 345836
662678 337922
663430 330913
663764 327336
663816 326683
664303 319119
664480 316309
664877 309926
664878 309907
664974 307676
665175 302601
665312 298214
665312 298213
665311 296075
665309 295740
665141 288739
665023 284536
665008 284067
664871 279816
664612 271785
664571 271057
664479 269544
664097 263633
664055 262998
663961 261601
663824 259823
663687 258112
663340 253918
662707 247083
662488 244777
662115 240959
662113 240940
662035 240305
661701 237756
660678 230110
660451 228486
659483 221703
658988 218395
657874 211070
657442 208455
656911 205481
655758 199063
655337 196724
655235 196203
654636 193153
654321 191552
653117 185667
652864 184485
652555 183058
652032 180742
650525 174202
649242 168645
648933 167353
647446 161230
646857 158829
645561 153704
643664 146215
643609 146004
643605 145989
641578 138551
640761 135643
638618 128153
637405 124196
635322 117638
633313 111350
632877 110059
630354 102695
630202 102256
630002 101685
628471 97665
626202 91886
623441 84950
620438 77499
619000 73960
617299 69782
614554 63349
614206 62538
613169 60127
610380 53794
609317 51405
605790 43509
603314 38092
599819 30833
596631 24280
593428 17770
589602 10077
586782 4456
585409 1734
582092 -4801
579441 -9974
576613 -15221
572988 -21910
569588 -27967
565117 -35730
564804 -36257
564629 -36548
563253 -38833
562989 -39252
560422 -43286
556096 -49729
552477 -55072
549602 -59306
546805 -63293
541247 -71010
537138 -76711
534593 -80203
529650 -86947
528611 -88364
528543 -88455
525688 -92251
523923 -94567
523018 -95751
521225 -98096
515334 -105696
512273 -109605
510159 -112288
508854 -113927
508627 -114210
506128 -117286
504969 -118710
499468 -125454
493312 -132977
492212 -134280
486295 -141213
484304 -143537
482907 -145160
478230 -150591
474773 -154466
473345 -155977
467533 -162066
463796 -165967
456604 -173412
455874 -174165
454073 -175978
448936 -181085
447789 -182205
445171 -184744
442379 -187435
436520 -192960
430261 -198844
422700 -205905
420847 -207590
419041 -209229
416586 -211455
408767 -218487
407220 -219877
403758 -222942
401368 -225043
395828 -229894
395424 -230245
389525 -235361
383544 -240533
377217 -245974
374569 -248229
367316 -254306
364827 -256387
360961 -259614
359310 -260982
355215 -264331
347254 -270840
346173 -271704
342968 -274256
340491 -276213
332607 -282428
325850 -287711
321868 -290772
314336 -296551
308639 -300842
304910 -303627
297155 -309416
294917 -311079
292432 -312890
288549 -315663
280534 -321237
272859 -326303
272030 -326831
265405 -331028
264918 -331328
257054 -336069
251326 -339458
250312 -340045
245883 -342603
244200 -343574
243550 -343943
242951 -344277
237449 -347344
232347 -350155
226550 -353330
218659 -357494
216302 -358723
212448 -360706
210819 -361523
210322 -361772
210107 -361879
202278 -365319
198854 -366766
198331 -366987
197769 -367208
191376 -369706
188413 -370827
185911 -371722
182870 -372795
181053 -373428
173961 -375869
173929 -375880
171382 -376749
169521 -377363
167562 -377964
163956 -379061
160201 -380140
153663 -381937
150153 -382898
149427 -383095
144008 -384501
140141 -385492
133888 -387079
129819 -388107
127255 -388714
119395 -390557
113868 -391833
108103 -393126
102358 -394403
102344 -394406
101692 -394543
99275 -395048
98002 -395311
96017 -395697
94560 -395963
88983 -396949
81264 -398204
76991 -398895
76808 -398923
69349 -400006
62838 -400813
58270 -401326
56659 -401486
50685 -402045
44687 -402592
44050 -402629
43998 -402632
43475 -402662
43396 -402665
38689 -402811
38654 -402812
36187 -402882
28198 -403070
22316 -403135
16057 -403173
-38338 -403173
-38939 -403169
-41380 -403147
-46427 -403089
-47794 -403066
-50857 -402995
-54113 -402872
-54600 -402852
-59681 -402625
-60247 -402596
-67458 -402187
-69917 -402030
-72358 -401859
-77960 -401464
-82657 -400966
-89772 -400209
-95041 -399621
-97198 -399355
-97800 -399270
-100569 -398870
-101584 -398721
-108584 -397582
-113485 -396752
-119173 -395721
-121499 -395284
-122752 -395035
-123738 -394836
-126188 -394335
-130115 -393452
-132214 -392977
-133756 -392622
-136049 -392077
-138045 -391580
-142127 -390551
-146083 -389518
-151044 -388182
-158168 -386237
-164325 -384511
-171370 -382300
-178415 -380081
-183261 -378424
-187010 -377132
-188145 -376736
-189526 -376247
-194974 -374316
-197213 -373519
-201811 -371860
-206810 -370055
-209428 -369106
-213694 -367473
-220485 -364816
-226914 -362295
-230355 -360923
-231167 -360598
-231492 -360462
-235697 -358695
-235929 -358596
-238146 -357646
-245950 -354299
-251473 -351918
-251893 -351719
-253857 -350780
-260979 -347241
-262091 -346688
-268489 -343353
-272028 -341479
-278379 -338084
-285056 -334490
-287799 -332985
-290696 -331380
-297590 -327551
-298965 -326778
-302558 -324753
-306349 -322602
-308971 -321103
-312359 -319100
-312702 -318895
-316058 -316878
-319869 -314578
-322986 -312689
-323923 -312117
-330210 -308204
-332167 -306981
-336999 -303922
-337532 -303579
-340131 -301903
-345890 -298066
-351649 -294080
-358522 -289279
-364599 -284841
-370014 -280837
-377458 -275218
-384162 -270077
-391633 -264126
-397656 -259328
-401116 -256409
-404009 -253965
-404081 -253904
-407530 -250974
-413853 -245602
-417587 -242425
-422348 -238343
-429399 -232246
-430488 -231285
-431333 -230529
-431682 -230214
-434454 -227705
-440917 -221688
-442699 -220025
-450053 -213100
-456542 -206976
-463203 -200622
-464790 -199108
-466723 -197242
-467815 -196173
-468443 -195558
-471910 -192152
-473904 -190175
-475682 -188408
-481696 -182409
-484192 -179884
-490823 -173086
-491739 -172139
-494889 -168852
-495340 -168374
-500117 -163213
-506010 -156830
-509005 -153524
-514628 -147307
-517125 -144543
-519994 -141362
-522773 -138278
-526290 -134329
-529616 -130572
-535158 -124307
-536350 -122958
-537009 -122199
-539218 -119644
-540094 -118623
-546815 -110715
-549037 -108100
-553398 -102909
-554809 -101216
-554838 -101181
-559531 -95446
-561188 -93412
-565057 -88597
-567198 -85900
-572506 -79067
-573741 -77456
-576634 -73676
-578422 -71301
-582818 -65342
-586413 -60458
-591651 -53197
-592366 -52195
-594542 -49112
-597714 -44545
-601718 -38624
-605103 -33603
-605962 -32250
-608306 -28495
-610347 -25081
-612502 -21475
-613327 -20076
-613887 -19105
-617477 -12832
-621323 -6069
-624946 339
-626448 3148
-628819 7601
-633078 15643
-634291 17940
-637944 25006
-640357 29763
-640449 29946
-642676 34457
-643113 35353
-644362 37946
-644656 38559
-647711 44945
-648769 47168
-649428 48557
-649747 49230
-650260 50330
-650856 51617
-651002 51936
-654258 59161
-657744 66926
-661166 74893
-662590 78360
-663901 81605
-667134 89624
-668929 94255
-671697 101422
-674392 108535
-674753 109498
-676857 115123
-678800 120473
-680521 125280
-682790 131874
-682952 132347
-685599 140247
-687091 144714
-687843 147311
-688010 147910
-689471 153257
-690078 155755
-690265 156545
-691453 161566
-691458 161588
-691494 161749
-691518 161862
-692619 167266
-692823 168353
-693925 174228
-694820 179076
-696112 186227
-697095 192396
-697518 195199
-697609 195833
-697610 195840
-698387 201470
-698751 204219
-698947 205828
-699800 212935
-700075 215607
-700658 221752
-701209 228211
-701213 228262
-701233 228539
-701612 235543
-701786 238908
-701796 239221
-701829 246791
-701833 247710
-701833 329092
-701817 333251
-701777 338548
-701769 339521
-701716 344217
-701703 345234
-701673 346477
-701668 346630
-701499 350765
-701084 357688
-700955 359790
-700356 367783
-700117 370946
-699900 373056
-699451 377395
-699155 380072
-699142 380183
-698403 386331
-697611 391642
-696562 398317
-695850 402674
-695674 403737
-694403 410786
-693751 414263
-692714 419532
-692095 422591
-691391 425796
-691094 427027
-690454 429676
-688581 437142
-687657 440641
-685600 447960
-685521 448238
-683594 454385
-682371 458276
-680098 465169
-679494 466992
-679186 467915
-678923 468655
-677896 471520
-677045 473887
-675073 479070
-674453 480627
-671190 488358
-670149 490751
-667619 496410
-664456 503417
-663555 505407
-663422 505700
-661515 509807
-658428 516312
-655440 522355
-652037 529170
-648095 536951
-648026 537085
-645120 542676
-642659 547410
-642190 548305
-640413 551680
-636297 559487
-632994 565696
-631820 567891
-631466 568546
-628975 573029
-628389 574078
-624714 580652
-624331 581329
-621642 585952
-618133 591979
-616144 595310
-613015 600550
-612065 602109
-609936 605496
-605963 611781
-601174 619343
-601155 619373
-600882 619798
-596986 625859
-592915 632038
-590883 635085
-589902 636550
-589141 637660
-588393 638747
-587144 640553
-582919 646587
-578147 653104
-575001 657357
-573518 659355
-572424 660810
-571687 661779
-565451 669716
-559995 676655
-554576 683491
-553397 684978
-547411 692443
-546970 692988
-540539 700851
-539930 701588
-539152 702521
-538173 703693
-536380 705800
-535968 706277
-533747 708844
-533400 709244
-531311 711607
-526934 716423
-522397 721288
-521949 721767
-518591 725352
-511774 732474
-504343 740162
-503688 740839
-502454 742106
-500857 743738
-493651 751087
-489984 754757
-488249 756490
-482669 761973
-475422 769067
-474137 770318
-470810 773482
-470407 773863
-463935 779910
-458686 784803
-453035 790035
-452501 790528
-445101 797279
-443390 798838
-440097 801830
-434118 807238
-428421 812375
-423222 817006
-421135 818821
-416993 822404
-412464 826284
-409853 828463
-406036 831643
-405035 832473
-403252 833948
-396387 839341
-390136 844233
-389388 844808
-381534 850839
-374215 856398
-369099 860279
-369066 860304
-361763 865826
-357734 868863
-353880 871768
-349981 874671
-345536 877909
-344949 878336
-339296 882436
-332921 887012
-331674 887899
-327029 891097
-323325 893636
-316008 898566
-315823 898685
-308482 903397
-300827 908304
-299400 909213
-292278 913730
-286523 917311
-280804 920842
-280372 921107
-278321 922354
-272818 925556
-270515 926890
-264687 930189
-257272 934375
-250562 938056
-245331 940916
-239169 944187
-231776 948014
-229394 949243
-226845 950544
-221642 953185
-217750 955146
-217633 955202
-216067 955929
-215098 956377
-211657 957966
-207264 959979
-204531 961225
-202778 962021
-200703 962954
-196744 964650
-192247 966550
-191670 966792
-191638 966805
-190521 967256
-183673 969941
-182123 970484
-181979 970533
-174684 972930
-168957 974806
-166909 975467
-161356 977221
-154136 979448
-153155 979747
-150394 980553
-146854 981584
-143482 982563
-139727 983621
-138599 983928
-130900 985899
-129357 986288
-127650 986698
-124522 987445
-124239 987511
-118918 988651
-111421 990183
-104902 991511
-97004 993108
-95671 993372
-91027 994187
-83014 995263
-80684 995534
-79435 995662
-73140 996263
-66526 996884
-59487 997515
-59239 997534
-52205 998021
-51522 998064
-44786 998473
-37103 998936
-34557 999081
-26978 999397
-24745 999490
-23342 999547
-17844 999728
-17365 999739
-12753 999840
-6818 999929
-1 1000000
