906
0 1000000
5192 999995
13416 999944
17146 999911
24133 999726
27696 999626
29055 999576
31840 999454
32063 999443
33482 999364
39049 999049
45525 998676
52938 998152
58201 997757
64731 997208
65324 997152
73062 996343
76300 995992
76760 995939
78625 995701
82429 995178
83423 995035
90946 993928
96916 993029
98315 992817
100708 992441
104504 991840
107767 991304
115722 989952
121389 988946
122794 988677
126204 988024
132698 986719
132752 986708
136319 985941
137918 985592
139143 985321
141114 984861
147036 983452
149115 982952
156820 981039
161133 979961
161434 979881
167505 978163
174848 975969
178467 974872
180502 974244
180822 974145
188987 971482
189234 971398
195515 969245
198088 968345
201587 967098
208611 964567
210110 964014
217183 961336
223820 958818
224637 958485
229001 956690
235804 953840
236733 953448
239316 952358
245209 949754
251085 947069
257952 943794
259611 942959
263789 940848
270232 937560
277833 933596
284464 929858
284935 929592
287178 928322
287689 928023
293468 924613
300935 920178
306375 916941
313090 912865
320441 908336
320692 908180
326921 904018
333247 899773
335765 898080
336325 897703
336524 897564
338468 896189
340531 894729
344662 891803
348879 888762
353557 885341
354904 884353
356899 882867
360089 880354
363325 877781
364760 876632
372722 870217
380764 863712
387801 858010
391083 855303
392975 853720
393775 853041
397828 849581
398489 849016
402532 845554
404633 843748
409362 839676
416923 833148
423846 827160
426187 825107
430179 821588
437413 815193
441207 811832
441990 811117
444412 808904
449532 804207
450233 803559
454086 799991
455065 799071
461358 793078
464596 789969
472103 782699
473840 781015
482070 773024
485329 769799
493465 761710
494380 760796
496133 759028
502707 752367
504996 749990
506979 747924
512157 742507
518962 735360
522163 731992
522499 731637
529618 724054
532862 720589
533007 720430
540019 712619
542006 710404
542891 709377
543702 708420
548625 702596
549664 701358
552726 697653
558470 690642
565087 682489
566078 681225
569727 676465
569815 676348
570091 675969
573014 671946
574443 669979
575649 668318
578975 663721
582436 658899
585204 654978
587645 651489
590418 647495
593681 642787
597440 637350
601883 630838
602325 630177
604360 627109
605213 625800
608634 620198
611441 615514
615775 608275
618410 603571
620105 600545
624436 592746
626609 588792
626892 588246
628651 584808
632653 576923
633947 574320
635503 571093
639056 563590
641386 558619
644771 551291
646009 548602
646471 547595
647778 544729
650116 539506
651197 537083
653713 531358
654059 530557
655197 527920
656552 524696
659247 518209
662212 511021
665480 503096
666881 499684
669750 492591
671047 489275
672260 486013
672718 484644
672911 484047
674124 480200
674831 477741
675012 477091
675165 476534
676226 472584
676305 472263
676516 471398
676599 471043
677621 466538
678858 460238
678869 460180
679653 456045
681055 448622
682370 441306
682699 439432
683375 435459
683420 435131
683563 433861
684177 428238
684538 424507
684603 423814
685072 417819
685115 417264
685171 416433
685578 409487
685735 406604
685788 405489
686027 400021
686044 399272
686086 393015
686086 295731
686056 288412
685963 285608
685910 284289
685608 277326
685503 275525
685497 275434
684986 267786
684669 263690
684356 259693
684184 257596
683854 254045
683773 253182
683225 247685
682936 245148
682821 244161
682314 240011
681779 236217
681078 231388
680355 226560
680010 224264
678886 217405
678225 213401
677324 207973
676447 203043
675434 197796
674203 191703
672520 183430
671264 177505
671043 176515
669581 170518
669545 170373
667696 164043
667026 161824
665957 158306
664710 154233
663527 150610
662416 147229
661325 144158
661296 144080
661009 143354
658036 136029
655479 130097
655416 129951
653659 126149
652128 122857
648583 115315
647342 112691
644169 106067
642713 103166
638940 95782
636448 90981
632674 83920
630708 80269
629209 77489
628527 76258
627419 74289
625209 70372
621469 63745
616975 55784
612580 48028
609016 41871
605029 35132
601652 29506
599765 26415
598459 24290
594662 18135
591261 12674
588940 8997
584175 1473
580058 -4891
579017 -6467
577973 -8040
577834 -8248
577052 -9359
572774 -15336
567235 -23031
566255 -24392
565426 -25524
559697 -33184
553643 -41249
549944 -46107
547308 -49552
543157 -54954
539762 -59342
534353 -66012
528300 -73446
527503 -74416
525259 -77121
520389 -82938
515120 -89112
513112 -91439
512913 -91662
508224 -96817
504256 -101132
497913 -107792
494058 -111810
493438 -112451
485291 -120733
483272 -122784
480064 -126039
472115 -133950
467419 -138611
466984 -139042
461367 -144571
459382 -146502
451529 -154089
443620 -161682
437615 -167410
431606 -173061
425209 -179064
417884 -185898
411115 -192210
409796 -193435
408583 -194558
402644 -200046
400367 -202150
392690 -209214
390111 -211582
382052 -218977
373736 -226482
372333 -227743
366027 -233390
364235 -234983
362690 -236356
362369 -236639
354571 -243494
348356 -248715
342549 -253571
335302 -259452
332237 -261930
324136 -268450
321437 -270608
320763 -271145
315707 -275158
311065 -278703
303385 -284560
302409 -285303
302405 -285306
300222 -286928
298186 -288439
291423 -293386
286397 -296971
280871 -300882
274322 -305512
268907 -309299
263466 -313063
257494 -317186
257408 -317243
256189 -318050
252642 -320305
250589 -321587
250166 -321850
242455 -326640
234384 -331590
228883 -334879
226386 -336361
219831 -340235
216135 -342400
210194 -345820
203323 -349707
197466 -352958
193843 -354887
191483 -356130
185532 -359262
177730 -363327
169669 -367433
162035 -371156
159726 -372271
157411 -373385
154698 -374675
147641 -378008
139313 -381909
136690 -383137
132121 -385230
130104 -386094
125831 -387862
124474 -388416
117769 -391124
109718 -394303
102413 -397139
94620 -400137
93775 -400458
92732 -400840
91056 -401453
84226 -403814
83380 -404071
83218 -404120
75702 -406383
70165 -407949
66175 -409066
59058 -411043
53157 -412677
52808 -412772
49283 -413656
49134 -413692
42000 -415389
36023 -416786
27806 -418687
22279 -419904
21130 -420154
13153 -421655
12892 -421704
5653 -423001
-2090 -424320
-5244 -424851
-8587 -425410
-13115 -426113
-21441 -427394
-29017 -428459
-30361 -428646
-36890 -429525
-43069 -430345
-43312 -430377
-49529 -431122
-57538 -432029
-64209 -432741
-68659 -433208
-70160 -433357
-77349 -434038
-83607 -434597
-84071 -434632
-86217 -434791
-89676 -434972
-96652 -435233
-102234 -435404
-102235 -435404
-110154 -435403
-112049 -435391
-120180 -435182
-122203 -435129
-124182 -435071
-124963 -435041
-129486 -434846
-135377 -434583
-141623 -434194
-148786 -433543
-151533 -433292
-158974 -432611
-163075 -432232
-167837 -431663
-174938 -430753
-176975 -430491
-184063 -429546
-185095 -429403
-192399 -428374
-195472 -427916
-203052 -426567
-206591 -425929
-214849 -424296
-216164 -424029
-219680 -423302
-226410 -421809
-233401 -420200
-241062 -418425
-249014 -416550
-252665 -415678
-253576 -415458
-257169 -414528
-260134 -413757
-261461 -413407
-263316 -412906
-269971 -411012
-274092 -409807
-275837 -409265
-277476 -408742
-280057 -407913
-281778 -407354
-289688 -404691
-296661 -402311
-298497 -401670
-302434 -400199
-304760 -399314
-311379 -396666
-311958 -396433
-317792 -394040
-323339 -391737
-329125 -389296
-333389 -387433
-333537 -387366
-341460 -383735
-348431 -380529
-351748 -378973
-355659 -377138
-357335 -376235
-363392 -372859
-369786 -369120
-374875 -366042
-374916 -366017
-381859 -361750
-386642 -358795
-394909 -353686
-402506 -348934
-408481 -345150
-409496 -344501
-413323 -342025
-414837 -341040
-421394 -336648
-422245 -336075
-422734 -335735
-425487 -333797
-426538 -333038
-431486 -329431
-439793 -323142
-441844 -321557
-447833 -316914
-455446 -310999
-457022 -309774
-458457 -308657
-462188 -305735
-464814 -303662
-472291 -297743
-476152 -294625
-480413 -291153
-486061 -286464
-490038 -283151
-495739 -278284
-497698 -276608
-497903 -276431
-501975 -272838
-508978 -266635
-513905 -262263
-517636 -258918
-518296 -258317
-523033 -253996
-525676 -251544
-528261 -249137
-531428 -246185
-533825 -243930
-542107 -236091
-546742 -231698
-547207 -231252
-555316 -223378
-557247 -221408
-560030 -218558
-567276 -211115
-573083 -205086
-576227 -201797
-580134 -197706
-584049 -193600
-588095 -189317
-588892 -188467
-595525 -181290
-596276 -180455
-603355 -172510
-610524 -164457
-617823 -156209
-622717 -150594
-626178 -146584
-628559 -143809
-632318 -139422
-638095 -132670
-641924 -128167
-648767 -120030
-648980 -119774
-649525 -119118
-655792 -111412
-657741 -109005
-659808 -106451
-666469 -98219
-667649 -96736
-669734 -94104
-672923 -89981
-678127 -83242
-684458 -75023
-688641 -69589
-691718 -65571
-692445 -64621
-694286 -62141
-697012 -58418
-700873 -52887
-700992 -52716
-704955 -46921
-708080 -42259
-711029 -37859
-712320 -35897
-717233 -28406
-719238 -25264
-723969 -17675
-728368 -10526
-729180 -9165
-730423 -7079
-733183 -2386
-737126 4489
-737378 4938
-741432 12407
-741610 12738
-742648 14669
-742853 15062
-744864 19004
-745612 20477
-749489 28120
-752871 34805
-756568 42123
-756580 42148
-758267 45702
-762066 53923
-765845 62111
-768735 68398
-772432 76443
-775423 83057
-777693 88410
-779382 92405
-782744 100692
-783650 102953
-786401 109831
-789124 116695
-792290 124848
-792295 124861
-792328 124947
-793569 128237
-796110 135520
-796408 136375
-797460 139432
-798385 142140
-798982 143935
-799935 146814
-800375 148257
-801516 152139
-802781 156461
-804011 161130
-806157 169311
-806184 169427
-807683 176472
-807973 177843
-809599 185650
-810788 191532
-810943 192330
-811211 193751
-811732 196656
-813053 204731
-814006 210712
-814226 212189
-815030 217786
-816008 224859
-817085 232975
-817455 235852
-817481 236087
-818216 242736
-818314 243741
-818646 247300
-818654 247399
-819212 254328
-819351 256097
-819839 262332
-820088 265730
-820531 272237
-820923 279812
-821155 286109
-821244 289922
-821348 296387
-821415 304596
-821425 309029
-821425 309030
-821372 313205
-821251 318939
-821076 325103
-820886 328652
-820387 336284
-819978 342488
-819461 349883
-819354 351141
-818905 356156
-818122 363471
-817373 370122
-817274 370918
-816249 378789
-816188 379253
-815742 382608
-815286 385949
-814280 392696
-813845 395610
-813807 395861
-813020 401050
-812608 403695
-812151 406458
-811908 407878
-810625 415234
-809374 422346
-808290 428069
-807329 433086
-805833 440349
-805798 440518
-804339 447466
-802765 454719
-801096 461980
-800849 462965
-799519 468206
-797401 476391
-796642 479297
-795213 484706
-793136 492371
-792699 493956
-791767 497129
-789557 504586
-788224 509062
-786206 515543
-783607 523767
-781901 529124
-781860 529249
-781204 531208
-779021 537444
-778474 538935
-778239 539556
-777958 540287
-777018 542660
-776492 543959
-774483 548833
-771306 556326
-769769 559791
-768258 563144
-767635 564512
-765866 568385
-764351 571602
-761716 576924
-761197 577972
-757956 584455
-756988 586368
-755305 589678
-754111 591939
-750122 599224
-747848 603239
-744448 609078
-742929 611685
-738870 618434
-733697 626585
-732720 628117
-731995 629246
-726935 637107
-722507 643846
-721983 644643
-718693 649646
-715490 654465
-715313 654728
-711561 660299
-706414 667937
-704825 670294
-702964 672961
-700551 676348
-697574 680507
-691635 688785
-686842 695381
-686331 696071
-681688 702304
-680870 703393
-678109 706855
-674480 711326
-668563 718381
-662276 725631
-660382 727790
-658925 729447
-652122 737100
-651983 737251
-645750 744016
-641977 748085
-640613 749530
-639489 750719
-633934 756551
-633759 756734
-628498 762046
-620647 769916
-619485 771077
-618325 772230
-612719 777783
-612203 778274
-605506 784605
-604134 785894
-596495 792936
-588486 800318
-581010 807139
-572880 814542
-567179 819711
-563910 822660
-561880 824453
-560916 825302
-554771 830680
-553692 831595
-552487 832609
-551402 833511
-545797 838127
-540206 842651
-535507 846412
-528672 851878
-520841 858037
-518658 859751
-515210 862418
-514281 863134
-507570 868299
-503105 871673
-502896 871830
-494815 877828
-494490 878069
-493102 879098
-489531 881680
-488946 882101
-480845 887752
-475405 891519
-475078 891742
-471987 893844
-466889 897225
-463083 899670
-460034 901591
-455216 904586
-451255 907043
-449904 907879
-448732 908592
-444783 910975
-441908 912709
-435747 916371
-434761 916956
-434383 917179
-432602 918228
-428949 920367
-424444 922948
-417280 927051
-410129 931070
-404035 934459
-400996 936108
-395330 939169
-392096 940868
-391657 941097
-386811 943590
-381220 946432
-376844 948655
-374485 949846
-372146 950986
-371569 951266
-369557 952219
-365564 954104
-363774 954923
-360437 956411
-356307 958218
-351168 960446
-344302 963357
-338249 965919
-331855 968590
-331401 968779
-328535 969958
-325208 971286
-322008 972535
-314127 975578
-313837 975689
-308690 977599
-306024 978578
-299227 980999
-298265 981322
-292943 983019
-292399 983182
-289142 984132
-283877 985654
-280666 986535
-277381 987412
-275097 988011
-275032 988028
-269692 989319
-264023 990555
-263816 990599
-262069 990963
-258280 991694
-256251 992084
-248242 993440
-247775 993516
-241758 994454
-241009 994558
-234081 995457
-230309 995926
-222084 996924
-217815 997343
-211324 997855
-205599 998276
-204782 998331
-200700 998598
-192521 999080
-188537 999297
-182688 999607
-176716 999810
-173869 999893
-171444 999949
-169803 999983
-166959 1000000
