912
0 1000000
7201 999999
7324 999995
13785 999767
18473 999594
19633 999551
27071 999172
34746 998776
36459 998678
41818 998291
42762 998212
43953 998106
47343 997787
49073 997624
50702 997452
51859 997295
52647 997188
59780 996210
64128 995555
65583 995329
69314 994656
71083 994307
74709 993576
81337 992115
87406 990760
89270 990333
94013 989242
102585 986941
105396 986160
107481 985579
110720 984676
115898 983171
118469 982422
121772 981454
130071 978972
138476 976209
143224 974648
145329 973930
153502 971113
155904 970254
158611 969271
161749 968106
162530 967814
169163 965316
173349 963723
174994 963089
175125 963038
183563 959623
191030 956561
199231 953161
202630 951690
209349 948781
210572 948243
212518 947370
213983 946708
219433 944181
221713 943100
227988 940076
229878 939079
232099 937875
236699 935312
243078 931702
243822 931265
245594 930214
249337 927958
253948 925163
257450 923032
264400 918763
270957 914551
274815 912032
282941 906601
289228 902321
293915 899118
294085 899001
301604 893801
304065 892082
304862 891525
312405 886214
320054 880792
323569 878290
330230 873343
337489 867887
344791 862390
353212 856044
353621 855735
360014 850901
364492 847496
366213 846182
372851 841085
378559 836686
385714 831060
394023 824520
399206 820350
407599 813568
410576 811161
413478 808812
414336 808117
415685 807014
417506 805515
419159 804130
421158 802454
421931 801778
424440 799547
424996 799050
430553 794065
436742 788480
437001 788244
440282 785245
442674 783012
447890 778101
448356 777658
451301 774849
454240 771993
459172 767182
466695 759683
471366 755013
477477 748898
479854 746488
481225 745077
481256 745045
483851 742362
485571 740541
489378 736490
494972 730495
498964 726144
502654 722071
509627 714315
514605 708684
516508 706508
518243 704519
524493 697272
528983 692009
532142 688270
538306 680945
538969 680148
541014 677674
542506 675857
544639 673249
546598 670845
546675 670749
551089 665196
555434 659708
561737 651736
566029 646275
571497 639116
575072 634147
576073 632751
579735 627596
584990 620192
587623 616394
590584 612118
594019 607152
599571 598941
599686 598768
603054 593603
605430 589956
610244 582551
612975 578348
613123 578105
617462 570907
617580 570708
617609 570659
621360 564130
624999 557643
626283 555302
626842 554263
627587 552865
631210 545840
631446 545361
632647 542899
632665 542862
633793 540535
637513 532724
638476 530671
641877 523292
645088 516312
647997 509687
648454 508642
652073 500269
654768 493946
658005 486322
659634 482481
662789 474992
663652 472875
664335 471180
665103 469271
666652 465403
668891 459765
670908 454618
672316 451007
673756 447186
674893 444164
675360 442919
676042 441064
678615 433705
679262 431789
679651 430596
679887 429813
680582 427446
682021 422266
684269 413971
686048 407292
687977 399392
689640 392344
691015 386391
692283 380834
693783 374097
695201 367380
695669 365117
696398 361075
696957 357178
697044 356064
697321 352229
697395 351144
697742 345532
698197 338173
698494 333291
698800 327344
699173 319429
699307 315592
699312 315425
699385 312834
699608 304681
699737 299957
699922 292321
699989 288464
699998 287796
700099 279253
700099 279252
700046 272526
700030 271207
699929 264497
699738 255945
699655 252919
699514 247817
699387 243756
699365 243179
699328 242395
698828 235268
698475 230803
698227 228130
698041 226149
697872 224366
697193 217690
696110 210171
695537 206236
695511 206063
695218 204416
694687 201691
693617 196688
692335 190807
691882 188751
690037 180533
689647 178860
689383 177767
689261 177302
687394 170233
686667 167569
685704 164108
683332 155735
682041 151272
679958 144225
679159 141538
677097 134605
676307 131954
675088 127939
672768 120448
671495 116357
670608 113539
670271 112524
667485 104403
667079 103270
666525 101789
664227 95664
662604 91613
662224 90684
660943 87554
658660 82009
655917 75498
655844 75333
652315 67364
649308 60920
647511 57156
645242 52471
642184 46264
639215 40290
637208 36257
635731 33305
631278 24748
628148 18935
624574 12310
623058 9553
622427 8406
618394 1142
614742 -5101
612481 -8963
610452 -12237
610039 -12903
609468 -13815
605270 -20406
602505 -24693
597408 -32347
594896 -35980
589785 -43247
588056 -45681
584955 -50008
584538 -50583
579695 -57067
574638 -63834
572728 -66333
566361 -74633
563576 -78249
560493 -82228
554872 -89208
554851 -89234
552978 -91546
551311 -93599
549076 -96346
547909 -97773
541802 -105088
536567 -111294
529865 -119227
527736 -121744
527689 -121799
525769 -124038
525750 -124060
524618 -125365
517558 -133498
511421 -140425
509480 -142614
502058 -150865
499149 -154079
496643 -156814
490717 -163235
489266 -164801
486983 -167250
484650 -169741
477631 -177223
470751 -184530
463128 -192551
460786 -195002
456819 -199138
450083 -206015
443055 -213140
442194 -214012
435465 -220701
431448 -224693
426727 -229346
419025 -236937
415036 -240854
409973 -245748
402026 -253193
396421 -258427
390871 -263534
385281 -268595
384074 -269664
379053 -273993
375452 -277090
370324 -281449
361854 -288600
360105 -290066
359914 -290226
356654 -292935
355841 -293606
350916 -297665
347903 -300138
347086 -300804
339593 -306872
337886 -308235
330265 -314155
329885 -314448
321628 -320788
318789 -322962
317044 -324276
313191 -327159
308216 -330876
307247 -331592
300530 -336486
299746 -337057
297085 -338979
288898 -344888
283575 -348589
279812 -351170
271929 -356490
266214 -360277
265445 -360786
257172 -366252
252957 -368983
250196 -370769
242143 -375882
235966 -379769
228548 -384274
224881 -386420
220782 -388759
213067 -393041
212267 -393478
208520 -395496
204535 -397617
204268 -397759
200750 -399626
192718 -403865
186121 -407158
182738 -408827
176403 -411920
168562 -415677
167231 -416314
159978 -419714
151828 -423321
144877 -426358
143868 -426775
136920 -429644
129218 -432687
122797 -435125
120477 -435994
114831 -438017
112254 -438940
110120 -439701
103327 -442064
98160 -443769
94143 -445052
90862 -446093
84876 -447948
81553 -448953
81546 -448955
77587 -450075
69434 -452373
68428 -452644
61791 -454387
60704 -454671
58699 -455178
52989 -456599
49729 -457366
48988 -457505
42114 -458722
37966 -459441
36867 -459627
32256 -460402
29351 -460890
26511 -461351
26191 -461402
25390 -461526
24015 -461689
22697 -461840
16189 -462461
13510 -462657
13385 -462664
11956 -462728
6213 -462951
3386 -463054
-1421 -463226
-4336 -463323
-9050 -463448
-13289 -463527
-21333 -463672
-27806 -463782
-31948 -463847
-31949 -463847
-34914 -463830
-37752 -463795
-40524 -463688
-47858 -463397
-53295 -463162
-58082 -462856
-65149 -462398
-71700 -461959
-72147 -461928
-73988 -461766
-78265 -461368
-86136 -460349
-94171 -459282
-95381 -459101
-95786 -459040
-97363 -458795
-101412 -458162
-104318 -457701
-108144 -457064
-114502 -455999
-116797 -455530
-117570 -455366
-119507 -454916
-121878 -454347
-125870 -453378
-133497 -451515
-137294 -450585
-137623 -450503
-141686 -449373
-147870 -447536
-154449 -445566
-157789 -444519
-165210 -442077
-167915 -441163
-175841 -438360
-178990 -437231
-185087 -435043
-192774 -432220
-198937 -429911
-200503 -429300
-201595 -428849
-207641 -426294
-211660 -424587
-216839 -422253
-221302 -420174
-228688 -416713
-236737 -412901
-242210 -410260
-244139 -409326
-246706 -408073
-254874 -404066
-260222 -401409
-262579 -400231
-264001 -399506
-269302 -396795
-270743 -396057
-277725 -392464
-283862 -389300
-290329 -385891
-291488 -385280
-299970 -380751
-303870 -378628
-311375 -374496
-318477 -370493
-319596 -369859
-326085 -366174
-326462 -365959
-333739 -361803
-340640 -357834
-341838 -357137
-345967 -354712
-349666 -352536
-350451 -352070
-358718 -347125
-358975 -346971
-363234 -344365
-364079 -343847
-369918 -340247
-378214 -334936
-383265 -331651
-390305 -326760
-394438 -323820
-401667 -318602
-404950 -316230
-410181 -312387
-418734 -306098
-426413 -300406
-426616 -300255
-433197 -295319
-441625 -288902
-446403 -285241
-449342 -282951
-454109 -279200
-458251 -275939
-459674 -274817
-459831 -274689
-463212 -271891
-470067 -266204
-471136 -265310
-474012 -262879
-481191 -256641
-484122 -254083
-485465 -252906
-489937 -248959
-494426 -244993
-502125 -238117
-505400 -235154
-508812 -232051
-512343 -228822
-516216 -225254
-524396 -217711
-528257 -214146
-535480 -207432
-537904 -205129
-544418 -198866
-545805 -197525
-546666 -196690
-552725 -190741
-559548 -184019
-565817 -177817
-573570 -169891
-575609 -167754
-583438 -159449
-583983 -158852
-585094 -157610
-587987 -154263
-591008 -150706
-595369 -145525
-597024 -143549
-599351 -140753
-605339 -133540
-608596 -129485
-613668 -123128
-617318 -118547
-621082 -113814
-625147 -108685
-629403 -103264
-634125 -97203
-635310 -95680
-639680 -90027
-644231 -84065
-645548 -82255
-648541 -78120
-651444 -74037
-654995 -68965
-655245 -68606
-657114 -65920
-659477 -62377
-660479 -60866
-664336 -55016
-667851 -49622
-672492 -42462
-677310 -34963
-680355 -30144
-684292 -23863
-688234 -17532
-688443 -17193
-692486 -10439
-692637 -10181
-696351 -3790
-698754 355
-703271 8250
-703409 8497
-703435 8544
-707715 16307
-709096 18864
-711509 23342
-713091 26279
-716469 32616
-719807 38899
-722052 43156
-724753 48297
-725819 50342
-727081 52795
-731300 61004
-735259 68721
-737027 72180
-738841 75747
-742878 83824
-746621 91383
-746835 91820
-746932 92026
-750235 99089
-752996 105016
-755619 110680
-756741 113139
-759220 118598
-761533 123913
-761903 124822
-762151 125445
-762289 125794
-763842 129722
-766474 136483
-768930 142870
-769562 144533
-769629 144713
-772570 152883
-774051 157116
-774788 159281
-777477 167192
-778263 169705
-778652 170966
-780363 176545
-781754 181327
-782942 185690
-783304 187023
-784107 190034
-784204 190404
-784730 192471
-785886 197562
-786448 200161
-787683 206048
-788226 208656
-788762 211341
-788961 212546
-789239 214649
-789731 218850
-789846 219872
-789876 220185
-790155 223373
-790418 226594
-790686 230365
-791218 238412
-791275 239323
-791589 244982
-791933 253227
-791934 253258
-791934 324296
-791923 327169
-791817 334414
-791696 341655
-791529 348308
-791068 355920
-791034 356343
-790525 362367
-789903 369272
-789297 375069
-789290 375131
-789016 377490
-788837 378932
-788389 382393
-787439 389606
-787049 392419
-786820 393994
-785551 402522
-785260 404420
-784678 408165
-783807 412924
-783452 414822
-783160 416357
-782501 419756
-782440 420062
-780645 428431
-779850 431945
-778957 435617
-778854 436034
-777445 441681
-776592 444979
-774203 453489
-774178 453578
-771803 461456
-769214 469786
-768435 472292
-766758 477679
-766369 478920
-765251 482137
-764585 484034
-761986 491333
-759619 497721
-758176 501536
-754962 509911
-752148 517130
-749405 523927
-748122 527018
-744703 534907
-742032 541032
-741172 542975
-739463 546798
-737704 550638
-734423 557772
-734374 557878
-733293 560212
-733243 560319
-732587 561718
-729680 567782
-729001 569181
-727227 572832
-724868 577572
-723990 579327
-720521 585993
-719934 587108
-717725 591300
-717097 592475
-716476 593629
-714601 597098
-711810 602209
-708640 607990
-705855 613029
-705356 613928
-703198 617797
-699401 624557
-698288 626530
-698087 626886
-694734 632660
-690774 639303
-688301 643367
-686633 646006
-685350 648015
-681139 654446
-679572 656777
-675727 662339
-674846 663602
-673585 665330
-672862 666313
-672123 667293
-667607 673152
-665040 676479
-659963 682857
-653742 690660
-650836 694243
-647509 698270
-646964 698912
-640609 706286
-637094 710338
-637065 710371
-631361 716836
-629520 718921
-626862 721860
-624505 724448
-618492 731044
-615311 734528
-611424 738772
-606785 743813
-604186 746602
-602660 748227
-598914 752216
-593493 757866
-589975 761485
-582196 769439
-578553 773158
-572159 779541
-569848 781814
-562956 788361
-555995 794878
-552328 798299
-552122 798486
-548867 801437
-545686 804292
-537351 811745
-534069 814666
-526069 821659
-518637 828124
-518622 828137
-517541 829073
-517344 829243
-511193 834550
-506755 838361
-502076 842366
-501073 843217
-495788 847685
-490881 851826
-487268 854871
-480352 860610
-474785 865216
-471388 868005
-463045 874837
-454544 881765
-446831 887887
-445285 889114
-443591 890455
-443358 890639
-443096 890844
-436573 895918
-435066 897072
-433041 898574
-427630 902521
-424806 904550
-418242 909265
-415680 911018
-414725 911665
-412576 913118
-411581 913789
-408064 916056
-407160 916631
-399355 921522
-391392 926495
-390750 926884
-390649 926945
-387202 929020
-386288 929547
-386109 929650
-383224 931294
-380541 932748
-377113 934589
-369360 938642
-365854 940463
-364196 941278
-360717 942976
-359667 943479
-351370 947370
-346021 949820
-338876 953077
-332229 956089
-328888 957594
-328863 957605
-327155 958348
-319394 961721
-311246 965238
-306325 967339
-299240 970315
-297645 970951
-294597 972116
-288496 974395
-284406 975922
-280942 977175
-276802 978658
-272949 979959
-264543 982636
-263255 983045
-256125 985306
-255622 985465
-255233 985587
-251345 986782
-251085 986859
-247676 987864
-247103 988016
-242502 989219
-234830 990952
-230601 991874
-230099 991977
-222005 993398
-220544 993646
-216771 994282
-209937 995357
-205064 996004
-201160 996455
-199456 996642
-198020 996771
-193017 997204
-186281 997757
-181359 998142
-173201 998703
-171184 998827
-164928 999180
-156907 999560
-156252 999581
-147814 999794
-144598 999859
-143419 999881
-143344 999882
-137436 999947
-134690 999976
-134589 999977
-131396 999997
-129738 1000000
