970
0 1000000
592 999993
7643 999885
11217 999802
14248 999700
15871 999644
18940 999469
20095 999401
22446 999221
26181 998925
29153 998686
29347 998669
32640 998370
39583 997729
46099 997074
50806 996595
55551 996104
56300 996023
60858 995458
65717 994816
68112 994480
75091 993484
76642 993257
76952 993210
82437 992267
87894 991300
93766 990257
94571 990111
95916 989837
103280 988316
104139 988138
106402 987645
113743 985985
115126 985666
121583 984121
125169 983210
132104 981393
139779 979305
145439 977744
148358 976839
151057 975992
153486 975221
160958 972698
165877 970876
166305 970717
168120 970041
172400 968422
174929 967464
178492 966067
184561 963489
185103 963258
191256 960484
196410 958155
203518 954920
208888 952443
211447 951257
214463 949804
222244 946029
229565 942467
235075 939746
237800 938373
238242 938150
239061 937732
245570 934315
249069 932434
252842 930342
258400 927249
264803 923683
268696 921503
269985 920773
273628 918693
280255 914734
281010 914277
283499 912765
283864 912543
284051 912429
286597 910866
293953 906325
298038 903764
298052 903755
298502 903462
300624 902073
307848 897274
315615 892110
318912 889883
318972 889842
323161 886903
327873 883528
333506 879369
340655 873994
344844 870828
348753 867856
349382 867372
352637 864806
359670 859200
362143 857218
369244 851450
374653 847005
380492 842163
381567 841271
383869 839352
388140 835772
393619 830987
398154 826955
403099 822522
406346 819603
406769 819217
409352 816843
413535 812974
413551 812959
417302 809414
420619 806262
424058 802988
430842 796507
431662 795714
436759 790712
443773 783645
445242 782151
446680 780684
448754 778539
455688 771302
463146 763513
468153 758274
471482 754784
476649 749305
479688 746051
481301 744302
482572 742910
488797 735993
494100 730038
497621 726036
499702 723658
505101 717459
510617 711108
515971 704839
517541 702896
522043 697293
523292 695709
524233 694515
524746 693862
530705 686272
535777 679757
540306 673918
540413 673778
540753 673327
543059 670250
543828 669222
546301 665901
550644 660032
552994 656853
554265 655112
556158 652468
558592 649053
563763 641773
564383 640876
565475 639291
567237 636678
570988 631017
575991 623447
578953 618952
583671 611787
583877 611470
588907 603683
589730 602407
594240 595364
598865 588031
599889 586396
602452 582014
605543 576713
605736 576381
610190 568678
614595 560935
617663 555440
618170 554487
621394 548106
624991 540892
625623 539623
629441 531952
630124 530552
632400 525875
633232 524162
633509 523587
635972 518468
638778 512559
641040 507668
641210 507289
644079 500887
646151 496154
649088 489421
652165 482277
653435 479308
655734 473804
658354 467421
658922 466030
661834 458747
663959 453371
664452 452112
665066 450461
665697 448701
666030 447763
666771 445586
667510 443338
667523 443298
668234 441037
669825 435577
671338 430099
672273 426605
673520 421813
674040 419804
675419 414468
676780 408886
678055 403583
678159 403148
678230 402839
678978 399158
680427 391930
680428 391925
681773 384919
682998 378420
683755 373986
685002 366569
685668 362584
685715 362282
686726 355450
687207 352186
687574 349628
688603 342091
688790 340690
688908 339749
688909 339741
689172 337316
689231 336761
689802 331170
689820 330961
690219 326273
690342 324820
690855 317633
691342 310124
691644 305367
691861 299337
691892 298303
691953 293172
691953 293171
691943 292222
691811 287531
691450 280403
691328 278324
691255 277255
691098 274956
690757 270657
690524 267734
689747 260017
689493 257834
688824 253401
687743 246396
686998 242153
685919 236057
685011 230968
684548 228385
684507 228191
683482 223662
683461 223570
683273 222769
683171 222338
682333 218857
681846 216893
680479 211386
680159 210117
678442 203485
678401 203328
678226 202659
676631 196563
675954 193985
674980 190410
673667 186010
672693 182797
672106 180939
669833 174457
668656 171148
666321 164614
663492 156921
661743 152206
660941 150051
658514 143668
656515 138418
655175 134951
652582 128458
650934 124437
648047 117607
647029 115338
644196 109028
643585 107682
640970 101981
639879 99636
637228 93956
634812 88839
631236 81326
628505 75632
626519 71557
625276 69021
624032 66504
620149 58690
616982 52424
616811 52086
614722 47990
610690 40231
609775 38472
607995 35071
606886 33021
602652 25208
599948 20305
596657 14529
592188 6715
590465 3818
587986 -303
584599 -5776
580474 -12309
577233 -17406
577118 -17585
573849 -22664
571216 -26723
570240 -28224
569628 -29165
568795 -30421
567147 -32892
566225 -34273
565390 -35517
563479 -38333
561944 -40594
561855 -40724
560355 -42891
555650 -49527
551626 -55104
546109 -62687
545199 -63920
542866 -67052
538629 -72696
533370 -79657
531272 -82432
529793 -84351
527417 -87416
525462 -89917
523420 -92524
520000 -96863
517092 -100508
515788 -102123
513669 -104744
508613 -110963
505875 -114316
503041 -117739
499823 -121616
499104 -122463
495040 -127176
494555 -127734
487864 -135285
483661 -140000
482821 -140937
476010 -148533
474589 -150110
472879 -151987
472088 -152852
471271 -153743
468819 -156414
463021 -162721
462716 -163049
460141 -165801
458649 -167366
455050 -171120
453108 -173145
445732 -180758
444327 -182145
439075 -187302
434131 -192149
433678 -192592
430043 -196146
428935 -197203
421486 -204240
418064 -207455
412273 -212850
410587 -214415
409038 -215852
402305 -222068
401433 -222871
397885 -226080
395108 -228584
394435 -229183
387769 -235104
384172 -238289
380358 -241658
377753 -243919
370044 -250453
365348 -254414
365342 -254419
364216 -255350
360887 -258100
355165 -262813
350087 -266992
347697 -268943
342680 -272998
342367 -273250
339699 -275397
338725 -276176
332434 -281191
330975 -282323
329077 -283782
328286 -284390
327901 -284682
322544 -288727
320629 -290129
313387 -295414
308360 -299017
306625 -300260
301312 -304048
293985 -309244
293493 -309591
287576 -313697
286845 -314183
281666 -317419
274127 -322115
266737 -326696
264363 -328131
258704 -331516
255986 -333135
254312 -334132
249954 -336655
242762 -340756
241101 -341687
236216 -344405
234887 -345130
227813 -348765
221997 -351738
214720 -355404
210333 -357534
205362 -359797
198696 -362816
192031 -365834
186203 -368459
178434 -371775
171341 -374779
171018 -374910
165269 -377147
157493 -380172
150474 -382805
146237 -384339
139910 -386612
138855 -386984
134890 -388288
133155 -388849
130025 -389808
122641 -392023
120824 -392535
119357 -392938
115493 -393963
111502 -395008
110456 -395279
109507 -395522
102791 -397197
99011 -398108
92825 -399525
88654 -400444
85513 -401133
81330 -402012
80539 -402175
79166 -402447
71369 -403946
70854 -404042
63659 -405346
61318 -405759
60663 -405856
58886 -406097
53323 -406831
45710 -407805
45259 -407859
43242 -408056
39991 -408331
35594 -408690
35285 -408715
34331 -408774
31380 -408927
29128 -409034
21525 -409331
13994 -409561
13477 -409571
6384 -409683
6383 -409683
286 -409680
-1459 -409651
-7938 -409534
-11665 -409438
-19187 -409101
-25269 -408822
-27956 -408697
-32623 -408434
-36918 -408183
-43592 -407702
-49424 -407253
-56563 -406658
-63994 -406017
-64850 -405942
-70132 -405469
-77433 -404742
-80399 -404425
-85300 -403889
-88075 -403548
-89240 -403396
-89565 -403353
-89646 -403342
-90487 -403227
-97140 -402305
-101977 -401575
-102607 -401478
-103131 -401397
-108840 -400499
-116294 -399320
-123182 -398035
-124320 -397790
-130501 -396431
-131555 -396146
-136231 -394869
-141315 -393458
-146422 -391985
-151891 -390405
-153382 -389974
-154755 -389571
-154990 -389499
-156015 -389176
-158834 -388263
-164981 -386267
-171300 -384187
-177056 -382234
-181839 -380564
-188722 -378151
-194341 -376121
-202109 -373284
-205540 -371946
-207878 -370989
-210003 -370091
-212504 -369027
-216586 -367284
-223478 -364231
-228595 -361906
-230669 -360957
-234637 -359134
-239210 -356966
-245847 -353792
-251805 -350923
-253437 -350100
-254197 -349707
-260637 -346338
-261428 -345923
-262353 -345416
-269624 -341312
-275647 -337878
-280898 -334867
-285395 -332277
-286162 -331819
-292601 -327972
-296604 -325550
-299967 -323497
-304522 -320704
-309563 -317505
-311367 -316358
-317659 -312333
-323038 -308872
-327389 -306066
-330784 -303852
-336106 -300323
-339749 -297900
-342480 -296070
-342674 -295935
-344897 -294383
-349408 -291200
-356041 -286513
-362292 -282084
-368486 -277643
-376210 -272060
-377192 -271347
-377539 -271081
-382784 -267009
-384045 -266030
-391414 -260244
-396407 -256243
-397722 -255179
-404963 -249227
-411372 -243902
-416114 -239933
-418171 -238192
-418732 -237713
-426072 -231432
-427423 -230247
-434605 -223934
-439794 -219363
-445457 -214276
-451080 -209167
-454729 -205842
-455215 -205397
-457064 -203700
-457105 -203662
-462726 -198425
-463939 -197276
-466298 -195014
-466686 -194641
-470464 -191002
-477016 -184589
-477540 -184068
-484383 -177256
-489196 -172398
-490190 -171393
-495422 -166096
-496820 -164651
-497315 -164133
-499048 -162316
-506051 -154967
-512590 -148095
-519726 -140590
-522890 -137255
-527836 -132016
-534303 -125098
-536080 -123182
-542943 -115753
-543326 -115337
-547933 -110270
-553460 -103998
-559980 -96585
-562041 -94214
-565321 -90437
-566708 -88806
-573140 -81151
-577650 -75678
-578613 -74506
-581551 -70911
-587619 -63442
-592331 -57619
-593595 -56042
-597679 -50849
-599904 -47955
-601239 -46207
-606761 -38908
-612185 -31733
-613238 -30340
-617991 -24031
-618022 -23989
-618293 -23612
-619038 -22560
-622367 -17858
-623964 -15592
-624607 -14612
-628679 -8201
-629430 -7018
-631137 -4322
-632681 -1839
-636762 4855
-640592 11162
-645187 18774
-645296 18956
-646297 20647
-649495 26088
-650665 28099
-653884 33738
-655709 36947
-658751 42306
-661174 46583
-662871 49676
-666286 55968
-668323 59819
-668861 60844
-672250 67400
-674295 71399
-677249 77236
-677942 78614
-678548 79845
-679586 81964
-682750 88557
-685953 95247
-688656 100909
-690985 105859
-691640 107272
-693535 111368
-694147 112707
-695738 116225
-697047 119161
-698908 123344
-702227 130943
-704333 136086
-706792 142540
-707852 145361
-708518 147154
-711019 154185
-711293 154972
-713762 162101
-714436 164088
-716943 171479
-718489 176098
-719125 178005
-720001 180742
-722186 187970
-722236 188137
-724163 194976
-724626 196715
-724680 196924
-724729 197116
-725824 201878
-726981 206934
-727820 210659
-728181 212295
-728840 215359
-729456 218336
-730249 222180
-730601 223977
-730973 226220
-731176 227572
-731345 228790
-731611 231045
-732342 237465
-732421 238177
-732802 241769
-732875 242461
-733137 245454
-733349 247997
-733611 252170
-733936 258586
-734193 264592
-734428 270264
-734545 273737
-734621 278350
-734631 279031
-734731 286332
-734731 325019
-734730 325349
-734694 331828
-734659 336330
-734600 342125
-734581 343410
-734565 343727
-734447 345564
-734077 349935
-734035 350408
-733362 357979
-733267 358992
-732478 366473
-732219 368835
-731651 372780
-731360 374576
-730316 380931
-729265 386906
-728664 390316
-727720 395601
-727097 399046
-726373 403005
-725980 405134
-725034 409785
-724042 414002
-722203 421371
-720998 426139
-720819 426839
-720527 427880
-719786 430465
-719293 432180
-717662 437733
-717039 439832
-715313 445631
-713530 451538
-712636 454465
-710409 461661
-708976 466228
-706865 472568
-704328 480104
-701727 487542
-700489 491021
-699622 493426
-699435 493942
-696526 501523
-696327 502034
-694060 507834
-691269 514730
-691220 514851
-688487 521584
-686167 527277
-686076 527499
-685142 529740
-682721 535517
-682216 536713
-681843 537562
-678755 544479
-678489 545052
-675514 551355
-673611 555340
-671279 560127
-668730 565306
-665197 572357
-664380 573980
-661762 579133
-661500 579638
-660411 581731
-660219 582098
-660110 582296
-656615 588622
-654317 592677
-651022 598303
-647057 605027
-645778 607157
-643675 610539
-643240 611237
-641369 614180
-641362 614191
-639855 616513
-638833 618016
-635015 623621
-629808 631181
-628402 633108
-625545 636976
-619903 644535
-619858 644594
-614679 651380
-608911 658907
-604945 663990
-601976 667757
-597070 673868
-594333 677239
-591157 681144
-587362 685765
-583838 690004
-578354 696497
-574758 700722
-572476 703365
-566414 710270
-566205 710506
-564914 711959
-560790 716566
-554763 723243
-554177 723890
-547407 731289
-547224 731489
-540634 738648
-539427 739954
-538683 740759
-538406 741055
-533007 746820
-531855 748033
-524543 755712
-521099 759313
-517288 763273
-510277 770556
-508982 771884
-503379 777541
-497580 783384
-490275 790717
-483043 797830
-478536 802226
-476717 803995
-471290 809243
-470257 810240
-469452 810994
-465036 815097
-461755 818102
-457046 822353
-452633 826318
-445586 832628
-441263 836298
-440988 836531
-436145 840630
-432054 844064
-428483 847051
-422916 851640
-421152 853085
-416679 856699
-415747 857446
-412470 860068
-405583 865510
-402157 868205
-399599 870216
-393605 874873
-390946 876867
-389929 877624
-388248 878866
-383508 882365
-381959 883506
-381087 884129
-376436 887428
-375185 888308
-367987 893333
-363541 896422
-359992 898854
-358553 899833
-358095 900144
-356059 901495
-354552 902491
-353716 903032
-350819 904896
-344355 908979
-339744 911840
-339226 912159
-337281 913353
-335168 914613
-332754 916052
-331540 916773
-331104 917030
-327309 919248
-319541 923769
-318070 924625
-312067 928100
-309671 929473
-307947 930382
-307322 930711
-300517 934114
-294117 937253
-293460 937575
-287783 940308
-280053 943955
-279898 944028
-279311 944304
-277128 945321
-274182 946678
-268587 949247
-261608 952447
-253963 955943
-249656 957910
-244919 960030
-244476 960225
-239382 962434
-231693 965702
-224848 968603
-223493 969172
-222079 969745
-221165 970114
-218262 971265
-213502 972866
-213499 972867
-212835 973082
-211544 973498
-204385 975766
-196775 978109
-194466 978795
-191695 979591
-190321 979980
-183888 981773
-176752 983760
-171920 985099
-171145 985312
-170601 985455
-170474 985488
-170128 985575
-163487 987227
-163266 987281
-159869 988105
-155170 989243
-154423 989407
-152134 989900
-144801 991278
-138466 992390
-134150 993085
-127667 994086
-124710 994532
-124592 994549
-117926 995502
-115909 995755
-108412 996660
-104625 997090
-102730 997296
-95597 998062
-90091 998589
-88655 998724
-83117 999193
-80709 999376
-74884 999783
-74210 999816
-71184 999899
-69995 999930
-69876 999932
-63079 1000000
