992
0 1000000
6165 999999
7482 999983
11050 999902
11131 999900
18438 999681
20721 999605
25511 999394
30426 999168
30721 999152
36446 998789
39563 998575
45858 998026
46541 997964
52708 997367
59770 996574
60202 996525
65720 995892
68617 995548
75962 994484
81826 993585
86716 992834
88476 992555
92823 991843
99072 990786
103767 989912
104254 989819
109453 988819
116897 987260
119011 986815
119036 986809
119149 986781
127017 984504
133916 982381
138784 980852
140205 980400
141650 979931
144939 978805
145670 978554
152776 976091
154236 975584
155030 975295
156181 974866
161939 972685
164447 971696
165082 971443
165149 971415
165172 971405
166557 970794
170012 969253
176221 966344
180823 964045
181947 963478
188108 960356
190033 959367
195866 956307
203706 952174
204551 951726
212064 947703
218041 944497
218528 944226
225567 940304
231984 936706
234391 935354
236236 934285
238100 933170
243703 929794
249894 925978
254887 922895
259793 919780
262651 917965
266876 915167
270538 912698
275547 909272
282197 904623
282732 904245
287605 900734
293113 896763
295712 894880
301750 890389
307111 886395
314280 881048
314810 880651
319787 876915
327404 871124
332771 867037
338848 862386
341111 860641
344223 858206
348598 854750
352723 851478
358588 846722
361120 844659
361493 844353
361878 844036
364799 841565
370474 836721
372792 834742
374303 833437
381072 827580
384096 824939
385913 823350
389874 819875
392829 817273
398212 812426
398907 811800
405728 805591
406535 804854
412372 799479
419701 792692
425042 787713
427512 785400
435064 778307
442913 770879
446659 767298
450240 763866
453417 760807
460254 754199
462307 752147
467538 746904
469545 744892
470683 743745
472698 741681
477685 736559
480144 734016
486889 726880
493042 720327
494319 718963
499902 712886
506462 705737
506584 705604
511685 700033
516058 695232
516715 694507
523044 687513
528710 681232
532098 677453
535661 673436
541998 666260
543757 664265
544576 663328
545150 662669
551387 655495
551488 655378
553197 653398
556996 648983
560210 645176
565206 639039
569117 634180
571240 631527
577228 624028
579276 621451
584417 614981
585346 613799
587105 611541
592158 605018
593357 603431
597613 597580
600438 593521
604191 588128
606049 585439
610098 579288
611855 576615
616946 568852
620157 563901
623545 558524
628092 551266
628458 550679
632874 543538
636311 537806
637896 535154
639782 531961
641969 528207
645994 521276
650165 513701
652822 508860
654705 505405
657519 500060
661316 492673
664383 486480
668165 478807
668728 477632
671647 471469
675198 463912
678117 457611
679875 453746
682442 448015
682552 447768
683141 446393
683794 444819
685317 441128
688489 433295
691388 425775
691701 424955
692646 422472
692940 421687
693483 420183
694432 417530
696045 412952
698736 405292
699028 404429
699835 401943
701835 395622
704254 387926
704519 387067
704523 387054
705906 382535
705916 382502
707117 378154
707586 376437
708937 371491
709560 369107
711076 363178
712743 356631
713142 355060
713609 353092
714495 349339
715096 346737
715766 343718
715944 342915
716404 340628
717905 333155
718003 332654
719485 324939
720888 317323
721141 315800
721928 310743
722527 306809
722636 306061
722713 305525
723085 302842
723842 296907
723867 296701
724740 288918
725437 282542
725556 281448
725815 278898
726018 276796
726499 271321
726748 268058
726808 267165
727194 261094
727556 254695
727681 251602
727900 244350
728081 238141
728120 236795
728216 229860
728216 229859
728209 229126
727989 221999
727766 215174
727756 214883
727558 209364
727387 204814
727312 203037
727171 200377
726764 193901
726395 188113
726288 186888
726182 185771
726065 184602
725546 179699
724981 174855
724329 169432
724278 169008
724171 168227
724119 167852
723938 166556
723239 161967
723119 161236
722308 156348
722267 156103
721066 148934
720677 146660
720035 143053
718596 135487
717892 131840
717009 127431
715982 122358
715863 121779
714855 117256
714574 116060
712851 108793
712286 106481
710356 98980
710098 98099
710031 97874
708392 93167
708343 93028
708246 92755
706674 88364
706646 88289
705261 84615
703118 79055
700540 72556
699901 71010
699358 69716
696675 63425
696248 62453
693725 57085
691436 52536
689521 48753
686306 42485
685971 41852
685086 40201
681124 32992
678310 27909
677966 27288
675962 23813
674641 21539
670052 13691
668832 11608
666033 6983
665310 5797
661881 308
661708 50
659683 -2963
658562 -4623
653401 -12156
650901 -15735
645482 -23481
643611 -26145
643052 -26933
638141 -33693
633114 -40597
627387 -48212
626146 -49862
621594 -55895
620429 -57429
616900 -61931
612381 -67694
608155 -73077
606391 -75304
604829 -77257
604808 -77283
600079 -83051
598859 -84522
592266 -92328
592260 -92335
590388 -94500
584989 -100645
580962 -105074
574148 -112465
570087 -116865
566704 -120500
565747 -121527
559430 -128306
557466 -130409
550990 -137290
548527 -139886
542790 -145812
540421 -148199
540420 -148200
538351 -150267
535767 -152846
530704 -157868
524018 -164479
520780 -167680
513284 -174927
508653 -179325
505786 -182040
502511 -185102
500946 -186565
493362 -193644
493305 -193697
489930 -196791
486463 -199964
484731 -201549
483036 -203077
476231 -209210
475842 -209551
468255 -216182
462376 -221288
461255 -222253
460746 -222689
454235 -228160
452063 -229967
449361 -232174
445887 -234999
444570 -236068
439897 -239811
432322 -245858
426183 -250752
422469 -253537
416760 -257810
413975 -259881
407125 -264972
401471 -269157
394191 -274534
392888 -275495
391626 -276422
383753 -282122
383287 -282451
382896 -282719
380828 -284134
377577 -286287
371086 -290580
369563 -291585
363988 -295128
361495 -296711
354302 -301271
347684 -305452
343851 -307856
343437 -308115
339926 -310225
332051 -314942
328212 -317217
322081 -320794
320138 -321906
313007 -325978
312368 -326342
306188 -329823
302871 -331664
295192 -335807
292064 -337464
288520 -339287
287946 -339582
281188 -343019
278275 -344500
272094 -347536
269747 -348681
268700 -349186
264877 -351005
262358 -352178
257527 -354426
256656 -354826
256140 -355059
251775 -357007
244399 -360278
243462 -360688
240025 -362178
236844 -363516
231367 -365816
224081 -368869
221743 -369840
219652 -370703
215378 -372450
215351 -372461
212583 -373522
210726 -374205
207157 -375483
204956 -376260
203557 -376750
200399 -377845
197415 -378878
196760 -379100
191995 -380643
188786 -381675
182241 -383762
175447 -385921
171449 -387184
167478 -388395
165832 -388880
162515 -389824
154935 -391977
147892 -393938
147823 -393957
144719 -394806
143565 -395111
138312 -396475
132162 -398066
125772 -399687
120427 -401011
117530 -401699
114377 -402391
113878 -402499
113859 -402503
110111 -403276
103164 -404697
99013 -405506
96865 -405919
89994 -407169
84200 -408150
82030 -408511
75193 -409646
74055 -409833
68596 -410711
64638 -411254
59971 -411883
59268 -411974
51641 -412904
47100 -413410
43199 -413799
41722 -413930
35633 -414457
28385 -415064
26143 -415225
19382 -415700
13679 -415953
12116 -416020
10528 -416085
2820 -416210
-4704 -416325
-6953 -416353
-13747 -416388
-13748 -416388
-17049 -416367
-21217 -416326
-28282 -416184
-29487 -416156
-32062 -416092
-38841 -415800
-46666 -415441
-48027 -415372
-53201 -415063
-59449 -414670
-62260 -414486
-66185 -414215
-68322 -414049
-71391 -413810
-78238 -413217
-84731 -412557
-87250 -412300
-94883 -411464
-97785 -411071
-100322 -410716
-102717 -410372
-106450 -409831
-109875 -409333
-111366 -409112
-114953 -408574
-120876 -407665
-124768 -407060
-128323 -406486
-135138 -405322
-141329 -404251
-143973 -403776
-150826 -402540
-151558 -402401
-156474 -401390
-161396 -400295
-162215 -400108
-167280 -398919
-170903 -398010
-171405 -397883
-173045 -397460
-180642 -395465
-186174 -393966
-189013 -393172
-193332 -391948
-198153 -390552
-204908 -388575
-212754 -386242
-213705 -385952
-220928 -383610
-226635 -381638
-230667 -380215
-233160 -379307
-240357 -376525
-240848 -376334
-245704 -374435
-249600 -372908
-256203 -370272
-259130 -369088
-259872 -368783
-263334 -367348
-266179 -366159
-268990 -364978
-275966 -362013
-279423 -360513
-281533 -359590
-289256 -356152
-291103 -355295
-292470 -354648
-299451 -351284
-305134 -348537
-306325 -347953
-308080 -347084
-312001 -345142
-319521 -341231
-325022 -338365
-325297 -338221
-328267 -336638
-330206 -335584
-330274 -335547
-331691 -334770
-334276 -333346
-337063 -331808
-339176 -330617
-342073 -328946
-346689 -326273
-349176 -324825
-353053 -322550
-355632 -321007
-362723 -316755
-370394 -312155
-372114 -311108
-373050 -310537
-380131 -306190
-386498 -302271
-390163 -300008
-395068 -296970
-395260 -296851
-396536 -296044
-401686 -292761
-406523 -289672
-409184 -287949
-414111 -284739
-419190 -281401
-419485 -281205
-425039 -277512
-429583 -274445
-430582 -273754
-434279 -271181
-437456 -268912
-438166 -268393
-443762 -264290
-447757 -261327
-449612 -259925
-453009 -257344
-453309 -257115
-454606 -256116
-456618 -254547
-461857 -250412
-466296 -246891
-473576 -241098
-477832 -237699
-483775 -232852
-491286 -226683
-497954 -221138
-498027 -221077
-499956 -219461
-506837 -213650
-506993 -213517
-512979 -208400
-513844 -207658
-514527 -207062
-518822 -203289
-524727 -198053
-526664 -196284
-532923 -190455
-535724 -187817
-536778 -186824
-542357 -181565
-546109 -178010
-548002 -176211
-554427 -170094
-554458 -170064
-558436 -166165
-564731 -159891
-571257 -153382
-572645 -151991
-579466 -145128
-582388 -142171
-586728 -137730
-593561 -130703
-594994 -129194
-600975 -122707
-604717 -118604
-606418 -116722
-607512 -115503
-612467 -109926
-619300 -102217
-625073 -95490
-630028 -89668
-635209 -83555
-641183 -76416
-642392 -74942
-645765 -70824
-650014 -65548
-652241 -62731
-656490 -57240
-657644 -55747
-662031 -50071
-665983 -44830
-671411 -37437
-673303 -34850
-678498 -27704
-679919 -25717
-680167 -25370
-683193 -21113
-684120 -19786
-686027 -16943
-689046 -12320
-689271 -11973
-692094 -7610
-692986 -6225
-695349 -2546
-696475 -787
-698054 1762
-702552 9087
-705817 14469
-708482 18927
-712213 25182
-716772 32909
-718872 36502
-721289 40699
-723320 44427
-726656 50560
-729787 56596
-732896 62620
-734504 65829
-736911 70684
-740462 78231
-740677 78697
-741464 80403
-743226 84320
-746345 91310
-747708 94492
-748257 95820
-749691 99323
-751088 102948
-751485 103992
-753736 110130
-755187 114494
-756102 117252
-758371 124222
-759318 127159
-759711 128408
-761465 134053
-762002 135839
-763350 140398
-764699 145022
-765320 147489
-766203 151148
-767234 155463
-767451 156400
-769127 163789
-770365 169396
-770733 171085
-771558 175004
-772105 177700
-772476 179533
-773546 185044
-773655 185653
-774496 190718
-774665 191832
-775586 198107
-776419 203999
-777212 210441
-777653 214117
-778132 218988
-778439 222180
-778505 222887
-778903 227328
-779139 230537
-779182 231181
-779216 231772
-779283 233118
-779297 233441
-779358 236526
-779386 239003
-779411 241627
-779411 263427
-779408 263848
-779245 271065
-779090 275218
-779007 277392
-778864 280997
-778827 281669
-778660 284226
-778173 291665
-778016 293981
-777678 298106
-777489 299893
-776596 307314
-775789 313445
-775538 315267
-774826 320160
-773829 326265
-772533 333808
-771634 338807
-770744 343648
-769807 348578
-768686 354437
-767701 359568
-767196 362129
-765683 369304
-764586 374494
-763983 377342
-762410 384660
-761289 389640
-760084 394971
-758972 399608
-757257 406684
-757016 407643
-756176 410974
-754688 416871
-753981 419634
-752794 424100
-752647 424644
-751396 429224
-751043 430470
-748882 438039
-747111 444224
-745826 448646
-745195 450795
-744646 452582
-743079 457629
-741069 464012
-740921 464459
-738345 472206
-738038 473052
-736321 477739
-733694 484669
-730881 492081
-730471 493158
-729511 495677
-727496 500875
-727376 501182
-724990 507103
-724030 509424
-721514 515423
-718321 522761
-716880 525922
-716095 527631
-714944 530136
-712578 535121
-709589 541394
-706201 548351
-704015 552680
-700674 559226
-700148 560207
-697929 564129
-697122 565523
-693177 572199
-691700 574692
-687133 582379
-684354 586931
-681349 591758
-678058 597043
-676618 599310
-675461 601120
-674547 602549
-670026 609463
-668149 612248
-664476 617684
-663637 618916
-663180 619547
-659433 624682
-653774 632422
-651735 635208
-649389 638407
-645646 643412
-640949 649664
-635235 657261
-630622 663325
-628455 666169
-622864 673445
-620860 676020
-620174 676899
-619973 677147
-617998 679551
-613247 685329
-611538 687386
-611517 687411
-606031 693870
-604665 695471
-602876 697562
-600944 699799
-595591 705902
-589457 712863
-587710 714825
-587682 714856
-586258 716423
-581573 721486
-577743 725575
-572914 730717
-569550 734274
-562037 742137
-558768 745550
-555105 749343
-550639 753958
-549596 755017
-549525 755089
-542138 762444
-534297 770130
-531374 772991
-524783 779314
-522329 781647
-517123 786576
-515407 788191
-508022 794970
-501258 801063
-499367 802738
-492790 808554
-491720 809497
-490351 810702
-483260 816922
-478234 821305
-471717 826980
-464965 832757
-463631 833880
-457920 838663
-451549 843941
-450092 845147
-449175 845905
-448287 846626
-446960 847703
-443898 850172
-442976 850909
-440773 852655
-433277 858484
-433018 858682
-431061 860120
-425920 863884
-421209 867333
-414140 872485
-412718 873516
-409575 875789
-407427 877324
-404291 879527
-404231 879568
-400491 882071
-395103 885636
-392704 887219
-385065 892245
-383777 893088
-383219 893453
-380632 895141
-375799 898281
-374048 899418
-373594 899711
-372051 900704
-368838 902742
-361815 907174
-359951 908349
-359318 908737
-358729 909089
-351318 913449
-351177 913531
-346294 916366
-340270 919841
-337104 921660
-336233 922160
-332611 924233
-329025 926260
-322963 929527
-315295 933614
-310519 936145
-309593 936628
-309566 936642
-303169 939847
-302070 940396
-299548 941653
-292344 945224
-290777 946000
-289726 946512
-283903 949315
-282234 950095
-281564 950398
-281476 950437
-281288 950518
-279143 951440
-274091 953605
-267767 956310
-259975 959603
-256426 961035
-253161 962346
-247088 964759
-245079 965539
-237681 968396
-233452 970028
-229517 971544
-225118 973205
-223889 973665
-218152 975710
-216121 976414
-209980 978482
-207433 979281
-201969 980978
-195202 983010
-191610 984021
-184201 986027
-178167 987654
-176231 988175
-172004 989269
-171969 989278
-168034 990271
-164825 991067
-158049 992648
-150950 994296
-149116 994711
-142651 996084
-139068 996807
-138539 996902
-137796 997010
-136523 997183
-134624 997436
-134305 997477
-127972 998217
-127092 998314
-122991 998756
-122462 998809
-119883 998998
-116564 999229
-110491 999587
-109651 999624
-104835 999831
-101610 999953
-99668 1000000
