1000
0 1000000
431 999998
3616 999974
4997 999960
10718 999809
17625 999590
20764 999487
24746 999348
24851 999344
28300 999195
35079 998815
35623 998766
36940 998632
39416 998327
41596 998056
44627 997677
46528 997436
50434 996927
56654 996060
60006 995555
65347 994718
71732 993705
74659 993239
78186 992670
80573 992269
82237 991978
89317 990689
89755 990604
90711 990415
94275 989636
95964 989248
99469 988421
105151 986980
106365 986671
111265 985340
117306 983689
119831 982970
121218 982573
125026 981470
130093 979998
137888 977661
141825 976444
148642 974277
155247 972143
156484 971742
160083 970571
164692 969060
171170 966913
173669 966069
174783 965682
180457 963649
186444 961470
188893 960535
196269 957712
198570 956799
198842 956686
202797 955039
204896 954137
205224 953996
208171 952720
212438 950822
212619 950740
220170 947277
222197 946322
222411 946221
223205 945838
224473 945207
228048 943401
230555 942132
236820 938950
244100 935241
250181 932129
255450 929367
256411 928861
263598 925055
269283 922036
271254 920973
276791 917973
280623 915882
283936 914051
285456 913184
289369 910952
294100 908200
301870 903569
302647 903099
302668 903086
306091 900918
311408 897528
318323 893101
325869 888242
333385 883369
335570 881946
337073 880961
342559 877302
345036 875613
345260 875458
352740 870271
354640 868952
359817 865268
364164 862173
368042 859406
374029 855036
377382 852559
381119 849720
381964 849074
384881 846831
392371 841044
395650 838469
402703 832869
403795 831992
406410 829881
411595 825523
413682 823753
414002 823480
416909 820995
420108 818259
423580 815176
424519 814334
430782 808533
432559 806883
433987 805556
441342 798680
448617 791751
455687 784932
455791 784831
456014 784611
463726 776996
470925 769875
473692 767133
480480 760358
483463 757368
488751 752013
493657 747022
500833 739607
504366 735922
509143 730938
511436 728538
517943 721714
520915 718587
523524 715830
530835 708103
535870 702689
536835 701641
542464 695264
543006 694635
546968 690030
551371 684847
554414 681263
554582 681064
559911 674739
565590 667988
571664 660657
577165 654005
583291 646500
585202 644105
590025 638031
593137 634074
593212 633976
598569 626933
600434 624379
604552 618710
606810 615491
609038 612288
614379 604495
616322 601638
617599 599737
622604 592216
623855 590330
628032 584031
631879 578186
634096 574798
634790 573733
637684 569266
639611 566260
641038 563966
645377 556805
647042 553999
647764 552772
650218 548559
650789 547546
655044 539992
657791 535041
660332 530305
660506 529980
663092 525143
666561 518585
670198 511700
674219 503788
676050 500046
676361 499385
676612 498847
678486 494756
680309 490532
683702 482626
686190 476757
687773 472876
688515 471045
689811 467834
689985 467401
692756 460264
693017 459567
693587 458024
696482 450163
696921 448967
698067 445794
700298 439540
701322 436515
702139 434042
702161 433973
702988 431309
704361 426828
706516 419659
708351 413347
708420 413105
709220 410264
709954 407647
711927 400466
713637 394143
714265 391692
715629 386219
715939 384898
716735 381473
718126 375052
719277 369712
720453 364229
720657 363276
721162 360844
722339 354786
722449 354219
723251 349568
724543 341623
725544 335264
726299 329556
726638 326354
726967 322890
727340 318858
727709 314606
727842 313028
728345 307057
728379 306614
728591 302813
729022 294881
729347 288473
729498 285171
729627 282200
729704 280158
729776 278167
729897 274665
729944 272280
729993 266521
729993 262677
729986 258490
729888 253459
729669 245799
729562 242523
729329 236947
728996 229860
728471 221987
728127 218494
727970 216911
727923 216461
727735 215144
727534 213762
726512 207041
726501 206970
726116 204498
725473 200540
724937 197583
724438 194902
723042 187419
722355 183841
721020 177207
720239 173523
720186 173278
718507 165605
717030 159161
715896 154780
713764 147121
712494 142608
711835 140369
709536 132594
709427 132232
709143 131325
706639 123492
706487 123023
704508 116956
702041 109619
701974 109420
699719 103177
699702 103130
698841 100780
696920 95554
696207 93711
695454 91796
694501 89396
691472 81909
688907 75578
688727 75135
685571 67564
682408 60132
679269 52831
677256 48179
676993 47572
675104 43293
673895 40613
673561 39886
670284 32825
668543 29210
667236 26622
665405 23026
664728 21706
663934 20169
661565 15620
661462 15426
659440 11671
656233 5844
655162 3958
654321 2495
652386 -843
650537 -3948
646086 -11322
644303 -14274
643378 -15767
641882 -18170
639120 -22583
637678 -24862
636403 -26876
632114 -33616
631866 -34001
630598 -35964
628535 -39124
624304 -45601
620721 -51073
619361 -53120
614705 -60069
609814 -67157
608091 -69640
607852 -69970
607791 -70054
604426 -74672
603388 -76095
602642 -77116
599808 -80833
596977 -84542
595902 -85900
593665 -88701
593039 -89484
592761 -89831
591781 -91040
586574 -97392
583038 -101705
577144 -108868
575327 -111061
573766 -112925
568541 -119148
565788 -122392
563509 -125024
560468 -128520
558285 -131020
553711 -136247
550968 -139353
548979 -141590
547666 -143048
546920 -143867
541584 -149706
536031 -155773
532808 -159277
532446 -159668
529295 -162994
525851 -166619
520558 -172161
519628 -173134
513073 -179978
512219 -180869
507625 -185596
502512 -190737
499352 -193886
493072 -200057
491591 -201495
488490 -204482
481077 -211575
477898 -214585
476060 -216316
475005 -217307
468938 -222896
466520 -225043
465532 -225912
464203 -227059
464176 -227082
463108 -227987
462133 -228811
454245 -235466
447476 -241176
441465 -246210
434105 -252373
429216 -256438
423184 -261431
422667 -261857
416160 -267153
409975 -272170
403092 -277725
395827 -283541
395320 -283945
393273 -285576
387667 -290033
384156 -292804
381858 -294585
380482 -295634
379989 -296006
375440 -299323
372499 -301451
370742 -302721
363597 -307744
363077 -308105
362513 -308490
361212 -309367
353449 -314465
346644 -318817
339225 -323541
331773 -328222
329397 -329709
328432 -330301
327437 -330897
321844 -334238
314810 -338437
312914 -339564
309878 -341365
305479 -343951
301108 -346515
300726 -346738
298601 -347972
297917 -348367
295604 -349700
289250 -353359
282147 -357264
278995 -358975
277628 -359704
276970 -360053
269768 -363724
262668 -367281
257879 -369625
256878 -370111
256099 -370486
253374 -371750
247708 -374373
239765 -378022
234448 -380399
227707 -383230
227066 -383496
227034 -383509
224417 -384518
222650 -385188
219828 -386241
216029 -387649
214927 -388052
208911 -390195
207407 -390728
201934 -392667
197863 -394087
195979 -394734
192176 -396021
184551 -398597
178578 -400596
171599 -402884
169582 -403478
162266 -405619
154479 -407891
150530 -408998
147673 -409726
141763 -411209
139626 -411701
138057 -412024
132630 -413117
128354 -413886
127051 -414109
124607 -414526
124293 -414579
119591 -415334
113022 -416288
112671 -416337
112280 -416390
104781 -417405
104179 -417484
96411 -418377
95409 -418490
93048 -418756
86346 -419469
82143 -419899
81134 -420002
74250 -420701
68470 -421178
62972 -421561
61921 -421630
58772 -421776
54771 -421935
53183 -421992
52227 -422007
47262 -422053
43143 -422091
42218 -422098
38919 -422098
35073 -422091
32651 -422060
25517 -421957
19860 -421791
16469 -421617
15512 -421567
8541 -421202
1492 -420767
-5192 -420348
-5251 -420344
-6388 -420264
-8477 -420117
-8872 -420075
-16287 -419242
-21466 -418629
-23062 -418438
-23204 -418421
-29701 -417588
-31277 -417385
-33629 -417068
-40876 -415962
-42259 -415724
-42777 -415631
-48679 -414502
-48726 -414493
-49846 -414274
-56805 -412904
-64026 -411427
-67718 -410636
-72311 -409645
-79087 -408178
-81043 -407753
-84891 -406888
-90650 -405553
-92422 -405142
-92426 -405141
-94788 -404508
-101483 -402712
-105258 -401698
-109213 -400632
-116046 -398679
-123308 -396584
-125496 -395939
-126145 -395744
-126437 -395653
-131346 -394081
-135494 -392724
-143171 -390176
-147075 -388879
-152086 -387167
-153777 -386583
-156229 -385736
-158279 -385019
-159194 -384691
-161463 -383852
-164178 -382843
-169529 -380759
-171756 -379868
-179407 -376805
-182672 -375488
-185853 -374181
-186154 -374057
-193739 -370915
-194362 -370655
-200097 -368204
-202389 -367221
-209446 -364123
-214431 -361929
-215310 -361538
-215719 -361351
-222282 -358306
-223661 -357640
-227468 -355797
-228390 -355350
-230233 -354434
-231128 -353968
-232021 -353495
-237793 -350430
-238374 -350121
-242395 -347958
-245290 -346390
-248169 -344830
-254500 -341358
-257396 -339769
-262405 -337014
-264810 -335668
-272077 -331548
-279662 -327245
-287436 -322780
-289105 -321798
-295471 -318035
-297369 -316906
-298626 -316157
-300339 -315124
-302260 -313933
-304426 -312530
-310270 -308715
-310565 -308518
-310581 -308507
-312204 -307387
-313775 -306295
-318509 -302922
-321117 -301057
-326825 -296952
-334392 -291447
-339249 -287747
-340708 -286611
-345094 -283166
-350546 -278811
-354176 -275864
-355837 -274510
-357056 -273499
-363702 -267956
-366101 -265933
-366444 -265642
-369129 -263343
-377036 -256462
-377185 -256329
-382709 -251370
-385732 -248650
-390846 -244021
-396797 -238447
-403478 -232152
-406346 -229423
-408958 -226896
-411511 -224401
-413990 -221971
-414285 -221679
-418437 -217534
-423970 -211962
-425137 -210764
-429900 -205709
-434566 -200538
-441159 -193199
-446756 -186934
-451819 -181218
-452690 -180234
-453069 -179803
-454893 -177728
-454972 -177638
-456299 -176119
-459393 -172568
-465114 -165856
-469939 -160023
-475082 -153709
-480185 -147408
-486562 -139508
-489729 -135574
-495882 -127929
-500312 -122396
-504121 -117492
-505593 -115589
-509604 -110277
-511951 -107099
-512436 -106438
-513347 -105167
-515780 -101767
-520042 -95760
-524387 -89614
-528810 -83329
-531778 -79074
-532296 -78329
-535985 -72920
-541078 -65123
-542655 -62707
-545136 -58872
-549717 -51748
-551330 -49233
-552951 -46669
-554247 -44588
-555158 -42898
-559416 -34985
-559515 -34800
-562729 -28725
-564012 -26218
-566402 -21499
-568386 -17560
-569405 -15523
-572836 -8663
-576551 -1087
-579874 5690
-583262 12737
-584961 16305
-588577 24006
-591746 31055
-594485 37207
-595623 39774
-598136 45676
-601369 53360
-602840 56873
-605558 63444
-607735 68723
-610721 76260
-613278 82801
-615893 89512
-618771 96999
-620786 102492
-621097 103346
-623268 109472
-623637 110526
-626198 118081
-627919 123307
-630468 131133
-632860 138668
-634607 144328
-636938 151947
-639219 159416
-639702 161050
-640184 162685
-641301 166614
-643537 174525
-643718 175190
-645460 181811
-647432 189416
-648502 193903
-648762 195006
-648911 195675
-649753 199456
-650372 202310
-651147 206178
-651348 207247
-652760 214776
-653191 217231
-653979 221798
-654720 226120
-655504 230969
-656286 236016
-657305 242784
-657592 245030
-658521 252710
-659323 259733
-659495 261250
-659986 265617
-660071 266386
-660125 266879
-660642 271614
-661113 276091
-661145 276396
-661415 278977
-661765 282528
-662106 286662
-662152 287267
-662231 289250
-662313 291681
-662330 292717
-662343 294677
-662368 299523
-662373 300730
-662389 306673
-662389 306674
-662386 307366
-662367 308387
-662299 310874
-662132 315685
-662089 316607
-662058 317267
-661951 319505
-661852 321372
-661718 323807
-661183 331479
-661180 331520
-661037 333252
-661026 333380
-660785 336168
-660126 342406
-659309 349477
-658669 354918
-658329 357429
-657430 363179
-656904 366432
-655711 373569
-654622 379886
-654214 382209
-654079 382892
-653611 385251
-653407 386222
-651942 393094
-651703 394215
-650297 400492
-648946 406308
-648129 409772
-646726 415697
-645923 419079
-645711 419936
-644837 423427
-644718 423887
-643543 428149
-642622 431384
-640893 437310
-640515 438601
-638680 444482
-636343 451527
-634217 457658
-632480 462667
-629867 470108
-627877 475737
-626900 478484
-624557 484621
-623966 486155
-622743 489300
-620216 495354
-618925 498446
-618912 498477
-616000 505408
-612942 512567
-609683 520151
-606414 527729
-606191 528236
-602672 535890
-599839 541772
-597646 546303
-595477 550760
-592203 557485
-590360 561270
-588337 565392
-587171 567743
-584386 573286
-582913 576210
-580241 581503
-579048 583824
-575683 590331
-572031 597222
-568410 604052
-568301 604257
-567562 605644
-563993 612274
-562620 614791
-561723 616433
-558732 621903
-556688 625478
-555825 626977
-555434 627650
-551933 633594
-548512 639399
-548077 640133
-544584 645980
-543819 647253
-539846 653837
-537195 658172
-535058 661642
-534579 662419
-533143 664746
-529017 671043
-528516 671779
-526403 674875
-524309 677910
-521032 682592
-519924 684159
-518979 685472
-518240 686491
-513396 693154
-510942 696495
-506013 703190
-500562 710335
-498866 712528
-493380 719563
-487744 726592
-486459 728186
-483139 732265
-478320 738172
-474082 743321
-469853 748432
-469235 749177
-468094 750552
-466501 752453
-463323 756234
-462065 757687
-460765 759180
-455895 764743
-454937 765830
-451458 769759
-445575 776349
-445452 776485
-443047 779136
-439450 783043
-433481 789508
-432678 790371
-430463 792733
-427464 795876
-419830 803805
-415365 808434
-412877 811007
-412243 811662
-409004 814705
-407640 815952
-401418 821557
-401022 821912
-400752 822153
-398521 824140
-398178 824445
-396001 826347
-391329 830282
-388280 832824
-387467 833498
-382672 837449
-376523 842468
-375052 843667
-369850 847868
-362545 853749
-355784 859191
-349849 863915
-347360 865858
-340139 871494
-337396 873591
-330279 878917
-324085 883488
-317818 888100
-317754 888147
-312499 891975
-312351 892082
-310090 893688
-309719 893948
-302506 898918
-299808 900759
-294715 904100
-289719 907371
-286987 909150
-281510 912605
-279719 913711
-272536 918085
-266900 921506
-261331 924823
-257343 927198
-251434 930590
-247551 932785
-246459 933390
-245889 933701
-242286 935656
-241774 935929
-237151 938372
-237126 938385
-230640 941692
-229179 942426
-223856 945093
-216705 948602
-215701 949073
-212974 950352
-211858 950875
-206343 953388
-205998 953542
-203473 954641
-201126 955655
-200362 955978
-196304 957689
-189595 960439
-187410 961326
-186744 961591
-183347 962942
-177941 965077
-171954 967304
-164935 969892
-163367 970469
-155650 973108
-154327 973553
-153196 973926
-149559 975123
-148848 975344
-146189 976154
-143803 976871
-142332 977302
-139192 978191
-135876 979114
-130569 980579
-122997 982588
-120536 983224
-115035 984636
-108443 986271
-100954 988074
-94657 989534
-92328 990040
-90505 990389
-87128 991022
-80409 992261
-79636 992403
-76439 992972
-74250 993360
-67888 994461
-67206 994574
-66787 994643
-65735 994810
-63822 995080
-62420 995271
-56811 996015
-49285 996928
-43797 997585
-36934 998393
-35378 998556
-35367 998557
-32977 998738
-29917 998955
-29052 999014
-21532 999525
-19433 999638
-16758 999730
-11852 999853
-11048 999872
-8893 999920
-6306 999951
-1 1000000
