938
0 1000000
6533 999848
12422 999690
18364 999495
24269 999294
30604 999067
37724 998774
39359 998703
46275 998382
50933 998133
55847 997858
59824 997635
65970 997230
66419 997199
69542 996982
71053 996874
78750 996292
80242 996179
83391 995919
90812 995297
92967 995110
95748 994860
101527 994339
106973 993844
111588 993406
111899 993376
113152 993239
116289 992876
117802 992662
122007 991991
125543 991404
130178 990586
133059 990060
136328 989426
136770 989337
143443 987866
145334 987445
151602 986026
158599 984334
161705 983575
169422 981686
175331 980201
179850 978943
186178 977166
191629 975557
195395 974422
202350 972300
205718 971261
212412 969170
216526 967777
222851 965635
227244 964130
227717 963966
232723 962179
233932 961721
235055 961282
238029 960103
242146 958465
246221 956788
253519 953609
253689 953532
258238 951404
260697 950225
266026 947669
270475 945528
270652 945440
276055 942739
281405 940060
287544 936829
293707 933538
297845 931319
298119 931170
301360 929358
308449 925345
313306 922587
313999 922189
318518 919539
326183 914965
328837 913336
330938 912044
336307 908687
337009 908248
339262 906830
342427 904726
344532 903317
350292 899428
353141 897501
360781 892258
361323 891885
365245 889108
367484 887455
372505 883682
376256 880814
377966 879501
385561 873613
386193 873118
390406 869810
395724 865579
398155 863637
403262 859551
403589 859285
410278 853802
412377 852072
419435 846167
423062 843072
428851 838040
435792 831970
438296 829743
438907 829189
444890 823675
450915 818104
452528 816601
454455 814801
460374 809246
467045 802927
473774 796512
475813 794553
480900 789659
482219 788385
489894 780961
493920 777030
498333 772696
506007 765113
506696 764428
512747 758348
516271 754761
516882 754128
518501 752427
522836 747719
526635 743586
531488 738297
535717 733630
536844 732386
542576 725995
545841 722332
547912 719969
554021 712892
560379 705437
565132 699827
566993 697619
572200 691406
574598 688501
578641 683532
584768 675921
586440 673824
588190 671573
593339 664903
597085 660024
597692 659231
599024 657478
602767 652517
607017 646830
609945 642857
610366 642284
613149 638429
617203 632796
617301 632659
619839 629030
621355 626843
624776 621892
624807 621847
630136 614082
633111 609549
633134 609513
635724 605342
638281 601176
642598 593963
645665 588739
649212 582606
650036 581145
652865 575917
653904 573983
654073 573668
657928 566449
659110 564182
662463 557368
663600 555032
666380 549225
667722 546408
669189 543319
671600 538221
672301 536732
675530 529790
675954 528875
678905 522443
681680 516345
682119 515375
682832 513761
686049 506242
686140 506022
687109 503671
689936 496795
690169 496200
691687 492253
693923 486368
694584 484587
696675 478859
697891 475224
700253 467715
701788 462481
702917 458603
704129 454318
705731 448625
706007 447594
706216 446799
708075 439674
710070 431965
711319 427117
712840 420609
713920 415688
714261 414123
715769 406928
717058 400687
718205 394991
718263 394664
719162 389148
720257 381650
720456 380265
721373 372491
721591 370508
722244 364130
722385 362542
722884 356709
723060 354598
723479 349323
723938 341831
723985 340989
724226 336288
724529 329717
724539 329474
724598 327122
724755 320235
724844 315297
724879 312394
724879 223678
724817 217913
724738 211092
724701 209082
724685 208295
724489 203774
724436 202805
724177 199169
724005 196992
723958 196407
723945 196273
723396 191529
723379 191388
722501 184187
722268 182574
721562 177787
721058 174524
720899 173569
720880 173458
719998 168491
719541 166161
718715 162044
718310 160203
716987 154450
716463 152259
716093 150732
715927 150053
715404 147936
714914 145975
713133 139026
711161 131343
710391 128376
709414 124693
708637 122004
708000 119861
706941 116314
704972 109767
704838 109340
702461 101803
700165 94532
698959 90901
697601 86822
696964 84913
695895 81730
695424 80363
693461 74719
692424 71746
691602 69437
688919 61906
688583 60963
687109 56830
687105 56819
684640 50043
683367 46609
681095 40662
680316 38630
677819 32170
675518 26231
674759 24280
674645 23987
671810 16843
669541 11274
669207 10521
668274 8461
666091 3706
664576 423
662041 -4880
661408 -6174
658785 -11525
658568 -11965
658393 -12313
655028 -18999
653321 -22343
652561 -23816
651798 -25289
651032 -26762
648866 -30789
647416 -33392
645309 -37048
640975 -44537
639920 -46334
637861 -49798
636169 -52485
633184 -57191
632478 -58296
631279 -60169
631218 -60264
629060 -63619
628661 -64236
625422 -69160
624131 -71070
623874 -71450
620834 -75677
617569 -80185
617098 -80823
612896 -86474
611379 -88503
605952 -95720
604329 -97864
599822 -103775
597050 -107406
592104 -113733
592004 -113860
590627 -115589
590187 -116140
587450 -119552
586741 -120421
580770 -127688
578742 -130105
574977 -134523
571808 -138224
569749 -140617
568597 -141926
567336 -143334
565145 -145748
558124 -153390
557278 -154273
550822 -160952
549497 -162306
542289 -169529
540751 -171070
538224 -173596
535130 -176681
527644 -184048
522669 -188812
515122 -195889
507433 -202785
503662 -206143
500361 -209051
494194 -214466
490781 -217457
486610 -221048
485987 -221581
483087 -224062
479262 -227334
476816 -229425
471615 -233731
469401 -235562
461948 -241663
454454 -247572
449409 -251519
444042 -255688
443144 -256377
441381 -257723
437246 -260861
437161 -260922
432290 -264394
430620 -265577
423469 -270552
420868 -272344
414573 -276675
408036 -281081
403328 -284254
402564 -284761
400049 -286409
398232 -287585
390595 -292483
389279 -293266
384099 -296243
380844 -298065
380333 -298346
377733 -299713
372774 -302307
372697 -302347
370280 -303601
369214 -304148
365615 -305980
359621 -308987
351868 -312849
346105 -315673
342968 -317200
335569 -320698
335381 -320785
334947 -320976
329065 -323551
325010 -325325
317457 -328525
317431 -328536
309704 -331774
308803 -332134
304717 -333695
302882 -334389
300851 -335155
297583 -336374
297092 -336555
296474 -336778
289461 -339302
282060 -341955
275050 -344396
268023 -346829
266660 -347300
265501 -347700
260613 -349335
254234 -351460
247605 -353568
243718 -354778
241396 -355499
238465 -356392
234251 -357637
233112 -357969
233044 -357988
231491 -358412
224658 -360212
217892 -361849
210773 -363558
207574 -364288
205660 -364709
200954 -365682
198397 -366195
191437 -367586
184134 -368905
178683 -369827
171911 -370914
170493 -371135
166268 -371657
166149 -371669
162168 -372007
155795 -372545
149884 -373033
147565 -373223
140332 -373801
136337 -374078
135305 -374145
129490 -374493
122016 -374914
121594 -374935
120548 -374986
117244 -375139
116277 -375174
114484 -375234
113879 -375246
113230 -375258
111877 -375277
108078 -375325
98465 -375325
97328 -375312
90663 -375211
84242 -375111
83057 -375070
77346 -374738
75382 -374561
72881 -374300
66290 -373612
61683 -372839
59734 -372508
53097 -371169
48541 -370182
41961 -368703
36014 -367353
33457 -366728
31788 -366319
26273 -364955
24767 -364560
18477 -362767
15912 -362024
8689 -359925
6179 -359174
-1209 -356943
-7402 -355059
-8108 -354840
-8342 -354767
-8376 -354756
-15122 -352557
-17453 -351796
-21102 -350597
-21658 -350414
-29017 -347964
-31698 -347038
-35632 -345595
-37878 -344760
-39007 -344336
-42308 -342983
-47809 -340697
-54620 -337839
-55471 -337472
-60177 -335415
-60384 -335324
-66446 -332631
-71755 -330248
-75630 -328479
-78101 -327294
-85698 -323551
-92123 -320249
-97756 -317291
-104919 -313422
-108690 -311342
-113650 -308603
-117867 -306271
-124775 -302428
-131170 -298839
-135456 -296398
-138527 -294605
-142447 -292294
-147437 -289343
-153166 -285950
-159697 -281983
-166497 -277744
-166645 -277649
-167353 -277192
-174202 -272733
-177360 -270664
-178631 -269828
-181660 -267808
-183595 -266499
-187113 -264096
-190736 -261574
-195620 -258147
-200365 -254791
-203597 -252502
-203900 -252287
-204431 -251901
-209590 -248010
-211211 -246787
-212673 -245674
-217976 -241628
-224899 -236291
-229449 -232774
-237072 -226848
-237871 -226222
-244326 -221160
-247324 -218795
-253743 -213725
-255083 -212666
-256282 -211702
-257666 -210579
-257950 -210346
-259295 -209222
-266538 -203089
-273531 -197114
-277936 -193317
-285609 -186661
-289242 -183488
-289507 -183254
-296780 -176818
-302937 -171313
-309468 -165417
-310171 -164766
-312384 -162699
-313705 -161450
-321254 -154300
-328824 -147111
-336283 -139944
-341928 -134415
-343221 -133136
-345079 -131289
-351317 -125062
-356280 -120079
-361058 -115270
-366532 -109759
-371074 -105128
-378045 -97956
-383132 -92716
-390503 -85029
-393916 -81430
-399657 -75368
-405844 -68831
-412472 -61748
-413136 -61031
-420105 -53320
-420961 -52343
-427418 -44972
-432678 -38911
-434984 -36248
-438747 -31901
-444738 -24969
-450440 -18258
-453673 -14451
-459217 -7702
-462382 -3846
-466197 847
-471881 7878
-472385 8509
-475393 12288
-477382 14813
-478442 16164
-479321 17299
-484151 23612
-487920 28625
-490743 32457
-493712 36509
-497291 41404
-498873 43575
-498881 43586
-501034 46573
-502034 47984
-504116 50929
-505344 52684
-510478 60165
-513762 65180
-516161 68861
-520750 75937
-524931 82398
-526458 84761
-531053 91998
-533851 96431
-537138 101726
-538015 103164
-538164 103413
-538229 103525
-540366 107228
-540400 107287
-542478 110916
-542880 111625
-544965 115326
-549184 122857
-551293 126665
-554478 132578
-557071 137482
-557718 138736
-558731 140727
-560239 143744
-563306 149907
-565540 154476
-566258 155945
-568053 159637
-571297 166454
-572003 167997
-574490 173527
-574494 173536
-574656 173901
-578017 181495
-578358 182266
-581609 189809
-584580 196844
-585819 199867
-586660 201964
-588264 206219
-590376 211860
-592291 217132
-592731 218361
-593239 219814
-595624 226653
-597751 232753
-598480 234861
-600839 241739
-603246 249094
-603891 251202
-604112 251959
-605263 255921
-606302 259725
-607637 264958
-608245 267481
-609654 273526
-609759 273978
-611374 281216
-612192 285081
-612387 286007
-613693 292570
-614246 295444
-614977 299389
-615534 303105
-615767 304808
-616539 310631
-617408 318008
-617819 321549
-618108 324204
-618475 327624
-619125 334733
-619790 342116
-619881 343142
-620437 349753
-620732 353285
-621003 356973
-621082 358400
-621296 362417
-621447 366272
-621550 369823
-621600 371572
-621636 378659
-621636 378660
-621635 380310
-621610 383699
-621589 385429
-621579 385962
-621397 391923
-621356 393189
-621295 394764
-621091 398573
-621083 398718
-620890 401708
-620446 407563
-619949 413827
-619382 420419
-618737 427363
-617951 434964
-617776 436281
-616883 442948
-616652 444668
-615604 451715
-615399 453091
-614558 458663
-614371 459803
-613804 463129
-613733 463519
-613651 463966
-613530 464622
-613506 464743
-612490 469842
-611762 473491
-611053 476903
-610062 481646
-609563 484006
-608577 488669
-608429 489368
-607383 493871
-607318 494125
-605359 501480
-605093 502433
-604706 503805
-603912 506600
-602366 512039
-600454 518440
-599733 520817
-599728 520833
-597506 527812
-595545 533827
-593554 539805
-592866 541722
-592077 543896
-591369 545803
-589846 549583
-588322 553316
-587303 555794
-584123 563527
-582072 568506
-580173 572986
-577876 578161
-575663 583101
-573164 588598
-571792 591525
-568713 597979
-566086 603271
-562658 609940
-561736 611713
-558215 618465
-556942 620874
-553955 626302
-551106 631290
-548519 635793
-547962 636755
-544657 642364
-544288 642978
-541861 646939
-538595 652220
-534220 658979
-531907 662548
-528088 668223
-527237 669452
-523718 674410
-522841 675644
-520094 679484
-519360 680505
-518241 682036
-516741 684059
-511227 691296
-509398 693535
-507864 695400
-505523 698187
-500824 703733
-498876 705966
-492372 713407
-489573 716589
-486143 720440
-482221 724831
-479919 727346
-479021 728321
-475057 732544
-473927 733735
-470494 737340
-468355 739568
-462446 745633
-462169 745908
-459609 748425
-452558 755348
-445089 762648
-440371 767211
-438920 768609
-432957 774202
-426296 780429
-421922 784508
-418785 787424
-413390 792417
-412779 792982
-407040 798267
-402349 802569
-400714 804068
-394542 809725
-387923 815665
-382513 820518
-381111 821767
-379010 823622
-378111 824415
-374542 827551
-372807 829059
-366407 834612
-366279 834723
-364654 836129
-360869 839362
-355500 843878
-348882 849427
-345611 852129
-340050 856695
-337645 858663
-335452 860450
-334819 860965
-333202 862272
-332477 862851
-326701 867402
-323386 869998
-323302 870063
-322631 870571
-321774 871208
-320074 872471
-320039 872497
-319702 872743
-314032 876864
-313987 876896
-308652 880687
-305246 883068
-301651 885574
-295571 889791
-295022 890171
-292477 891927
-285380 896790
-278525 901444
-272226 905659
-271623 906059
-264784 910570
-258521 914695
-256788 915835
-256508 916018
-255700 916545
-248382 921300
-242287 925197
-238838 927398
-238579 927562
-231349 932129
-225574 935700
-218887 939764
-218494 939997
-214375 942414
-212516 943499
-210095 944859
-208662 945597
-202761 948568
-202630 948633
-197869 950831
-195714 951789
-192293 953270
-186406 955733
-180194 958294
-174405 960638
-169378 962658
-167948 963229
-164185 964725
-159984 966372
-152281 969378
-149892 970310
-149340 970521
-146437 971623
-143628 972669
-140660 973774
-133959 976164
-132278 976736
-124791 979280
-121808 980282
-114615 982664
-108623 984585
-104170 985961
-98861 987544
-93825 989023
-86138 991263
-84709 991674
-83529 991967
-80598 992629
-75099 993863
-72959 994320
-71856 994552
-69584 994969
-68122 995236
-66947 995433
-62045 996226
-58064 996779
-57255 996890
-55530 997116
-53449 997340
-47006 997979
-43077 998362
-42071 998445
-40516 998573
-39667 998641
-33901 999080
-33231 999127
-27596 999500
-27371 999511
-25607 999594
-24097 999657
-23059 999700
-22652 999716
-21713 999751
-17040 999892
-13615 999945
-5930 999999
-1 1000000
