4236
-675575 999390
-674772 999391
-673968 999392
-673163 999393
-672357 999394
-671550 999395
-670742 999396
-669933 999397
-669123 999398
-668312 999399
-667500 999400
-666687 999401
-665873 999402
-665058 999403
-664242 999404
-663425 999405
-662607 999406
-661788 999407
-660968 999408
-660147 999409
-659325 999410
-658502 999411
-657678 999412
-656853 999413
-656027 999414
-655200 999415
-654372 999416
-653543 999417
-652713 999418
-651882 999419
-651050 999420
-650217 999421
-649383 999422
-648548 999423
-647712 999424
-646875 999425
-646037 999426
-645198 999427
-644358 999428
-643517 999429
-642675 999430
-641832 999431
-640988 999432
-640143 999433
-639297 999434
-638450 999435
-637602 999436
-636753 999437
-635903 999438
-635052 999439
-634200 999440
-633347 999441
-632493 999442
-631638 999443
-630782 999444
-629925 999445
-629067 999446
-628208 999447
-627348 999448
-626487 999449
-625625 999450
-624762 999451
-623898 999452
-623033 999453
-622167 999454
-621300 999455
-620432 999456
-619563 999457
-618693 999458
-617822 999459
-616950 999460
-616077 999461
-615203 999462
-614328 999463
-613452 999464
-612575 999465
-611697 999466
-610818 999467
-609938 999468
-609057 999469
-608175 999470
-607292 999471
-606408 999472
-605523 999473
-604637 999474
-603750 999475
-602862 999476
-601973 999477
-601083 999478
-600192 999479
-599300 999480
-598407 999481
-597513 999482
-596618 999483
-595722 999484
-594825 999485
-593927 999486
-593028 999487
-592128 999488
-591227 999489
-590325 999490
-589422 999491
-588518 999492
-587613 999493
-586707 999494
-585800 999495
-584892 999496
-583983 999497
-583073 999498
-582162 999499
-581250 999500
-580337 999501
-579423 999502
-578508 999503
-577592 999504
-576675 999505
-575757 999506
-574838 999507
-573918 999508
-572997 999509
-572075 999510
-571152 999511
-570228 999512
-569303 999513
-568377 999514
-567450 999515
-566522 999516
-565593 999517
-564663 999518
-563732 999519
-562800 999520
-561867 999521
-560933 999522
-559998 999523
-559062 999524
-558125 999525
-557187 999526
-556248 999527
-555308 999528
-554367 999529
-553425 999530
-552482 999531
-551538 999532
-550593 999533
-549647 999534
-548700 999535
-547752 999536
-546803 999537
-545853 999538
-544902 999539
-543950 999540
-542997 999541
-542043 999542
-541088 999543
-540132 999544
-539175 999545
-538217 999546
-537258 999547
-536298 999548
-535337 999549
-534375 999550
-533412 999551
-532448 999552
-531483 999553
-530517 999554
-529550 999555
-528582 999556
-527613 999557
-526643 999558
-525672 999559
-524700 999560
-523727 999561
-522753 999562
-521778 999563
-520802 999564
-519825 999565
-518847 999566
-517868 999567
-516888 999568
-515907 999569
-514925 999570
-513942 999571
-512958 999572
-511973 999573
-510987 999574
-510000 999575
-509012 999576
-508023 999577
-507033 999578
-506042 999579
-505050 999580
-504057 999581
-503063 999582
-502068 999583
-501072 999584
-500075 999585
-499077 999586
-498078 999587
-497078 999588
-496077 999589
-495075 999590
-494072 999591
-493068 999592
-492063 999593
-491057 999594
-490050 999595
-489042 999596
-488033 999597
-487023 999598
-486012 999599
-485000 999600
-483987 999601
-482973 999602
-481958 999603
-480942 999604
-479925 999605
-478907 999606
-477888 999607
-476868 999608
-475847 999609
-474825 999610
-473802 999611
-472778 999612
-471753 999613
-470727 999614
-469700 999615
-468672 999616
-467643 999617
-466613 999618
-465582 999619
-464550 999620
-463517 999621
-462483 999622
-461448 999623
-460412 999624
-459375 999625
-458337 999626
-457298 999627
-456258 999628
-455217 999629
-454175 999630
-453132 999631
-452088 999632
-451043 999633
-449997 999634
-448950 999635
-447902 999636
-446853 999637
-445803 999638
-444752 999639
-443700 999640
-442647 999641
-441593 999642
-440538 999643
-439482 999644
-438425 999645
-437367 999646
-436308 999647
-435248 999648
-434187 999649
-433125 999650
-432062 999651
-430998 999652
-429933 999653
-428867 999654
-427800 999655
-426732 999656
-425663 999657
-424593 999658
-423522 999659
-422450 999660
-421377 999661
-420303 999662
-419228 999663
-418152 999664
-417075 999665
-415997 999666
-414918 999667
-413838 999668
-412757 999669
-411675 999670
-410592 999671
-409508 999672
-408423 999673
-407337 999674
-406250 999675
-405162 999676
-404073 999677
-402983 999678
-401892 999679
-400800 999680
-399707 999681
-398613 999682
-397518 999683
-396422 999684
-395325 999685
-394227 999686
-393128 999687
-392028 999688
-390927 999689
-389825 999690
-388722 999691
-387618 999692
-386513 999693
-385407 999694
-384300 999695
-383192 999696
-382083 999697
-380973 999698
-379862 999699
-378750 999700
-377637 999701
-376523 999702
-375408 999703
-374292 999704
-373175 999705
-372057 999706
-370938 999707
-369818 999708
-368697 999709
-367575 999710
-366452 999711
-365328 999712
-364203 999713
-363077 999714
-361950 999715
-360822 999716
-359693 999717
-358563 999718
-357432 999719
-356300 999720
-355167 999721
-354033 999722
-352898 999723
-351762 999724
-350625 999725
-349487 999726
-348348 999727
-347208 999728
-346067 999729
-344925 999730
-343782 999731
-342638 999732
-341493 999733
-340347 999734
-339200 999735
-338052 999736
-336903 999737
-335753 999738
-334602 999739
-333450 999740
-332297 999741
-331143 999742
-329988 999743
-328832 999744
-327675 999745
-326517 999746
-325358 999747
-324198 999748
-323037 999749
-321875 999750
-320712 999751
-319548 999752
-318383 999753
-317217 999754
-316050 999755
-314882 999756
-313713 999757
-312543 999758
-311372 999759
-310200 999760
-309027 999761
-307853 999762
-306678 999763
-305502 999764
-304325 999765
-303147 999766
-301968 999767
-300788 999768
-299607 999769
-298425 999770
-297242 999771
-296058 999772
-294873 999773
-293687 999774
-292500 999775
-291312 999776
-290123 999777
-288933 999778
-287742 999779
-286550 999780
-285357 999781
-284163 999782
-282968 999783
-281772 999784
-280575 999785
-279377 999786
-278178 999787
-276978 999788
-275777 999789
-274575 999790
-273372 999791
-272168 999792
-270963 999793
-269757 999794
-268550 999795
-267342 999796
-266133 999797
-264923 999798
-263712 999799
-262500 999800
-261287 999801
-260073 999802
-258858 999803
-257642 999804
-256425 999805
-255207 999806
-253988 999807
-252768 999808
-251547 999809
-250325 999810
-249102 999811
-247878 999812
-246653 999813
-245427 999814
-244200 999815
-242972 999816
-241743 999817
-240513 999818
-239282 999819
-238050 999820
-236817 999821
-235583 999822
-234348 999823
-233112 999824
-231875 999825
-230637 999826
-229398 999827
-228158 999828
-226917 999829
-225675 999830
-224432 999831
-223188 999832
-221943 999833
-220697 999834
-219450 999835
-218202 999836
-216953 999837
-215703 999838
-214452 999839
-213200 999840
-211947 999841
-210693 999842
-209438 999843
-208182 999844
-206925 999845
-205667 999846
-204408 999847
-203148 999848
-201887 999849
-200625 999850
-199362 999851
-198098 999852
-196833 999853
-195567 999854
-194300 999855
-193032 999856
-191763 999857
-190493 999858
-189222 999859
-187950 999860
-186677 999861
-185403 999862
-184128 999863
-182852 999864
-181575 999865
-180297 999866
-179018 999867
-177738 999868
-176457 999869
-175175 999870
-173892 999871
-172608 999872
-171323 999873
-170037 999874
-168750 999875
-167462 999876
-166173 999877
-164883 999878
-163592 999879
-162300 999880
-161007 999881
-159713 999882
-158418 999883
-157122 999884
-155825 999885
-154527 999886
-153228 999887
-151928 999888
-150627 999889
-149325 999890
-148022 999891
-146718 999892
-145413 999893
-144107 999894
-142800 999895
-141492 999896
-140183 999897
-138873 999898
-137562 999899
-136250 999900
-134937 999901
-133623 999902
-132308 999903
-130992 999904
-129675 999905
-128357 999906
-127038 999907
-125718 999908
-124397 999909
-123075 999910
-121752 999911
-120428 999912
-119103 999913
-117777 999914
-116450 999915
-115122 999916
-113793 999917
-112463 999918
-111132 999919
-109800 999920
-108467 999921
-107133 999922
-105798 999923
-104462 999924
-103125 999925
-101787 999926
-100448 999927
-99108 999928
-97767 999929
-96425 999930
-95082 999931
-93738 999932
-92393 999933
-91047 999934
-89700 999935
-88352 999936
-87003 999937
-85653 999938
-84302 999939
-82950 999940
-81597 999941
-80243 999942
-78888 999943
-77532 999944
-76175 999945
-74817 999946
-73458 999947
-72098 999948
-70737 999949
-69375 999950
-68012 999951
-66648 999952
-65283 999953
-63917 999954
-62550 999955
-61182 999956
-59813 999957
-58443 999958
-57072 999959
-55700 999960
-54327 999961
-52953 999962
-51578 999963
-50202 999964
-48825 999965
-47447 999966
-46068 999967
-44688 999968
-43307 999969
-41925 999970
-40542 999971
-39158 999972
-37773 999973
-36387 999974
-35000 999975
-33612 999976
-32223 999977
-30833 999978
-29442 999979
-28050 999980
-26657 999981
-25263 999982
-23868 999983
-22472 999984
-21075 999985
-19677 999986
-18278 999987
-16878 999988
-15477 999989
-14075 999990
-12672 999991
-11268 999992
-9863 999993
-8457 999994
-7050 999995
-5642 999996
-4233 999997
-2823 999998
-1412 999999
0 1000000
1412 999999
2823 999998
4233 999997
5642 999996
7050 999995
8457 999994
9863 999993
11268 999992
12672 999991
14075 999990
15477 999989
16878 999988
18278 999987
19677 999986
21075 999985
22472 999984
23868 999983
25263 999982
26657 999981
28050 999980
29442 999979
30833 999978
32223 999977
33612 999976
35000 999975
36387 999974
37773 999973
39158 999972
40542 999971
41925 999970
43307 999969
44688 999968
46068 999967
47447 999966
48825 999965
50202 999964
51578 999963
52953 999962
54327 999961
55700 999960
57072 999959
58443 999958
59813 999957
61182 999956
62550 999955
63917 999954
65283 999953
66648 999952
68012 999951
69375 999950
70737 999949
72098 999948
73458 999947
74817 999946
76175 999945
77532 999944
78888 999943
80243 999942
81597 999941
82950 999940
84302 999939
85653 999938
87003 999937
88352 999936
89700 999935
91047 999934
92393 999933
93738 999932
95082 999931
96425 999930
97767 999929
99108 999928
100448 999927
101787 999926
103125 999925
104462 999924
105798 999923
107133 999922
108467 999921
109800 999920
111132 999919
112463 999918
113793 999917
115122 999916
116450 999915
117777 999914
119103 999913
120428 999912
121752 999911
123075 999910
124397 999909
125718 999908
127038 999907
128357 999906
129675 999905
130992 999904
132308 999903
133623 999902
134937 999901
136250 999900
137562 999899
138873 999898
140183 999897
141492 999896
142800 999895
144107 999894
145413 999893
146718 999892
148022 999891
149325 999890
150627 999889
151928 999888
153228 999887
154527 999886
155825 999885
157122 999884
158418 999883
159713 999882
161007 999881
162300 999880
163592 999879
164883 999878
166173 999877
167462 999876
168750 999875
170037 999874
171323 999873
172608 999872
173892 999871
175175 999870
176457 999869
177738 999868
179018 999867
180297 999866
181575 999865
182852 999864
184128 999863
185403 999862
186677 999861
187950 999860
189222 999859
190493 999858
191763 999857
193032 999856
194300 999855
195567 999854
196833 999853
198098 999852
199362 999851
200625 999850
201887 999849
203148 999848
204408 999847
205667 999846
206925 999845
208182 999844
209438 999843
210693 999842
211947 999841
213200 999840
214452 999839
215703 999838
216953 999837
218202 999836
219450 999835
220697 999834
221943 999833
223188 999832
224432 999831
225675 999830
226917 999829
228158 999828
229398 999827
230637 999826
231875 999825
233112 999824
234348 999823
235583 999822
236817 999821
238050 999820
239282 999819
240513 999818
241743 999817
242972 999816
244200 999815
245427 999814
246653 999813
247878 999812
249102 999811
250325 999810
251547 999809
252768 999808
253988 999807
255207 999806
256425 999805
257642 999804
258858 999803
260073 999802
261287 999801
262500 999800
263712 999799
264923 999798
266133 999797
267342 999796
268550 999795
269757 999794
270963 999793
272168 999792
273372 999791
274575 999790
275777 999789
276978 999788
278178 999787
279377 999786
280575 999785
281772 999784
282968 999783
284163 999782
285357 999781
286550 999780
287742 999779
288933 999778
290123 999777
291312 999776
292500 999775
293687 999774
294873 999773
296058 999772
297242 999771
298425 999770
299607 999769
300788 999768
301968 999767
303147 999766
304325 999765
305502 999764
306678 999763
307853 999762
309027 999761
310200 999760
311372 999759
312543 999758
313713 999757
314882 999756
316050 999755
317217 999754
318383 999753
319548 999752
320712 999751
321875 999750
323037 999749
324198 999748
325358 999747
326517 999746
327675 999745
328832 999744
329988 999743
331143 999742
332297 999741
333450 999740
334602 999739
335753 999738
336903 999737
338052 999736
339200 999735
340347 999734
341493 999733
342638 999732
343782 999731
344925 999730
346067 999729
347208 999728
348348 999727
349487 999726
350625 999725
351762 999724
352898 999723
354033 999722
355167 999721
356300 999720
357432 999719
358563 999718
359693 999717
360822 999716
361950 999715
363077 999714
364203 999713
365328 999712
366452 999711
367575 999710
368697 999709
369818 999708
370938 999707
372057 999706
373175 999705
374292 999704
375408 999703
376523 999702
377637 999701
378750 999700
379862 999699
380973 999698
382083 999697
383192 999696
384300 999695
385407 999694
386513 999693
387618 999692
388722 999691
389825 999690
390927 999689
392028 999688
393128 999687
394227 999686
395325 999685
396422 999684
397518 999683
398613 999682
399707 999681
400800 999680
401892 999679
402983 999678
404073 999677
405162 999676
406250 999675
407337 999674
408423 999673
409508 999672
410592 999671
411675 999670
412757 999669
413838 999668
414918 999667
415997 999666
417075 999665
418152 999664
419228 999663
420303 999662
421377 999661
422450 999660
423522 999659
424593 999658
425663 999657
426732 999656
427800 999655
428867 999654
429933 999653
430998 999652
432062 999651
433125 999650
434187 999649
435248 999648
436308 999647
437367 999646
438425 999645
439482 999644
440538 999643
441593 999642
442647 999641
443700 999640
444752 999639
445803 999638
446853 999637
447902 999636
448950 999635
449997 999634
451043 999633
452088 999632
453132 999631
454175 999630
455217 999629
456258 999628
457298 999627
458337 999626
459375 999625
460412 999624
461448 999623
462483 999622
463517 999621
464550 999620
465582 999619
466613 999618
467643 999617
468672 999616
469700 999615
470727 999614
471753 999613
472778 999612
473802 999611
474825 999610
475847 999609
476868 999608
477888 999607
478907 999606
479925 999605
480942 999604
481958 999603
482973 999602
483987 999601
485000 999600
486012 999599
487023 999598
488033 999597
489042 999596
490050 999595
491057 999594
492063 999593
493068 999592
494072 999591
495075 999590
496077 999589
497078 999588
498078 999587
499077 999586
500075 999585
501072 999584
502068 999583
503063 999582
504057 999581
505050 999580
506042 999579
507033 999578
508023 999577
509012 999576
510000 999575
510987 999574
511973 999573
512958 999572
513942 999571
514925 999570
515907 999569
516888 999568
517868 999567
518847 999566
519825 999565
520802 999564
521778 999563
522753 999562
523727 999561
524700 999560
525672 999559
526643 999558
527613 999557
528582 999556
529550 999555
530517 999554
531483 999553
532448 999552
533412 999551
534375 999550
535337 999549
536298 999548
537258 999547
538217 999546
539175 999545
540132 999544
541088 999543
542043 999542
542997 999541
543950 999540
544902 999539
545853 999538
546803 999537
547752 999536
548700 999535
549647 999534
550593 999533
551538 999532
552482 999531
553425 999530
554367 999529
555308 999528
556248 999527
557187 999526
558125 999525
559062 999524
559998 999523
560933 999522
561867 999521
562800 999520
563732 999519
564663 999518
565593 999517
566522 999516
567450 999515
568377 999514
569303 999513
570228 999512
571152 999511
572075 999510
572997 999509
573918 999508
574838 999507
575757 999506
576675 999505
577592 999504
578508 999503
579423 999502
580337 999501
581250 999500
582162 999499
583073 999498
583983 999497
584892 999496
585800 999495
586707 999494
587613 999493
588518 999492
589422 999491
590325 999490
591227 999489
592128 999488
593028 999487
593927 999486
594825 999485
595722 999484
596618 999483
597513 999482
598407 999481
599300 999480
600192 999479
601083 999478
601973 999477
602862 999476
603750 999475
604637 999474
605523 999473
606408 999472
607292 999471
608175 999470
609057 999469
609938 999468
610818 999467
611697 999466
612575 999465
613452 999464
614328 999463
615203 999462
616077 999461
616950 999460
617822 999459
618693 999458
619563 999457
620432 999456
621300 999455
622167 999454
623033 999453
623898 999452
624762 999451
625625 999450
626487 999449
627348 999448
628208 999447
629067 999446
629925 999445
630782 999444
631638 999443
632493 999442
633347 999441
634200 999440
635052 999439
635903 999438
636753 999437
637602 999436
638450 999435
639297 999434
640143 999433
640988 999432
641832 999431
642675 999430
643517 999429
644358 999428
645198 999427
646037 999426
646875 999425
647712 999424
648548 999423
649383 999422
650217 999421
651050 999420
651882 999419
652713 999418
653543 999417
654372 999416
655200 999415
656027 999414
656853 999413
657678 999412
658502 999411
659325 999410
660147 999409
660968 999408
661788 999407
662607 999406
663425 999405
664242 999404
665058 999403
665873 999402
666687 999401
667500 999400
668312 999399
669123 999398
669933 999397
670742 999396
671550 999395
672357 999394
673163 999393
673968 999392
674772 999391
675575 999390
676377 999389
677178 999388
677978 999387
678777 999386
679575 999385
680372 999384
681168 999383
681963 999382
682757 999381
683550 999380
684342 999379
685133 999378
685923 999377
686712 999376
687500 999375
688287 999374
689073 999373
689858 999372
690642 999371
691425 999370
692207 999369
692988 999368
693768 999367
694547 999366
695325 999365
696102 999364
696878 999363
697653 999362
698427 999361
699200 999360
699972 999359
700743 999358
701513 999357
702282 999356
703050 999355
703817 999354
704583 999353
705348 999352
706112 999351
706875 999350
707637 999349
708398 999348
709158 999347
709917 999346
710675 999345
711432 999344
712188 999343
712943 999342
713697 999341
714450 999340
715202 999339
715953 999338
716703 999337
717452 999336
718200 999335
718947 999334
719693 999333
720438 999332
721182 999331
721925 999330
722667 999329
723408 999328
724148 999327
724887 999326
725625 999325
726362 999324
727098 999323
727833 999322
728567 999321
729300 999320
730032 999319
730763 999318
731493 999317
732222 999316
732950 999315
733677 999314
734403 999313
735128 999312
735852 999311
736575 999310
737297 999309
738018 999308
738738 999307
739457 999306
740175 999305
740892 999304
741608 999303
742323 999302
743037 999301
743750 999300
744462 999299
745173 999298
745883 999297
746592 999296
747300 999295
748007 999294
748713 999293
749418 999292
750122 999291
750825 999290
751527 999289
752228 999288
752928 999287
753627 999286
754325 999285
755022 999284
755718 999283
756413 999282
757107 999281
757800 999280
758492 999279
759183 999278
759873 999277
760562 999276
761250 999275
761937 999274
762623 999273
763308 999272
763992 999271
764675 999270
765357 999269
766038 999268
766718 999267
767397 999266
768075 999265
768752 999264
769428 999263
770103 999262
770777 999261
771450 999260
772122 999259
772793 999258
773463 999257
774132 999256
774800 999255
775467 999254
776133 999253
776798 999252
777462 999251
778125 999250
778787 999249
779448 999248
780108 999247
780767 999246
781425 999245
782082 999244
782738 999243
783393 999242
784047 999241
784700 999240
785352 999239
786003 999238
786653 999237
787302 999236
787950 999235
788597 999234
789243 999233
789888 999232
790532 999231
791175 999230
791817 999229
792458 999228
793098 999227
793737 999226
794375 999225
795012 999224
795648 999223
796283 999222
796917 999221
797550 999220
798182 999219
798813 999218
799443 999217
800072 999216
800700 999215
801327 999214
801953 999213
802578 999212
803202 999211
803825 999210
804447 999209
805068 999208
805688 999207
806307 999206
806925 999205
807542 999204
808158 999203
808773 999202
809387 999201
810000 999200
810612 999199
811223 999198
811833 999197
812442 999196
813050 999195
813657 999194
814263 999193
814868 999192
815472 999191
816075 999190
816677 999189
817278 999188
817878 999187
818477 999186
819075 999185
819672 999184
820268 999183
820863 999182
821457 999181
822050 999180
822642 999179
823233 999178
823823 999177
824412 999176
825000 999175
825587 999174
826173 999173
826758 999172
827342 999171
827925 999170
828507 999169
829088 999168
829668 999167
830247 999166
830825 999165
831402 999164
831978 999163
832553 999162
833127 999161
833700 999160
834272 999159
834843 999158
835413 999157
835982 999156
836550 999155
837117 999154
837683 999153
838248 999152
838812 999151
839375 999150
839937 999149
840498 999148
841058 999147
841617 999146
842175 999145
842732 999144
843288 999143
843843 999142
844397 999141
844950 999140
845502 999139
846053 999138
846603 999137
847152 999136
847700 999135
848247 999134
848793 999133
849338 999132
849882 999131
850425 999130
850967 999129
851508 999128
852048 999127
852587 999126
853125 999125
853662 999124
854198 999123
854733 999122
855267 999121
855800 999120
856332 999119
856863 999118
857393 999117
857922 999116
858450 999115
858977 999114
859503 999113
860028 999112
860552 999111
861075 999110
861597 999109
862118 999108
862638 999107
863157 999106
863675 999105
864192 999104
864708 999103
865223 999102
865737 999101
866250 999100
866762 999099
867273 999098
867783 999097
868292 999096
868800 999095
869307 999094
869813 999093
870318 999092
870822 999091
871325 999090
871827 999089
872328 999088
872828 999087
873327 999086
873825 999085
874322 999084
874818 999083
875313 999082
875807 999081
876300 999080
876792 999079
877283 999078
877773 999077
878262 999076
878750 999075
879237 999074
879723 999073
880208 999072
880692 999071
881175 999070
881657 999069
882138 999068
882618 999067
883097 999066
883575 999065
884052 999064
884528 999063
885003 999062
885477 999061
885950 999060
886422 999059
886893 999058
887363 999057
887832 999056
888300 999055
888767 999054
889233 999053
889698 999052
890162 999051
890625 999050
891087 999049
891548 999048
892008 999047
892467 999046
892925 999045
893382 999044
893838 999043
894293 999042
894747 999041
895200 999040
895652 999039
896103 999038
896553 999037
897002 999036
897450 999035
897897 999034
898343 999033
898788 999032
899232 999031
899675 999030
900117 999029
900558 999028
900998 999027
901437 999026
901875 999025
902312 999024
902748 999023
903183 999022
903617 999021
904050 999020
904482 999019
904913 999018
905343 999017
905772 999016
906200 999015
906627 999014
907053 999013
907478 999012
907902 999011
908325 999010
908747 999009
909168 999008
909588 999007
910007 999006
910425 999005
910842 999004
911258 999003
911673 999002
912087 999001
912500 999000
912912 998999
913323 998998
913733 998997
914142 998996
914550 998995
914957 998994
915363 998993
915768 998992
916172 998991
916575 998990
916977 998989
917378 998988
917778 998987
918177 998986
918575 998985
918972 998984
919368 998983
919763 998982
920157 998981
920550 998980
920942 998979
921333 998978
921723 998977
922112 998976
922500 998975
922887 998974
923273 998973
923658 998972
924042 998971
924425 998970
924807 998969
925188 998968
925568 998967
925947 998966
926325 998965
926702 998964
927078 998963
927453 998962
927827 998961
928200 998960
928572 998959
928943 998958
929313 998957
929682 998956
930050 998955
930417 998954
930783 998953
931148 998952
931512 998951
931875 998950
932237 998949
932598 998948
932958 998947
933317 998946
933675 998945
934032 998944
934388 998943
934743 998942
935097 998941
935450 998940
935802 998939
936153 998938
936503 998937
936852 998936
937200 998935
937547 998934
937893 998933
938238 998932
938582 998931
938925 998930
939267 998929
939608 998928
939948 998927
940287 998926
940625 998925
940962 998924
941298 998923
941633 998922
941967 998921
942300 998920
942632 998919
942963 998918
943293 998917
943622 998916
943950 998915
944277 998914
944603 998913
944928 998912
945252 998911
945575 998910
945897 998909
946218 998908
946538 998907
946857 998906
947175 998905
947492 998904
947808 998903
948123 998902
948437 998901
948750 998900
949062 998899
949373 998898
949683 998897
949992 998896
950300 998895
950607 998894
950913 998893
951218 998892
951522 998891
951825 998890
952127 998889
952428 998888
952728 998887
953027 998886
953325 998885
953622 998884
953918 998883
954213 998882
954507 998881
954800 998880
955092 998879
955383 998878
955673 998877
955962 998876
956250 998875
956537 998874
956823 998873
957108 998872
957392 998871
957675 998870
957957 998869
958238 998868
958518 998867
958797 998866
959075 998865
959352 998864
959628 998863
959903 998862
960177 998861
960450 998860
960722 998859
960993 998858
961263 998857
961532 998856
961800 998855
962067 998854
962333 998853
962598 998852
962862 998851
963125 998850
963387 998849
963648 998848
963908 998847
964167 998846
964425 998845
964682 998844
964938 998843
965193 998842
965447 998841
965700 998840
965952 998839
966203 998838
966453 998837
966702 998836
966950 998835
967197 998834
967443 998833
967688 998832
967932 998831
968175 998830
968417 998829
968658 998828
968898 998827
969137 998826
969375 998825
969612 998824
969848 998823
970083 998822
970317 998821
970550 998820
970782 998819
971013 998818
971243 998817
971472 998816
971700 998815
971927 998814
972153 998813
972378 998812
972602 998811
972825 998810
973047 998809
973268 998808
973488 998807
973707 998806
973925 998805
974142 998804
974358 998803
974573 998802
974787 998801
975000 998800
975212 998799
975423 998798
975633 998797
975842 998796
976050 998795
976257 998794
976463 998793
976668 998792
976872 998791
977075 998790
977277 998789
977478 998788
977678 998787
977877 998786
978075 998785
978272 998784
978468 998783
978663 998782
978857 998781
979050 998780
979242 998779
979433 998778
979623 998777
979812 998776
980000 998775
980187 998774
980373 998773
980558 998772
980742 998771
980925 998770
981107 998769
981288 998768
981468 998767
981647 998766
981825 998765
982002 998764
982178 998763
982353 998762
982527 998761
982700 998760
982872 998759
983043 998758
983213 998757
983382 998756
983550 998755
983717 998754
983883 998753
984048 998752
984212 998751
984375 998750
984537 998749
984698 998748
984858 998747
985017 998746
985175 998745
985332 998744
985488 998743
985643 998742
985797 998741
985950 998740
986102 998739
986253 998738
986403 998737
986552 998736
986700 998735
986847 998734
986993 998733
987138 998732
987282 998731
987425 998730
987567 998729
987708 998728
987848 998727
987987 998726
988125 998725
988262 998724
988398 998723
988533 998722
988667 998721
988800 998720
988932 998719
989063 998718
989193 998717
989322 998716
989450 998715
989577 998714
989703 998713
989828 998712
989952 998711
990075 998710
990197 998709
990318 998708
990438 998707
990557 998706
990675 998705
990792 998704
990908 998703
991023 998702
991137 998701
991250 998700
991362 998699
991473 998698
991583 998697
991692 998696
991800 998695
991907 998694
992013 998693
992118 998692
992222 998691
992325 998690
992427 998689
992528 998688
992628 998687
992727 998686
992825 998685
992922 998684
993018 998683
993113 998682
993207 998681
993300 998680
993392 998679
993483 998678
993573 998677
993662 998676
993750 998675
993837 998674
993923 998673
994008 998672
994092 998671
994175 998670
994257 998669
994338 998668
994418 998667
994497 998666
994575 998665
994652 998664
994728 998663
994803 998662
994877 998661
994950 998660
995022 998659
995093 998658
995163 998657
995232 998656
995300 998655
995367 998654
995433 998653
995498 998652
995562 998651
995625 998650
995687 998649
995748 998648
995808 998647
995867 998646
995925 998645
995982 998644
996038 998643
996093 998642
996147 998641
996200 998640
996252 998639
996303 998638
996353 998637
996402 998636
996450 998635
996497 998634
996543 998633
996588 998632
996632 998631
996675 998630
996717 998629
996758 998628
996798 998627
996837 998626
996875 998625
996912 998624
996948 998623
996983 998622
997017 998621
997050 998620
997082 998619
997113 998618
997143 998617
997172 998616
997200 998615
997227 998614
997253 998613
997278 998612
997302 998611
997325 998610
997347 998609
997368 998608
997388 998607
997407 998606
997425 998605
997442 998604
997458 998603
997473 998602
997487 998601
997500 998600
997512 998599
997523 998598
997533 998597
997542 998596
997550 998595
997557 998594
997563 998593
997568 998592
997572 998591
997575 998590
997577 998589
997578 998588
248865 -999295
248864 -999296
248862 -999297
248859 -999298
248855 -999299
248850 -999300
248844 -999301
248837 -999302
248829 -999303
248820 -999304
248810 -999305
248799 -999306
248787 -999307
248774 -999308
248760 -999309
248745 -999310
248729 -999311
248712 -999312
248694 -999313
248675 -999314
248655 -999315
248634 -999316
248612 -999317
248589 -999318
248565 -999319
248540 -999320
248514 -999321
248487 -999322
248459 -999323
248430 -999324
248400 -999325
248369 -999326
248337 -999327
248304 -999328
248270 -999329
248235 -999330
248199 -999331
248162 -999332
248124 -999333
248085 -999334
248045 -999335
248004 -999336
247962 -999337
247919 -999338
247875 -999339
247830 -999340
247784 -999341
247737 -999342
247689 -999343
247640 -999344
247590 -999345
247539 -999346
247487 -999347
247434 -999348
247380 -999349
247325 -999350
247269 -999351
247212 -999352
247154 -999353
247095 -999354
247035 -999355
246974 -999356
246912 -999357
246849 -999358
246785 -999359
246720 -999360
246654 -999361
246587 -999362
246519 -999363
246450 -999364
246380 -999365
246309 -999366
246237 -999367
246164 -999368
246090 -999369
246015 -999370
245939 -999371
245862 -999372
245784 -999373
245705 -999374
245625 -999375
245544 -999376
245462 -999377
245379 -999378
245295 -999379
245210 -999380
245124 -999381
245037 -999382
244949 -999383
244860 -999384
244770 -999385
244679 -999386
244587 -999387
244494 -999388
244400 -999389
244305 -999390
244209 -999391
244112 -999392
244014 -999393
243915 -999394
243815 -999395
243714 -999396
243612 -999397
243509 -999398
243405 -999399
243300 -999400
243194 -999401
243087 -999402
242979 -999403
242870 -999404
242760 -999405
242649 -999406
242537 -999407
242424 -999408
242310 -999409
242195 -999410
242079 -999411
241962 -999412
241844 -999413
241725 -999414
241605 -999415
241484 -999416
241362 -999417
241239 -999418
241115 -999419
240990 -999420
240864 -999421
240737 -999422
240609 -999423
240480 -999424
240350 -999425
240219 -999426
240087 -999427
239954 -999428
239820 -999429
239685 -999430
239549 -999431
239412 -999432
239274 -999433
239135 -999434
238995 -999435
238854 -999436
238712 -999437
238569 -999438
238425 -999439
238280 -999440
238134 -999441
237987 -999442
237839 -999443
237690 -999444
237540 -999445
237389 -999446
237237 -999447
237084 -999448
236930 -999449
236775 -999450
236619 -999451
236462 -999452
236304 -999453
236145 -999454
235985 -999455
235824 -999456
235662 -999457
235499 -999458
235335 -999459
235170 -999460
235004 -999461
234837 -999462
234669 -999463
234500 -999464
234330 -999465
234159 -999466
233987 -999467
233814 -999468
233640 -999469
233465 -999470
233289 -999471
233112 -999472
232934 -999473
232755 -999474
232575 -999475
232394 -999476
232212 -999477
232029 -999478
231845 -999479
231660 -999480
231474 -999481
231287 -999482
231099 -999483
230910 -999484
230720 -999485
230529 -999486
230337 -999487
230144 -999488
229950 -999489
229755 -999490
229559 -999491
229362 -999492
229164 -999493
228965 -999494
228765 -999495
228564 -999496
228362 -999497
228159 -999498
227955 -999499
227750 -999500
227544 -999501
227337 -999502
227129 -999503
226920 -999504
226710 -999505
226499 -999506
226287 -999507
226074 -999508
225860 -999509
225645 -999510
225429 -999511
225212 -999512
224994 -999513
224775 -999514
224555 -999515
224334 -999516
224112 -999517
223889 -999518
223665 -999519
223440 -999520
223214 -999521
222987 -999522
222759 -999523
222530 -999524
222300 -999525
222069 -999526
221837 -999527
221604 -999528
221370 -999529
221135 -999530
220899 -999531
220662 -999532
220424 -999533
220185 -999534
219945 -999535
219704 -999536
219462 -999537
219219 -999538
218975 -999539
218730 -999540
218484 -999541
218237 -999542
217989 -999543
217740 -999544
217490 -999545
217239 -999546
216987 -999547
216734 -999548
216480 -999549
216225 -999550
215969 -999551
215712 -999552
215454 -999553
215195 -999554
214935 -999555
214674 -999556
214412 -999557
214149 -999558
213885 -999559
213620 -999560
213354 -999561
213087 -999562
212819 -999563
212550 -999564
212280 -999565
212009 -999566
211737 -999567
211464 -999568
211190 -999569
210915 -999570
210639 -999571
210362 -999572
210084 -999573
209805 -999574
209525 -999575
209244 -999576
208962 -999577
208679 -999578
208395 -999579
208110 -999580
207824 -999581
207537 -999582
207249 -999583
206960 -999584
206670 -999585
206379 -999586
206087 -999587
205794 -999588
205500 -999589
205205 -999590
204909 -999591
204612 -999592
204314 -999593
204015 -999594
203715 -999595
203414 -999596
203112 -999597
202809 -999598
202505 -999599
202200 -999600
201894 -999601
201587 -999602
201279 -999603
200970 -999604
200660 -999605
200349 -999606
200037 -999607
199724 -999608
199410 -999609
199095 -999610
198779 -999611
198462 -999612
198144 -999613
197825 -999614
197505 -999615
197184 -999616
196862 -999617
196539 -999618
196215 -999619
195890 -999620
195564 -999621
195237 -999622
194909 -999623
194580 -999624
194250 -999625
193919 -999626
193587 -999627
193254 -999628
192920 -999629
192585 -999630
192249 -999631
191912 -999632
191574 -999633
191235 -999634
190895 -999635
190554 -999636
190212 -999637
189869 -999638
189525 -999639
189180 -999640
188834 -999641
188487 -999642
188139 -999643
187790 -999644
187440 -999645
187089 -999646
186737 -999647
186384 -999648
186030 -999649
185675 -999650
185319 -999651
184962 -999652
184604 -999653
184245 -999654
183885 -999655
183524 -999656
183162 -999657
182799 -999658
182435 -999659
182070 -999660
181704 -999661
181337 -999662
180969 -999663
180600 -999664
180230 -999665
179859 -999666
179487 -999667
179114 -999668
178740 -999669
178365 -999670
177989 -999671
177612 -999672
177234 -999673
176855 -999674
176475 -999675
176094 -999676
175712 -999677
175329 -999678
174945 -999679
174560 -999680
174174 -999681
173787 -999682
173399 -999683
173010 -999684
172620 -999685
172229 -999686
171837 -999687
171444 -999688
171050 -999689
170655 -999690
170259 -999691
169862 -999692
169464 -999693
169065 -999694
168665 -999695
168264 -999696
167862 -999697
167459 -999698
167055 -999699
166650 -999700
166244 -999701
165837 -999702
165429 -999703
165020 -999704
164610 -999705
164199 -999706
163787 -999707
163374 -999708
162960 -999709
162545 -999710
162129 -999711
161712 -999712
161294 -999713
160875 -999714
160455 -999715
160034 -999716
159612 -999717
159189 -999718
158765 -999719
158340 -999720
157914 -999721
157487 -999722
157059 -999723
156630 -999724
156200 -999725
155769 -999726
155337 -999727
154904 -999728
154470 -999729
154035 -999730
153599 -999731
153162 -999732
152724 -999733
152285 -999734
151845 -999735
151404 -999736
150962 -999737
150519 -999738
150075 -999739
149630 -999740
149184 -999741
148737 -999742
148289 -999743
147840 -999744
147390 -999745
146939 -999746
146487 -999747
146034 -999748
145580 -999749
145125 -999750
144669 -999751
144212 -999752
143754 -999753
143295 -999754
142835 -999755
142374 -999756
141912 -999757
141449 -999758
140985 -999759
140520 -999760
140054 -999761
139587 -999762
139119 -999763
138650 -999764
138180 -999765
137709 -999766
137237 -999767
136764 -999768
136290 -999769
135815 -999770
135339 -999771
134862 -999772
134384 -999773
133905 -999774
133425 -999775
132944 -999776
132462 -999777
131979 -999778
131495 -999779
131010 -999780
130524 -999781
130037 -999782
129549 -999783
129060 -999784
128570 -999785
128079 -999786
127587 -999787
127094 -999788
126600 -999789
126105 -999790
125609 -999791
125112 -999792
124614 -999793
124115 -999794
123615 -999795
123114 -999796
122612 -999797
122109 -999798
121605 -999799
121100 -999800
120594 -999801
120087 -999802
119579 -999803
119070 -999804
118560 -999805
118049 -999806
117537 -999807
117024 -999808
116510 -999809
115995 -999810
115479 -999811
114962 -999812
114444 -999813
113925 -999814
113405 -999815
112884 -999816
112362 -999817
111839 -999818
111315 -999819
110790 -999820
110264 -999821
109737 -999822
109209 -999823
108680 -999824
108150 -999825
107619 -999826
107087 -999827
106554 -999828
106020 -999829
105485 -999830
104949 -999831
104412 -999832
103874 -999833
103335 -999834
102795 -999835
102254 -999836
101712 -999837
101169 -999838
100625 -999839
100080 -999840
99534 -999841
98987 -999842
98439 -999843
97890 -999844
97340 -999845
96789 -999846
96237 -999847
95684 -999848
95130 -999849
94575 -999850
94019 -999851
93462 -999852
92904 -999853
92345 -999854
91785 -999855
91224 -999856
90662 -999857
90099 -999858
89535 -999859
88970 -999860
88404 -999861
87837 -999862
87269 -999863
86700 -999864
86130 -999865
85559 -999866
84987 -999867
84414 -999868
83840 -999869
83265 -999870
82689 -999871
82112 -999872
81534 -999873
80955 -999874
80375 -999875
79794 -999876
79212 -999877
78629 -999878
78045 -999879
77460 -999880
76874 -999881
76287 -999882
75699 -999883
75110 -999884
74520 -999885
73929 -999886
73337 -999887
72744 -999888
72150 -999889
71555 -999890
70959 -999891
70362 -999892
69764 -999893
69165 -999894
68565 -999895
67964 -999896
67362 -999897
66759 -999898
66155 -999899
65550 -999900
64944 -999901
64337 -999902
63729 -999903
63120 -999904
62510 -999905
61899 -999906
61287 -999907
60674 -999908
60060 -999909
59445 -999910
58829 -999911
58212 -999912
57594 -999913
56975 -999914
56355 -999915
55734 -999916
55112 -999917
54489 -999918
53865 -999919
53240 -999920
52614 -999921
51987 -999922
51359 -999923
50730 -999924
50100 -999925
49469 -999926
48837 -999927
48204 -999928
47570 -999929
46935 -999930
46299 -999931
45662 -999932
45024 -999933
44385 -999934
43745 -999935
43104 -999936
42462 -999937
41819 -999938
41175 -999939
40530 -999940
39884 -999941
39237 -999942
38589 -999943
37940 -999944
37290 -999945
36639 -999946
35987 -999947
35334 -999948
34680 -999949
34025 -999950
33369 -999951
32712 -999952
32054 -999953
31395 -999954
30735 -999955
30074 -999956
29412 -999957
28749 -999958
28085 -999959
27420 -999960
26754 -999961
26087 -999962
25419 -999963
24750 -999964
24080 -999965
23409 -999966
22737 -999967
22064 -999968
21390 -999969
20715 -999970
20039 -999971
19362 -999972
18684 -999973
18005 -999974
17325 -999975
16644 -999976
15962 -999977
15279 -999978
14595 -999979
13910 -999980
13224 -999981
12537 -999982
11849 -999983
11160 -999984
10470 -999985
9779 -999986
9087 -999987
8394 -999988
7700 -999989
7005 -999990
6309 -999991
5612 -999992
4914 -999993
4215 -999994
3515 -999995
2814 -999996
2112 -999997
1409 -999998
705 -999999
0 -1000000
-705 -999999
-1409 -999998
-2112 -999997
-2814 -999996
-3515 -999995
-4215 -999994
-4914 -999993
-5612 -999992
-6309 -999991
-7005 -999990
-7700 -999989
-8394 -999988
-9087 -999987
-9779 -999986
-10470 -999985
-11160 -999984
-11849 -999983
-12537 -999982
-13224 -999981
-13910 -999980
-14595 -999979
-15279 -999978
-15962 -999977
-16644 -999976
-17325 -999975
-18005 -999974
-18684 -999973
-19362 -999972
-20039 -999971
-20715 -999970
-21390 -999969
-22064 -999968
-22737 -999967
-23409 -999966
-24080 -999965
-24750 -999964
-25419 -999963
-26087 -999962
-26754 -999961
-27420 -999960
-28085 -999959
-28749 -999958
-29412 -999957
-30074 -999956
-30735 -999955
-31395 -999954
-32054 -999953
-32712 -999952
-33369 -999951
-34025 -999950
-34680 -999949
-35334 -999948
-35987 -999947
-36639 -999946
-37290 -999945
-37940 -999944
-38589 -999943
-39237 -999942
-39884 -999941
-40530 -999940
-41175 -999939
-41819 -999938
-42462 -999937
-43104 -999936
-43745 -999935
-44385 -999934
-45024 -999933
-45662 -999932
-46299 -999931
-46935 -999930
-47570 -999929
-48204 -999928
-48837 -999927
-49469 -999926
-50100 -999925
-50730 -999924
-51359 -999923
-51987 -999922
-52614 -999921
-53240 -999920
-53865 -999919
-54489 -999918
-55112 -999917
-55734 -999916
-56355 -999915
-56975 -999914
-57594 -999913
-58212 -999912
-58829 -999911
-59445 -999910
-60060 -999909
-60674 -999908
-61287 -999907
-61899 -999906
-62510 -999905
-63120 -999904
-63729 -999903
-64337 -999902
-64944 -999901
-65550 -999900
-66155 -999899
-66759 -999898
-67362 -999897
-67964 -999896
-68565 -999895
-69165 -999894
-69764 -999893
-70362 -999892
-70959 -999891
-71555 -999890
-72150 -999889
-72744 -999888
-73337 -999887
-73929 -999886
-74520 -999885
-75110 -999884
-75699 -999883
-76287 -999882
-76874 -999881
-77460 -999880
-78045 -999879
-78629 -999878
-79212 -999877
-79794 -999876
-80375 -999875
-80955 -999874
-81534 -999873
-82112 -999872
-82689 -999871
-83265 -999870
-83840 -999869
-84414 -999868
-84987 -999867
-85559 -999866
-86130 -999865
-86700 -999864
-87269 -999863
-87837 -999862
-88404 -999861
-88970 -999860
-89535 -999859
-90099 -999858
-90662 -999857
-91224 -999856
-91785 -999855
-92345 -999854
-92904 -999853
-93462 -999852
-94019 -999851
-94575 -999850
-95130 -999849
-95684 -999848
-96237 -999847
-96789 -999846
-97340 -999845
-97890 -999844
-98439 -999843
-98987 -999842
-99534 -999841
-100080 -999840
-100625 -999839
-101169 -999838
-101712 -999837
-102254 -999836
-102795 -999835
-103335 -999834
-103874 -999833
-104412 -999832
-104949 -999831
-105485 -999830
-106020 -999829
-106554 -999828
-107087 -999827
-107619 -999826
-108150 -999825
-108680 -999824
-109209 -999823
-109737 -999822
-110264 -999821
-110790 -999820
-111315 -999819
-111839 -999818
-112362 -999817
-112884 -999816
-113405 -999815
-113925 -999814
-114444 -999813
-114962 -999812
-115479 -999811
-115995 -999810
-116510 -999809
-117024 -999808
-117537 -999807
-118049 -999806
-118560 -999805
-119070 -999804
-119579 -999803
-120087 -999802
-120594 -999801
-121100 -999800
-121605 -999799
-122109 -999798
-122612 -999797
-123114 -999796
-123615 -999795
-124115 -999794
-124614 -999793
-125112 -999792
-125609 -999791
-126105 -999790
-126600 -999789
-127094 -999788
-127587 -999787
-128079 -999786
-128570 -999785
-129060 -999784
-129549 -999783
-130037 -999782
-130524 -999781
-131010 -999780
-131495 -999779
-131979 -999778
-132462 -999777
-132944 -999776
-133425 -999775
-133905 -999774
-134384 -999773
-134862 -999772
-135339 -999771
-135815 -999770
-136290 -999769
-136764 -999768
-137237 -999767
-137709 -999766
-138180 -999765
-138650 -999764
-139119 -999763
-139587 -999762
-140054 -999761
-140520 -999760
-140985 -999759
-141449 -999758
-141912 -999757
-142374 -999756
-142835 -999755
-143295 -999754
-143754 -999753
-144212 -999752
-144669 -999751
-145125 -999750
-145580 -999749
-146034 -999748
-146487 -999747
-146939 -999746
-147390 -999745
-147840 -999744
-148289 -999743
-148737 -999742
-149184 -999741
-149630 -999740
-150075 -999739
-150519 -999738
-150962 -999737
-151404 -999736
-151845 -999735
-152285 -999734
-152724 -999733
-153162 -999732
-153599 -999731
-154035 -999730
-154470 -999729
-154904 -999728
-155337 -999727
-155769 -999726
-156200 -999725
-156630 -999724
-157059 -999723
-157487 -999722
-157914 -999721
-158340 -999720
-158765 -999719
-159189 -999718
-159612 -999717
-160034 -999716
-160455 -999715
-160875 -999714
-161294 -999713
-161712 -999712
-162129 -999711
-162545 -999710
-162960 -999709
-163374 -999708
-163787 -999707
-164199 -999706
-164610 -999705
-165020 -999704
-165429 -999703
-165837 -999702
-166244 -999701
-166650 -999700
-167055 -999699
-167459 -999698
-167862 -999697
-168264 -999696
-168665 -999695
-169065 -999694
-169464 -999693
-169862 -999692
-170259 -999691
-170655 -999690
-171050 -999689
-171444 -999688
-171837 -999687
-172229 -999686
-172620 -999685
-173010 -999684
-173399 -999683
-173787 -999682
-174174 -999681
-174560 -999680
-174945 -999679
-175329 -999678
-175712 -999677
-176094 -999676
-176475 -999675
-176855 -999674
-177234 -999673
-177612 -999672
-177989 -999671
-178365 -999670
-178740 -999669
-179114 -999668
-179487 -999667
-179859 -999666
-180230 -999665
-180600 -999664
-180969 -999663
-181337 -999662
-181704 -999661
-182070 -999660
-182435 -999659
-182799 -999658
-183162 -999657
-183524 -999656
-183885 -999655
-184245 -999654
-184604 -999653
-184962 -999652
-185319 -999651
-185675 -999650
-186030 -999649
-186384 -999648
-186737 -999647
-187089 -999646
-187440 -999645
-187790 -999644
-188139 -999643
-188487 -999642
-188834 -999641
-189180 -999640
-189525 -999639
-189869 -999638
-190212 -999637
-190554 -999636
-190895 -999635
-191235 -999634
-191574 -999633
-191912 -999632
-192249 -999631
-192585 -999630
-192920 -999629
-193254 -999628
-193587 -999627
-193919 -999626
-194250 -999625
-194580 -999624
-194909 -999623
-195237 -999622
-195564 -999621
-195890 -999620
-196215 -999619
-196539 -999618
-196862 -999617
-197184 -999616
-197505 -999615
-197825 -999614
-198144 -999613
-198462 -999612
-198779 -999611
-199095 -999610
-199410 -999609
-199724 -999608
-200037 -999607
-200349 -999606
-200660 -999605
-200970 -999604
-201279 -999603
-201587 -999602
-201894 -999601
-202200 -999600
-202505 -999599
-202809 -999598
-203112 -999597
-203414 -999596
-203715 -999595
-204015 -999594
-204314 -999593
-204612 -999592
-204909 -999591
-205205 -999590
-205500 -999589
-205794 -999588
-206087 -999587
-206379 -999586
-206670 -999585
-206960 -999584
-207249 -999583
-207537 -999582
-207824 -999581
-208110 -999580
-208395 -999579
-208679 -999578
-208962 -999577
-209244 -999576
-209525 -999575
-209805 -999574
-210084 -999573
-210362 -999572
-210639 -999571
-210915 -999570
-211190 -999569
-211464 -999568
-211737 -999567
-212009 -999566
-212280 -999565
-212550 -999564
-212819 -999563
-213087 -999562
-213354 -999561
-213620 -999560
-213885 -999559
-214149 -999558
-214412 -999557
-214674 -999556
-214935 -999555
-215195 -999554
-215454 -999553
-215712 -999552
-215969 -999551
-216225 -999550
-216480 -999549
-216734 -999548
-216987 -999547
-217239 -999546
-217490 -999545
-217740 -999544
-217989 -999543
-218237 -999542
-218484 -999541
-218730 -999540
-218975 -999539
-219219 -999538
-219462 -999537
-219704 -999536
-219945 -999535
-220185 -999534
-220424 -999533
-220662 -999532
-220899 -999531
-221135 -999530
-221370 -999529
-221604 -999528
-221837 -999527
-222069 -999526
-222300 -999525
-222530 -999524
-222759 -999523
-222987 -999522
-223214 -999521
-223440 -999520
-223665 -999519
-223889 -999518
-224112 -999517
-224334 -999516
-224555 -999515
-224775 -999514
-224994 -999513
-225212 -999512
-225429 -999511
-225645 -999510
-225860 -999509
-226074 -999508
-226287 -999507
-226499 -999506
-226710 -999505
-226920 -999504
-227129 -999503
-227337 -999502
-227544 -999501
-227750 -999500
-227955 -999499
-228159 -999498
-228362 -999497
-228564 -999496
-228765 -999495
-228965 -999494
-229164 -999493
-229362 -999492
-229559 -999491
-229755 -999490
-229950 -999489
-230144 -999488
-230337 -999487
-230529 -999486
-230720 -999485
-230910 -999484
-231099 -999483
-231287 -999482
-231474 -999481
-231660 -999480
-231845 -999479
-232029 -999478
-232212 -999477
-232394 -999476
-232575 -999475
-232755 -999474
-232934 -999473
-233112 -999472
-233289 -999471
-233465 -999470
-233640 -999469
-233814 -999468
-233987 -999467
-234159 -999466
-234330 -999465
-234500 -999464
-234669 -999463
-234837 -999462
-235004 -999461
-235170 -999460
-235335 -999459
-235499 -999458
-235662 -999457
-235824 -999456
-235985 -999455
-236145 -999454
-236304 -999453
-236462 -999452
-236619 -999451
-236775 -999450
-236930 -999449
-237084 -999448
-237237 -999447
-237389 -999446
-237540 -999445
-237690 -999444
-237839 -999443
-237987 -999442
-238134 -999441
-238280 -999440
-238425 -999439
-238569 -999438
-238712 -999437
-238854 -999436
-238995 -999435
-239135 -999434
-239274 -999433
-239412 -999432
-239549 -999431
-239685 -999430
-239820 -999429
-239954 -999428
-240087 -999427
-240219 -999426
-240350 -999425
-240480 -999424
-240609 -999423
-240737 -999422
-240864 -999421
-240990 -999420
-241115 -999419
-241239 -999418
-241362 -999417
-241484 -999416
-241605 -999415
-241725 -999414
-241844 -999413
-241962 -999412
-242079 -999411
-242195 -999410
-242310 -999409
-242424 -999408
-242537 -999407
-242649 -999406
-242760 -999405
-242870 -999404
-242979 -999403
-243087 -999402
-243194 -999401
-243300 -999400
-243405 -999399
-243509 -999398
-243612 -999397
-243714 -999396
-243815 -999395
-243915 -999394
-244014 -999393
-244112 -999392
-244209 -999391
-244305 -999390
-244400 -999389
-244494 -999388
-244587 -999387
-244679 -999386
-244770 -999385
-244860 -999384
-244949 -999383
-245037 -999382
-245124 -999381
-245210 -999380
-245295 -999379
-245379 -999378
-245462 -999377
-245544 -999376
-245625 -999375
-245705 -999374
-245784 -999373
-245862 -999372
-245939 -999371
-246015 -999370
-246090 -999369
-246164 -999368
-246237 -999367
-246309 -999366
-246380 -999365
-246450 -999364
-246519 -999363
-246587 -999362
-246654 -999361
-246720 -999360
-246785 -999359
-246849 -999358
-246912 -999357
-246974 -999356
-247035 -999355
-247095 -999354
-247154 -999353
-247212 -999352
-247269 -999351
-247325 -999350
-247380 -999349
-247434 -999348
-247487 -999347
-247539 -999346
-247590 -999345
-247640 -999344
-247689 -999343
-247737 -999342
-247784 -999341
-247830 -999340
-247875 -999339
-247919 -999338
-247962 -999337
-248004 -999336
-248045 -999335
-248085 -999334
-248124 -999333
-248162 -999332
-248199 -999331
-248235 -999330
-248270 -999329
-248304 -999328
-248337 -999327
-248369 -999326
-248400 -999325
-248430 -999324
-248459 -999323
-248487 -999322
-248514 -999321
-248540 -999320
-248565 -999319
-248589 -999318
-248612 -999317
-248634 -999316
-248655 -999315
-248675 -999314
-248694 -999313
-248712 -999312
-248729 -999311
-248745 -999310
-248760 -999309
-248774 -999308
-248787 -999307
-248799 -999306
-248810 -999305
-248820 -999304
-248829 -999303
-248837 -999302
-248844 -999301
-248850 -999300
-248855 -999299
-248859 -999298
-248862 -999297
-248864 -999296
-248865 -999295
-997578 998588
-997577 998589
-997575 998590
-997572 998591
-997568 998592
-997563 998593
-997557 998594
-997550 998595
-997542 998596
-997533 998597
-997523 998598
-997512 998599
-997500 998600
-997487 998601
-997473 998602
-997458 998603
-997442 998604
-997425 998605
-997407 998606
-997388 998607
-997368 998608
-997347 998609
-997325 998610
-997302 998611
-997278 998612
-997253 998613
-997227 998614
-997200 998615
-997172 998616
-997143 998617
-997113 998618
-997082 998619
-997050 998620
-997017 998621
-996983 998622
-996948 998623
-996912 998624
-996875 998625
-996837 998626
-996798 998627
-996758 998628
-996717 998629
-996675 998630
-996632 998631
-996588 998632
-996543 998633
-996497 998634
-996450 998635
-996402 998636
-996353 998637
-996303 998638
-996252 998639
-996200 998640
-996147 998641
-996093 998642
-996038 998643
-995982 998644
-995925 998645
-995867 998646
-995808 998647
-995748 998648
-995687 998649
-995625 998650
-995562 998651
-995498 998652
-995433 998653
-995367 998654
-995300 998655
-995232 998656
-995163 998657
-995093 998658
-995022 998659
-994950 998660
-994877 998661
-994803 998662
-994728 998663
-994652 998664
-994575 998665
-994497 998666
-994418 998667
-994338 998668
-994257 998669
-994175 998670
-994092 998671
-994008 998672
-993923 998673
-993837 998674
-993750 998675
-993662 998676
-993573 998677
-993483 998678
-993392 998679
-993300 998680
-993207 998681
-993113 998682
-993018 998683
-992922 998684
-992825 998685
-992727 998686
-992628 998687
-992528 998688
-992427 998689
-992325 998690
-992222 998691
-992118 998692
-992013 998693
-991907 998694
-991800 998695
-991692 998696
-991583 998697
-991473 998698
-991362 998699
-991250 998700
-991137 998701
-991023 998702
-990908 998703
-990792 998704
-990675 998705
-990557 998706
-990438 998707
-990318 998708
-990197 998709
-990075 998710
-989952 998711
-989828 998712
-989703 998713
-989577 998714
-989450 998715
-989322 998716
-989193 998717
-989063 998718
-988932 998719
-988800 998720
-988667 998721
-988533 998722
-988398 998723
-988262 998724
-988125 998725
-987987 998726
-987848 998727
-987708 998728
-987567 998729
-987425 998730
-987282 998731
-987138 998732
-986993 998733
-986847 998734
-986700 998735
-986552 998736
-986403 998737
-986253 998738
-986102 998739
-985950 998740
-985797 998741
-985643 998742
-985488 998743
-985332 998744
-985175 998745
-985017 998746
-984858 998747
-984698 998748
-984537 998749
-984375 998750
-984212 998751
-984048 998752
-983883 998753
-983717 998754
-983550 998755
-983382 998756
-983213 998757
-983043 998758
-982872 998759
-982700 998760
-982527 998761
-982353 998762
-982178 998763
-982002 998764
-981825 998765
-981647 998766
-981468 998767
-981288 998768
-981107 998769
-980925 998770
-980742 998771
-980558 998772
-980373 998773
-980187 998774
-980000 998775
-979812 998776
-979623 998777
-979433 998778
-979242 998779
-979050 998780
-978857 998781
-978663 998782
-978468 998783
-978272 998784
-978075 998785
-977877 998786
-977678 998787
-977478 998788
-977277 998789
-977075 998790
-976872 998791
-976668 998792
-976463 998793
-976257 998794
-976050 998795
-975842 998796
-975633 998797
-975423 998798
-975212 998799
-975000 998800
-974787 998801
-974573 998802
-974358 998803
-974142 998804
-973925 998805
-973707 998806
-973488 998807
-973268 998808
-973047 998809
-972825 998810
-972602 998811
-972378 998812
-972153 998813
-971927 998814
-971700 998815
-971472 998816
-971243 998817
-971013 998818
-970782 998819
-970550 998820
-970317 998821
-970083 998822
-969848 998823
-969612 998824
-969375 998825
-969137 998826
-968898 998827
-968658 998828
-968417 998829
-968175 998830
-967932 998831
-967688 998832
-967443 998833
-967197 998834
-966950 998835
-966702 998836
-966453 998837
-966203 998838
-965952 998839
-965700 998840
-965447 998841
-965193 998842
-964938 998843
-964682 998844
-964425 998845
-964167 998846
-963908 998847
-963648 998848
-963387 998849
-963125 998850
-962862 998851
-962598 998852
-962333 998853
-962067 998854
-961800 998855
-961532 998856
-961263 998857
-960993 998858
-960722 998859
-960450 998860
-960177 998861
-959903 998862
-959628 998863
-959352 998864
-959075 998865
-958797 998866
-958518 998867
-958238 998868
-957957 998869
-957675 998870
-957392 998871
-957108 998872
-956823 998873
-956537 998874
-956250 998875
-955962 998876
-955673 998877
-955383 998878
-955092 998879
-954800 998880
-954507 998881
-954213 998882
-953918 998883
-953622 998884
-953325 998885
-953027 998886
-952728 998887
-952428 998888
-952127 998889
-951825 998890
-951522 998891
-951218 998892
-950913 998893
-950607 998894
-950300 998895
-949992 998896
-949683 998897
-949373 998898
-949062 998899
-948750 998900
-948437 998901
-948123 998902
-947808 998903
-947492 998904
-947175 998905
-946857 998906
-946538 998907
-946218 998908
-945897 998909
-945575 998910
-945252 998911
-944928 998912
-944603 998913
-944277 998914
-943950 998915
-943622 998916
-943293 998917
-942963 998918
-942632 998919
-942300 998920
-941967 998921
-941633 998922
-941298 998923
-940962 998924
-940625 998925
-940287 998926
-939948 998927
-939608 998928
-939267 998929
-938925 998930
-938582 998931
-938238 998932
-937893 998933
-937547 998934
-937200 998935
-936852 998936
-936503 998937
-936153 998938
-935802 998939
-935450 998940
-935097 998941
-934743 998942
-934388 998943
-934032 998944
-933675 998945
-933317 998946
-932958 998947
-932598 998948
-932237 998949
-931875 998950
-931512 998951
-931148 998952
-930783 998953
-930417 998954
-930050 998955
-929682 998956
-929313 998957
-928943 998958
-928572 998959
-928200 998960
-927827 998961
-927453 998962
-927078 998963
-926702 998964
-926325 998965
-925947 998966
-925568 998967
-925188 998968
-924807 998969
-924425 998970
-924042 998971
-923658 998972
-923273 998973
-922887 998974
-922500 998975
-922112 998976
-921723 998977
-921333 998978
-920942 998979
-920550 998980
-920157 998981
-919763 998982
-919368 998983
-918972 998984
-918575 998985
-918177 998986
-917778 998987
-917378 998988
-916977 998989
-916575 998990
-916172 998991
-915768 998992
-915363 998993
-914957 998994
-914550 998995
-914142 998996
-913733 998997
-913323 998998
-912912 998999
-912500 999000
-912087 999001
-911673 999002
-911258 999003
-910842 999004
-910425 999005
-910007 999006
-909588 999007
-909168 999008
-908747 999009
-908325 999010
-907902 999011
-907478 999012
-907053 999013
-906627 999014
-906200 999015
-905772 999016
-905343 999017
-904913 999018
-904482 999019
-904050 999020
-903617 999021
-903183 999022
-902748 999023
-902312 999024
-901875 999025
-901437 999026
-900998 999027
-900558 999028
-900117 999029
-899675 999030
-899232 999031
-898788 999032
-898343 999033
-897897 999034
-897450 999035
-897002 999036
-896553 999037
-896103 999038
-895652 999039
-895200 999040
-894747 999041
-894293 999042
-893838 999043
-893382 999044
-892925 999045
-892467 999046
-892008 999047
-891548 999048
-891087 999049
-890625 999050
-890162 999051
-889698 999052
-889233 999053
-888767 999054
-888300 999055
-887832 999056
-887363 999057
-886893 999058
-886422 999059
-885950 999060
-885477 999061
-885003 999062
-884528 999063
-884052 999064
-883575 999065
-883097 999066
-882618 999067
-882138 999068
-881657 999069
-881175 999070
-880692 999071
-880208 999072
-879723 999073
-879237 999074
-878750 999075
-878262 999076
-877773 999077
-877283 999078
-876792 999079
-876300 999080
-875807 999081
-875313 999082
-874818 999083
-874322 999084
-873825 999085
-873327 999086
-872828 999087
-872328 999088
-871827 999089
-871325 999090
-870822 999091
-870318 999092
-869813 999093
-869307 999094
-868800 999095
-868292 999096
-867783 999097
-867273 999098
-866762 999099
-866250 999100
-865737 999101
-865223 999102
-864708 999103
-864192 999104
-863675 999105
-863157 999106
-862638 999107
-862118 999108
-861597 999109
-861075 999110
-860552 999111
-860028 999112
-859503 999113
-858977 999114
-858450 999115
-857922 999116
-857393 999117
-856863 999118
-856332 999119
-855800 999120
-855267 999121
-854733 999122
-854198 999123
-853662 999124
-853125 999125
-852587 999126
-852048 999127
-851508 999128
-850967 999129
-850425 999130
-849882 999131
-849338 999132
-848793 999133
-848247 999134
-847700 999135
-847152 999136
-846603 999137
-846053 999138
-845502 999139
-844950 999140
-844397 999141
-843843 999142
-843288 999143
-842732 999144
-842175 999145
-841617 999146
-841058 999147
-840498 999148
-839937 999149
-839375 999150
-838812 999151
-838248 999152
-837683 999153
-837117 999154
-836550 999155
-835982 999156
-835413 999157
-834843 999158
-834272 999159
-833700 999160
-833127 999161
-832553 999162
-831978 999163
-831402 999164
-830825 999165
-830247 999166
-829668 999167
-829088 999168
-828507 999169
-827925 999170
-827342 999171
-826758 999172
-826173 999173
-825587 999174
-825000 999175
-824412 999176
-823823 999177
-823233 999178
-822642 999179
-822050 999180
-821457 999181
-820863 999182
-820268 999183
-819672 999184
-819075 999185
-818477 999186
-817878 999187
-817278 999188
-816677 999189
-816075 999190
-815472 999191
-814868 999192
-814263 999193
-813657 999194
-813050 999195
-812442 999196
-811833 999197
-811223 999198
-810612 999199
-810000 999200
-809387 999201
-808773 999202
-808158 999203
-807542 999204
-806925 999205
-806307 999206
-805688 999207
-805068 999208
-804447 999209
-803825 999210
-803202 999211
-802578 999212
-801953 999213
-801327 999214
-800700 999215
-800072 999216
-799443 999217
-798813 999218
-798182 999219
-797550 999220
-796917 999221
-796283 999222
-795648 999223
-795012 999224
-794375 999225
-793737 999226
-793098 999227
-792458 999228
-791817 999229
-791175 999230
-790532 999231
-789888 999232
-789243 999233
-788597 999234
-787950 999235
-787302 999236
-786653 999237
-786003 999238
-785352 999239
-784700 999240
-784047 999241
-783393 999242
-782738 999243
-782082 999244
-781425 999245
-780767 999246
-780108 999247
-779448 999248
-778787 999249
-778125 999250
-777462 999251
-776798 999252
-776133 999253
-775467 999254
-774800 999255
-774132 999256
-773463 999257
-772793 999258
-772122 999259
-771450 999260
-770777 999261
-770103 999262
-769428 999263
-768752 999264
-768075 999265
-767397 999266
-766718 999267
-766038 999268
-765357 999269
-764675 999270
-763992 999271
-763308 999272
-762623 999273
-761937 999274
-761250 999275
-760562 999276
-759873 999277
-759183 999278
-758492 999279
-757800 999280
-757107 999281
-756413 999282
-755718 999283
-755022 999284
-754325 999285
-753627 999286
-752928 999287
-752228 999288
-751527 999289
-750825 999290
-750122 999291
-749418 999292
-748713 999293
-748007 999294
-747300 999295
-746592 999296
-745883 999297
-745173 999298
-744462 999299
-743750 999300
-743037 999301
-742323 999302
-741608 999303
-740892 999304
-740175 999305
-739457 999306
-738738 999307
-738018 999308
-737297 999309
-736575 999310
-735852 999311
-735128 999312
-734403 999313
-733677 999314
-732950 999315
-732222 999316
-731493 999317
-730763 999318
-730032 999319
-729300 999320
-728567 999321
-727833 999322
-727098 999323
-726362 999324
-725625 999325
-724887 999326
-724148 999327
-723408 999328
-722667 999329
-721925 999330
-721182 999331
-720438 999332
-719693 999333
-718947 999334
-718200 999335
-717452 999336
-716703 999337
-715953 999338
-715202 999339
-714450 999340
-713697 999341
-712943 999342
-712188 999343
-711432 999344
-710675 999345
-709917 999346
-709158 999347
-708398 999348
-707637 999349
-706875 999350
-706112 999351
-705348 999352
-704583 999353
-703817 999354
-703050 999355
-702282 999356
-701513 999357
-700743 999358
-699972 999359
-699200 999360
-698427 999361
-697653 999362
-696878 999363
-696102 999364
-695325 999365
-694547 999366
-693768 999367
-692988 999368
-692207 999369
-691425 999370
-690642 999371
-689858 999372
-689073 999373
-688287 999374
-687500 999375
-686712 999376
-685923 999377
-685133 999378
-684342 999379
-683550 999380
-682757 999381
-681963 999382
-681168 999383
-680372 999384
-679575 999385
-678777 999386
-677978 999387
-677178 999388
-676377 999389
