2827
909738 422
910160 421
910581 420
911001 419
911420 418
911838 417
912255 416
912671 415
913086 414
913500 413
913913 412
914325 411
914736 410
915146 409
915555 408
915963 407
916370 406
916776 405
917181 404
917585 403
917988 402
918390 401
918791 400
919191 399
919590 398
919988 397
920385 396
920781 395
921176 394
921570 393
921963 392
922355 391
922746 390
923136 389
923525 388
923913 387
924300 386
924686 385
925071 384
925455 383
925838 382
926220 381
926601 380
926981 379
927360 378
927738 377
928115 376
928491 375
928866 374
929240 373
929613 372
929985 371
930356 370
930726 369
931095 368
931463 367
931830 366
932196 365
932561 364
932925 363
933288 362
933650 361
934011 360
934371 359
934730 358
935088 357
935445 356
935801 355
936156 354
936510 353
936863 352
937215 351
937566 350
937916 349
938265 348
938613 347
938960 346
939306 345
939651 344
939995 343
940338 342
940680 341
941021 340
941361 339
941700 338
942038 337
942375 336
942711 335
943046 334
943380 333
943713 332
944045 331
944376 330
944706 329
945035 328
945363 327
945690 326
946016 325
946341 324
946665 323
946988 322
947310 321
947631 320
947951 319
948270 318
948588 317
948905 316
949221 315
949536 314
949850 313
950163 312
950475 311
950786 310
951096 309
951405 308
951713 307
952020 306
952326 305
952631 304
952935 303
953238 302
953540 301
953841 300
954141 299
954440 298
954738 297
955035 296
955331 295
955626 294
955920 293
956213 292
956505 291
956796 290
957086 289
957375 288
957663 287
957950 286
958236 285
958521 284
958805 283
959088 282
959370 281
959651 280
959931 279
960210 278
960488 277
960765 276
961041 275
961316 274
961590 273
961863 272
962135 271
962406 270
962676 269
962945 268
963213 267
963480 266
963746 265
964011 264
964275 263
964538 262
964800 261
965061 260
965321 259
965580 258
965838 257
966095 256
966351 255
966606 254
966860 253
967113 252
967365 251
967616 250
967866 249
968115 248
968363 247
968610 246
968856 245
969101 244
969345 243
969588 242
969830 241
970071 240
970311 239
970550 238
970788 237
971025 236
971261 235
971496 234
971730 233
971963 232
972195 231
972426 230
972656 229
972885 228
973113 227
973340 226
973566 225
973791 224
974015 223
974238 222
974460 221
974681 220
974901 219
975120 218
975338 217
975555 216
975771 215
975986 214
976200 213
976413 212
976625 211
976836 210
977046 209
977255 208
977463 207
977670 206
977876 205
978081 204
978285 203
978488 202
978690 201
978891 200
979091 199
979290 198
979488 197
979685 196
979881 195
980076 194
980270 193
980463 192
980655 191
980846 190
981036 189
981225 188
981413 187
981600 186
981786 185
981971 184
982155 183
982338 182
982520 181
982701 180
982881 179
983060 178
983238 177
983415 176
983591 175
983766 174
983940 173
984113 172
984285 171
984456 170
984626 169
984795 168
984963 167
985130 166
985296 165
985461 164
985625 163
985788 162
985950 161
986111 160
986271 159
986430 158
986588 157
986745 156
986901 155
987056 154
987210 153
987363 152
987515 151
987666 150
987816 149
987965 148
988113 147
988260 146
988406 145
988551 144
988695 143
988838 142
988980 141
989121 140
989261 139
989400 138
989538 137
989675 136
989811 135
989946 134
990080 133
990213 132
990345 131
990476 130
990606 129
990735 128
990863 127
990990 126
991116 125
991241 124
991365 123
991488 122
991610 121
991731 120
991851 119
991970 118
992088 117
992205 116
992321 115
992436 114
992550 113
992663 112
992775 111
992886 110
992996 109
993105 108
993213 107
993320 106
993426 105
993531 104
993635 103
993738 102
993840 101
993941 100
994041 99
994140 98
994238 97
994335 96
994431 95
994526 94
994620 93
994713 92
994805 91
994896 90
994986 89
995075 88
995163 87
995250 86
995336 85
995421 84
995505 83
995588 82
995670 81
995751 80
995831 79
995910 78
995988 77
996065 76
996141 75
996216 74
996290 73
996363 72
996435 71
996506 70
996576 69
996645 68
996713 67
996780 66
996846 65
996911 64
996975 63
997038 62
997100 61
997161 60
997221 59
997280 58
997338 57
997395 56
997451 55
997506 54
997560 53
997613 52
997665 51
997716 50
997766 49
997815 48
997863 47
997910 46
997956 45
998001 44
998045 43
998088 42
998130 41
998171 40
998211 39
998250 38
998288 37
998325 36
998361 35
998396 34
998430 33
998463 32
998495 31
998526 30
998556 29
998585 28
998613 27
998640 26
998666 25
998691 24
998715 23
998738 22
998760 21
998781 20
998801 19
998820 18
998838 17
998855 16
998871 15
998886 14
998900 13
998913 12
998925 11
998936 10
998946 9
998955 8
998963 7
998970 6
998976 5
998981 4
998985 3
998988 2
998990 1
998991 0
998990 -1
998988 -2
998985 -3
998981 -4
998976 -5
998970 -6
998963 -7
998955 -8
998946 -9
998936 -10
998925 -11
998913 -12
998900 -13
998886 -14
998871 -15
998855 -16
998838 -17
998820 -18
998801 -19
998781 -20
998760 -21
998738 -22
998715 -23
998691 -24
998666 -25
998640 -26
998613 -27
998585 -28
998556 -29
998526 -30
998495 -31
998463 -32
998430 -33
998396 -34
998361 -35
998325 -36
998288 -37
998250 -38
998211 -39
998171 -40
998130 -41
998088 -42
998045 -43
998001 -44
997956 -45
997910 -46
997863 -47
997815 -48
997766 -49
997716 -50
997665 -51
997613 -52
997560 -53
997506 -54
997451 -55
997395 -56
997338 -57
997280 -58
997221 -59
997161 -60
997100 -61
997038 -62
996975 -63
996911 -64
996846 -65
996780 -66
996713 -67
996645 -68
996576 -69
996506 -70
996435 -71
996363 -72
996290 -73
996216 -74
996141 -75
996065 -76
995988 -77
995910 -78
995831 -79
995751 -80
995670 -81
995588 -82
995505 -83
995421 -84
995336 -85
995250 -86
995163 -87
995075 -88
994986 -89
994896 -90
994805 -91
994713 -92
994620 -93
994526 -94
994431 -95
994335 -96
994238 -97
994140 -98
994041 -99
993941 -100
993840 -101
993738 -102
993635 -103
993531 -104
993426 -105
993320 -106
993213 -107
993105 -108
992996 -109
992886 -110
992775 -111
992663 -112
992550 -113
992436 -114
992321 -115
992205 -116
992088 -117
991970 -118
991851 -119
991731 -120
991610 -121
991488 -122
991365 -123
991241 -124
991116 -125
990990 -126
990863 -127
990735 -128
990606 -129
990476 -130
990345 -131
990213 -132
990080 -133
989946 -134
989811 -135
989675 -136
989538 -137
989400 -138
989261 -139
989121 -140
988980 -141
988838 -142
988695 -143
988551 -144
988406 -145
988260 -146
988113 -147
987965 -148
987816 -149
987666 -150
987515 -151
987363 -152
987210 -153
987056 -154
986901 -155
986745 -156
986588 -157
986430 -158
986271 -159
986111 -160
985950 -161
985788 -162
985625 -163
985461 -164
985296 -165
985130 -166
984963 -167
984795 -168
984626 -169
984456 -170
984285 -171
984113 -172
983940 -173
983766 -174
983591 -175
983415 -176
983238 -177
983060 -178
982881 -179
982701 -180
982520 -181
982338 -182
982155 -183
981971 -184
981786 -185
981600 -186
981413 -187
981225 -188
981036 -189
980846 -190
980655 -191
980463 -192
980270 -193
980076 -194
979881 -195
979685 -196
979488 -197
979290 -198
979091 -199
978891 -200
978690 -201
978488 -202
978285 -203
978081 -204
977876 -205
977670 -206
977463 -207
977255 -208
977046 -209
976836 -210
976625 -211
976413 -212
976200 -213
975986 -214
975771 -215
975555 -216
975338 -217
975120 -218
974901 -219
974681 -220
974460 -221
974238 -222
974015 -223
973791 -224
973566 -225
973340 -226
973113 -227
972885 -228
972656 -229
972426 -230
972195 -231
971963 -232
971730 -233
971496 -234
971261 -235
971025 -236
970788 -237
970550 -238
970311 -239
970071 -240
969830 -241
969588 -242
969345 -243
969101 -244
968856 -245
968610 -246
968363 -247
968115 -248
967866 -249
967616 -250
967365 -251
967113 -252
966860 -253
966606 -254
966351 -255
966095 -256
965838 -257
965580 -258
965321 -259
965061 -260
964800 -261
964538 -262
964275 -263
964011 -264
963746 -265
963480 -266
963213 -267
962945 -268
962676 -269
962406 -270
962135 -271
961863 -272
961590 -273
961316 -274
961041 -275
960765 -276
960488 -277
960210 -278
959931 -279
959651 -280
959370 -281
959088 -282
958805 -283
958521 -284
958236 -285
957950 -286
957663 -287
957375 -288
957086 -289
956796 -290
956505 -291
956213 -292
955920 -293
955626 -294
955331 -295
955035 -296
954738 -297
954440 -298
954141 -299
953841 -300
953540 -301
953238 -302
952935 -303
952631 -304
952326 -305
952020 -306
951713 -307
951405 -308
951096 -309
950786 -310
950475 -311
950163 -312
949850 -313
949536 -314
949221 -315
948905 -316
948588 -317
948270 -318
947951 -319
947631 -320
947310 -321
946988 -322
946665 -323
946341 -324
946016 -325
945690 -326
945363 -327
945035 -328
944706 -329
944376 -330
944045 -331
943713 -332
943380 -333
943046 -334
942711 -335
942375 -336
942038 -337
941700 -338
941361 -339
941021 -340
940680 -341
940338 -342
939995 -343
939651 -344
939306 -345
938960 -346
938613 -347
938265 -348
937916 -349
937566 -350
937215 -351
936863 -352
936510 -353
936156 -354
935801 -355
935445 -356
935088 -357
934730 -358
934371 -359
934011 -360
933650 -361
933288 -362
932925 -363
932561 -364
932196 -365
931830 -366
931463 -367
931095 -368
930726 -369
930356 -370
929985 -371
929613 -372
929240 -373
928866 -374
928491 -375
928115 -376
927738 -377
927360 -378
926981 -379
926601 -380
926220 -381
925838 -382
925455 -383
925071 -384
924686 -385
924300 -386
923913 -387
923525 -388
923136 -389
922746 -390
922355 -391
921963 -392
921570 -393
921176 -394
920781 -395
920385 -396
919988 -397
919590 -398
919191 -399
918791 -400
918390 -401
917988 -402
917585 -403
917181 -404
916776 -405
916370 -406
915963 -407
915555 -408
915146 -409
914736 -410
914325 -411
913913 -412
913500 -413
913086 -414
912671 -415
912255 -416
911838 -417
911420 -418
911001 -419
910581 -420
910160 -421
909738 -422
909315 -423
908891 -424
908466 -425
908040 -426
907613 -427
907185 -428
906756 -429
906326 -430
905895 -431
905463 -432
905030 -433
904596 -434
904161 -435
903725 -436
903288 -437
902850 -438
902411 -439
901971 -440
901530 -441
901088 -442
900645 -443
900201 -444
899756 -445
899310 -446
898863 -447
898415 -448
897966 -449
897516 -450
897065 -451
896613 -452
896160 -453
895706 -454
895251 -455
894795 -456
894338 -457
893880 -458
893421 -459
892961 -460
892500 -461
892038 -462
891575 -463
891111 -464
890646 -465
890180 -466
889713 -467
889245 -468
888776 -469
888306 -470
887835 -471
887363 -472
886890 -473
886416 -474
885941 -475
885465 -476
884988 -477
884510 -478
884031 -479
883551 -480
883070 -481
882588 -482
882105 -483
881621 -484
881136 -485
880650 -486
880163 -487
879675 -488
879186 -489
878696 -490
878205 -491
877713 -492
877220 -493
876726 -494
876231 -495
875735 -496
875238 -497
874740 -498
874241 -499
873741 -500
873240 -501
872738 -502
872235 -503
871731 -504
871226 -505
870720 -506
870213 -507
869705 -508
869196 -509
868686 -510
868175 -511
867663 -512
867150 -513
866636 -514
866121 -515
865605 -516
865088 -517
864570 -518
864051 -519
863531 -520
863010 -521
862488 -522
861965 -523
861441 -524
860916 -525
860390 -526
859863 -527
859335 -528
858806 -529
858276 -530
857745 -531
857213 -532
856680 -533
856146 -534
855611 -535
855075 -536
854538 -537
854000 -538
853461 -539
852921 -540
852380 -541
851838 -542
851295 -543
850751 -544
850206 -545
849660 -546
849113 -547
848565 -548
848016 -549
847466 -550
846915 -551
846363 -552
845810 -553
845256 -554
844701 -555
844145 -556
843588 -557
843030 -558
842471 -559
841911 -560
841350 -561
840788 -562
840225 -563
839661 -564
839096 -565
838530 -566
837963 -567
837395 -568
836826 -569
836256 -570
835685 -571
835113 -572
834540 -573
833966 -574
833391 -575
832815 -576
832238 -577
831660 -578
831081 -579
830501 -580
829920 -581
829338 -582
828755 -583
828171 -584
827586 -585
827000 -586
826413 -587
825825 -588
825236 -589
824646 -590
824055 -591
823463 -592
822870 -593
822276 -594
821681 -595
821085 -596
820488 -597
819890 -598
819291 -599
818691 -600
818090 -601
817488 -602
816885 -603
816281 -604
815676 -605
815070 -606
814463 -607
813855 -608
813246 -609
812636 -610
812025 -611
811413 -612
810800 -613
810186 -614
809571 -615
808955 -616
808338 -617
807720 -618
807101 -619
806481 -620
805860 -621
805238 -622
804615 -623
803991 -624
803366 -625
802740 -626
802113 -627
801485 -628
800856 -629
800226 -630
799595 -631
798963 -632
798330 -633
797696 -634
797061 -635
796425 -636
795788 -637
795150 -638
794511 -639
793871 -640
793230 -641
792588 -642
791945 -643
791301 -644
790656 -645
790010 -646
789363 -647
788715 -648
788066 -649
787416 -650
786765 -651
786113 -652
785460 -653
784806 -654
784151 -655
783495 -656
782838 -657
782180 -658
781521 -659
780861 -660
780200 -661
779538 -662
778875 -663
778211 -664
777546 -665
776880 -666
776213 -667
775545 -668
774876 -669
774206 -670
773535 -671
772863 -672
772190 -673
771516 -674
770841 -675
770165 -676
769488 -677
768810 -678
768131 -679
767451 -680
766770 -681
766088 -682
765405 -683
764721 -684
764036 -685
763350 -686
762663 -687
761975 -688
761286 -689
760596 -690
759905 -691
759213 -692
758520 -693
757826 -694
757131 -695
756435 -696
755738 -697
755040 -698
754341 -699
753641 -700
752940 -701
752238 -702
751535 -703
750831 -704
750126 -705
749420 -706
748713 -707
748005 -708
747296 -709
746586 -710
745875 -711
745163 -712
744450 -713
743736 -714
743021 -715
742305 -716
741588 -717
740870 -718
740151 -719
739431 -720
738710 -721
737988 -722
737265 -723
736541 -724
735816 -725
735090 -726
734363 -727
733635 -728
732906 -729
732176 -730
731445 -731
730713 -732
729980 -733
729246 -734
728511 -735
727775 -736
727038 -737
726300 -738
725561 -739
724821 -740
724080 -741
723338 -742
722595 -743
721851 -744
721106 -745
720360 -746
719613 -747
718865 -748
718116 -749
717366 -750
716615 -751
715863 -752
715110 -753
714356 -754
713601 -755
712845 -756
712088 -757
711330 -758
710571 -759
709811 -760
709050 -761
708288 -762
707525 -763
706761 -764
705996 -765
705230 -766
704463 -767
703695 -768
702926 -769
702156 -770
701385 -771
700613 -772
699840 -773
699066 -774
698291 -775
697515 -776
696738 -777
695960 -778
695181 -779
694401 -780
693620 -781
692838 -782
692055 -783
691271 -784
690486 -785
689700 -786
688913 -787
688125 -788
687336 -789
686546 -790
685755 -791
684963 -792
684170 -793
683376 -794
682581 -795
681785 -796
680988 -797
680190 -798
679391 -799
678591 -800
677790 -801
676988 -802
676185 -803
675381 -804
674576 -805
673770 -806
672963 -807
672155 -808
671346 -809
670536 -810
669725 -811
668913 -812
668100 -813
667286 -814
666471 -815
665655 -816
664838 -817
664020 -818
663201 -819
662381 -820
661560 -821
660738 -822
659915 -823
659091 -824
658266 -825
657440 -826
656613 -827
655785 -828
654956 -829
654126 -830
653295 -831
652463 -832
651630 -833
650796 -834
649961 -835
649125 -836
648288 -837
647450 -838
646611 -839
645771 -840
644930 -841
644088 -842
643245 -843
642401 -844
641556 -845
640710 -846
639863 -847
639015 -848
638166 -849
637316 -850
636465 -851
635613 -852
634760 -853
633906 -854
633051 -855
632195 -856
631338 -857
630480 -858
629621 -859
628761 -860
627900 -861
627038 -862
626175 -863
625311 -864
624446 -865
623580 -866
622713 -867
621845 -868
620976 -869
620106 -870
619235 -871
618363 -872
617490 -873
616616 -874
615741 -875
614865 -876
613988 -877
613110 -878
612231 -879
611351 -880
610470 -881
609588 -882
608705 -883
607821 -884
606936 -885
606050 -886
605163 -887
604275 -888
603386 -889
602496 -890
601605 -891
600713 -892
599820 -893
598926 -894
598031 -895
597135 -896
596238 -897
595340 -898
594441 -899
593541 -900
592640 -901
591738 -902
590835 -903
589931 -904
589026 -905
588120 -906
587213 -907
586305 -908
585396 -909
584486 -910
583575 -911
582663 -912
581750 -913
580836 -914
579921 -915
579005 -916
578088 -917
577170 -918
576251 -919
575331 -920
574410 -921
573488 -922
572565 -923
571641 -924
570716 -925
569790 -926
568863 -927
567935 -928
567006 -929
566076 -930
565145 -931
564213 -932
563280 -933
562346 -934
561411 -935
560475 -936
559538 -937
558600 -938
557661 -939
556721 -940
555780 -941
554838 -942
553895 -943
552951 -944
552006 -945
551060 -946
550113 -947
549165 -948
548216 -949
547266 -950
546315 -951
545363 -952
544410 -953
543456 -954
542501 -955
541545 -956
540588 -957
539630 -958
538671 -959
537711 -960
536750 -961
535788 -962
534825 -963
533861 -964
532896 -965
531930 -966
530963 -967
529995 -968
529026 -969
528056 -970
527085 -971
526113 -972
525140 -973
524166 -974
523191 -975
522215 -976
521238 -977
520260 -978
519281 -979
518301 -980
517320 -981
516338 -982
515355 -983
514371 -984
513386 -985
512400 -986
511413 -987
510425 -988
509436 -989
508446 -990
507455 -991
506463 -992
505470 -993
504476 -994
503481 -995
502485 -996
501488 -997
500490 -998
499491 -999
498491 -1000
497490 -1001
496488 -1002
495485 -1003
494481 -1004
493476 -1005
492470 -1006
491463 -1007
490455 -1008
489446 -1009
488436 -1010
487425 -1011
486413 -1012
485400 -1013
484386 -1014
483371 -1015
482355 -1016
481338 -1017
480320 -1018
479301 -1019
478281 -1020
477260 -1021
476238 -1022
475215 -1023
474191 -1024
473166 -1025
472140 -1026
471113 -1027
470085 -1028
469056 -1029
468026 -1030
466995 -1031
465963 -1032
464930 -1033
463896 -1034
462861 -1035
461825 -1036
460788 -1037
459750 -1038
458711 -1039
457671 -1040
456630 -1041
455588 -1042
454545 -1043
453501 -1044
452456 -1045
451410 -1046
450363 -1047
449315 -1048
448266 -1049
447216 -1050
446165 -1051
445113 -1052
444060 -1053
443006 -1054
441951 -1055
440895 -1056
439838 -1057
438780 -1058
437721 -1059
436661 -1060
435600 -1061
434538 -1062
433475 -1063
432411 -1064
431346 -1065
430280 -1066
429213 -1067
428145 -1068
427076 -1069
426006 -1070
424935 -1071
423863 -1072
422790 -1073
421716 -1074
420641 -1075
419565 -1076
418488 -1077
417410 -1078
416331 -1079
415251 -1080
414170 -1081
413088 -1082
412005 -1083
410921 -1084
409836 -1085
408750 -1086
407663 -1087
406575 -1088
405486 -1089
404396 -1090
403305 -1091
402213 -1092
401120 -1093
400026 -1094
398931 -1095
397835 -1096
396738 -1097
395640 -1098
394541 -1099
393441 -1100
392340 -1101
391238 -1102
390135 -1103
389031 -1104
387926 -1105
386820 -1106
385713 -1107
384605 -1108
383496 -1109
382386 -1110
381275 -1111
380163 -1112
379050 -1113
377936 -1114
376821 -1115
375705 -1116
374588 -1117
373470 -1118
372351 -1119
371231 -1120
370110 -1121
368988 -1122
367865 -1123
366741 -1124
365616 -1125
364490 -1126
363363 -1127
362235 -1128
361106 -1129
359976 -1130
358845 -1131
357713 -1132
356580 -1133
355446 -1134
354311 -1135
353175 -1136
352038 -1137
350900 -1138
349761 -1139
348621 -1140
347480 -1141
346338 -1142
345195 -1143
344051 -1144
342906 -1145
341760 -1146
340613 -1147
339465 -1148
338316 -1149
337166 -1150
336015 -1151
334863 -1152
333710 -1153
332556 -1154
331401 -1155
330245 -1156
329088 -1157
327930 -1158
326771 -1159
325611 -1160
324450 -1161
323288 -1162
322125 -1163
320961 -1164
319796 -1165
318630 -1166
317463 -1167
316295 -1168
315126 -1169
313956 -1170
312785 -1171
311613 -1172
310440 -1173
309266 -1174
308091 -1175
306915 -1176
305738 -1177
304560 -1178
303381 -1179
302201 -1180
301020 -1181
299838 -1182
298655 -1183
297471 -1184
296286 -1185
295100 -1186
293913 -1187
292725 -1188
291536 -1189
290346 -1190
289155 -1191
287963 -1192
286770 -1193
285576 -1194
284381 -1195
283185 -1196
281988 -1197
280790 -1198
279591 -1199
278391 -1200
277190 -1201
275988 -1202
274785 -1203
273581 -1204
272376 -1205
271170 -1206
269963 -1207
268755 -1208
267546 -1209
266336 -1210
265125 -1211
263913 -1212
262700 -1213
261486 -1214
260271 -1215
259055 -1216
257838 -1217
256620 -1218
255401 -1219
254181 -1220
252960 -1221
251738 -1222
250515 -1223
249291 -1224
248066 -1225
246840 -1226
245613 -1227
244385 -1228
243156 -1229
241926 -1230
240695 -1231
239463 -1232
238230 -1233
236996 -1234
235761 -1235
234525 -1236
233288 -1237
232050 -1238
230811 -1239
229571 -1240
228330 -1241
227088 -1242
225845 -1243
224601 -1244
223356 -1245
222110 -1246
220863 -1247
219615 -1248
218366 -1249
217116 -1250
215865 -1251
214613 -1252
213360 -1253
212106 -1254
210851 -1255
209595 -1256
208338 -1257
207080 -1258
205821 -1259
204561 -1260
203300 -1261
202038 -1262
200775 -1263
199511 -1264
198246 -1265
196980 -1266
195713 -1267
194445 -1268
193176 -1269
191906 -1270
190635 -1271
189363 -1272
188090 -1273
186816 -1274
185541 -1275
184265 -1276
182988 -1277
181710 -1278
180431 -1279
179151 -1280
177870 -1281
176588 -1282
175305 -1283
174021 -1284
172736 -1285
171450 -1286
170163 -1287
168875 -1288
167586 -1289
166296 -1290
165005 -1291
163713 -1292
162420 -1293
161126 -1294
159831 -1295
158535 -1296
157238 -1297
155940 -1298
154641 -1299
153341 -1300
152040 -1301
150738 -1302
149435 -1303
148131 -1304
146826 -1305
145520 -1306
144213 -1307
142905 -1308
141596 -1309
140286 -1310
138975 -1311
137663 -1312
136350 -1313
135036 -1314
133721 -1315
132405 -1316
131088 -1317
129770 -1318
128451 -1319
127131 -1320
125810 -1321
124488 -1322
123165 -1323
121841 -1324
120516 -1325
119190 -1326
117863 -1327
116535 -1328
115206 -1329
113876 -1330
112545 -1331
111213 -1332
109880 -1333
108546 -1334
107211 -1335
105875 -1336
104538 -1337
103200 -1338
101861 -1339
100521 -1340
99180 -1341
97838 -1342
96495 -1343
95151 -1344
93806 -1345
92460 -1346
91113 -1347
89765 -1348
88416 -1349
87066 -1350
85715 -1351
84363 -1352
83010 -1353
81656 -1354
80301 -1355
78945 -1356
77588 -1357
76230 -1358
74871 -1359
73511 -1360
72150 -1361
70788 -1362
69425 -1363
68061 -1364
66696 -1365
65330 -1366
63963 -1367
62595 -1368
61226 -1369
59856 -1370
58485 -1371
57113 -1372
55740 -1373
54366 -1374
52991 -1375
51615 -1376
50238 -1377
48860 -1378
47481 -1379
46101 -1380
44720 -1381
43338 -1382
41955 -1383
40571 -1384
39186 -1385
37800 -1386
36413 -1387
35025 -1388
33636 -1389
32246 -1390
30855 -1391
29463 -1392
28070 -1393
26676 -1394
25281 -1395
23885 -1396
22488 -1397
21090 -1398
19691 -1399
18291 -1400
16890 -1401
15488 -1402
14085 -1403
12681 -1404
11276 -1405
9870 -1406
8463 -1407
7055 -1408
5646 -1409
4236 -1410
2825 -1411
1413 -1412
0 -1413
0 1413
1413 1412
2825 1411
4236 1410
5646 1409
7055 1408
8463 1407
9870 1406
11276 1405
12681 1404
14085 1403
15488 1402
16890 1401
18291 1400
19691 1399
21090 1398
22488 1397
23885 1396
25281 1395
26676 1394
28070 1393
29463 1392
30855 1391
32246 1390
33636 1389
35025 1388
36413 1387
37800 1386
39186 1385
40571 1384
41955 1383
43338 1382
44720 1381
46101 1380
47481 1379
48860 1378
50238 1377
51615 1376
52991 1375
54366 1374
55740 1373
57113 1372
58485 1371
59856 1370
61226 1369
62595 1368
63963 1367
65330 1366
66696 1365
68061 1364
69425 1363
70788 1362
72150 1361
73511 1360
74871 1359
76230 1358
77588 1357
78945 1356
80301 1355
81656 1354
83010 1353
84363 1352
85715 1351
87066 1350
88416 1349
89765 1348
91113 1347
92460 1346
93806 1345
95151 1344
96495 1343
97838 1342
99180 1341
100521 1340
101861 1339
103200 1338
104538 1337
105875 1336
107211 1335
108546 1334
109880 1333
111213 1332
112545 1331
113876 1330
115206 1329
116535 1328
117863 1327
119190 1326
120516 1325
121841 1324
123165 1323
124488 1322
125810 1321
127131 1320
128451 1319
129770 1318
131088 1317
132405 1316
133721 1315
135036 1314
136350 1313
137663 1312
138975 1311
140286 1310
141596 1309
142905 1308
144213 1307
145520 1306
146826 1305
148131 1304
149435 1303
150738 1302
152040 1301
153341 1300
154641 1299
155940 1298
157238 1297
158535 1296
159831 1295
161126 1294
162420 1293
163713 1292
165005 1291
166296 1290
167586 1289
168875 1288
170163 1287
171450 1286
172736 1285
174021 1284
175305 1283
176588 1282
177870 1281
179151 1280
180431 1279
181710 1278
182988 1277
184265 1276
185541 1275
186816 1274
188090 1273
189363 1272
190635 1271
191906 1270
193176 1269
194445 1268
195713 1267
196980 1266
198246 1265
199511 1264
200775 1263
202038 1262
203300 1261
204561 1260
205821 1259
207080 1258
208338 1257
209595 1256
210851 1255
212106 1254
213360 1253
214613 1252
215865 1251
217116 1250
218366 1249
219615 1248
220863 1247
222110 1246
223356 1245
224601 1244
225845 1243
227088 1242
228330 1241
229571 1240
230811 1239
232050 1238
233288 1237
234525 1236
235761 1235
236996 1234
238230 1233
239463 1232
240695 1231
241926 1230
243156 1229
244385 1228
245613 1227
246840 1226
248066 1225
249291 1224
250515 1223
251738 1222
252960 1221
254181 1220
255401 1219
256620 1218
257838 1217
259055 1216
260271 1215
261486 1214
262700 1213
263913 1212
265125 1211
266336 1210
267546 1209
268755 1208
269963 1207
271170 1206
272376 1205
273581 1204
274785 1203
275988 1202
277190 1201
278391 1200
279591 1199
280790 1198
281988 1197
283185 1196
284381 1195
285576 1194
286770 1193
287963 1192
289155 1191
290346 1190
291536 1189
292725 1188
293913 1187
295100 1186
296286 1185
297471 1184
298655 1183
299838 1182
301020 1181
302201 1180
303381 1179
304560 1178
305738 1177
306915 1176
308091 1175
309266 1174
310440 1173
311613 1172
312785 1171
313956 1170
315126 1169
316295 1168
317463 1167
318630 1166
319796 1165
320961 1164
322125 1163
323288 1162
324450 1161
325611 1160
326771 1159
327930 1158
329088 1157
330245 1156
331401 1155
332556 1154
333710 1153
334863 1152
336015 1151
337166 1150
338316 1149
339465 1148
340613 1147
341760 1146
342906 1145
344051 1144
345195 1143
346338 1142
347480 1141
348621 1140
349761 1139
350900 1138
352038 1137
353175 1136
354311 1135
355446 1134
356580 1133
357713 1132
358845 1131
359976 1130
361106 1129
362235 1128
363363 1127
364490 1126
365616 1125
366741 1124
367865 1123
368988 1122
370110 1121
371231 1120
372351 1119
373470 1118
374588 1117
375705 1116
376821 1115
377936 1114
379050 1113
380163 1112
381275 1111
382386 1110
383496 1109
384605 1108
385713 1107
386820 1106
387926 1105
389031 1104
390135 1103
391238 1102
392340 1101
393441 1100
394541 1099
395640 1098
396738 1097
397835 1096
398931 1095
400026 1094
401120 1093
402213 1092
403305 1091
404396 1090
405486 1089
406575 1088
407663 1087
408750 1086
409836 1085
410921 1084
412005 1083
413088 1082
414170 1081
415251 1080
416331 1079
417410 1078
418488 1077
419565 1076
420641 1075
421716 1074
422790 1073
423863 1072
424935 1071
426006 1070
427076 1069
428145 1068
429213 1067
430280 1066
431346 1065
432411 1064
433475 1063
434538 1062
435600 1061
436661 1060
437721 1059
438780 1058
439838 1057
440895 1056
441951 1055
443006 1054
444060 1053
445113 1052
446165 1051
447216 1050
448266 1049
449315 1048
450363 1047
451410 1046
452456 1045
453501 1044
454545 1043
455588 1042
456630 1041
457671 1040
458711 1039
459750 1038
460788 1037
461825 1036
462861 1035
463896 1034
464930 1033
465963 1032
466995 1031
468026 1030
469056 1029
470085 1028
471113 1027
472140 1026
473166 1025
474191 1024
475215 1023
476238 1022
477260 1021
478281 1020
479301 1019
480320 1018
481338 1017
482355 1016
483371 1015
484386 1014
485400 1013
486413 1012
487425 1011
488436 1010
489446 1009
490455 1008
491463 1007
492470 1006
493476 1005
494481 1004
495485 1003
496488 1002
497490 1001
498491 1000
499491 999
500490 998
501488 997
502485 996
503481 995
504476 994
505470 993
506463 992
507455 991
508446 990
509436 989
510425 988
511413 987
512400 986
513386 985
514371 984
515355 983
516338 982
517320 981
518301 980
519281 979
520260 978
521238 977
522215 976
523191 975
524166 974
525140 973
526113 972
527085 971
528056 970
529026 969
529995 968
530963 967
531930 966
532896 965
533861 964
534825 963
535788 962
536750 961
537711 960
538671 959
539630 958
540588 957
541545 956
542501 955
543456 954
544410 953
545363 952
546315 951
547266 950
548216 949
549165 948
550113 947
551060 946
552006 945
552951 944
553895 943
554838 942
555780 941
556721 940
557661 939
558600 938
559538 937
560475 936
561411 935
562346 934
563280 933
564213 932
565145 931
566076 930
567006 929
567935 928
568863 927
569790 926
570716 925
571641 924
572565 923
573488 922
574410 921
575331 920
576251 919
577170 918
578088 917
579005 916
579921 915
580836 914
581750 913
582663 912
583575 911
584486 910
585396 909
586305 908
587213 907
588120 906
589026 905
589931 904
590835 903
591738 902
592640 901
593541 900
594441 899
595340 898
596238 897
597135 896
598031 895
598926 894
599820 893
600713 892
601605 891
602496 890
603386 889
604275 888
605163 887
606050 886
606936 885
607821 884
608705 883
609588 882
610470 881
611351 880
612231 879
613110 878
613988 877
614865 876
615741 875
616616 874
617490 873
618363 872
619235 871
620106 870
620976 869
621845 868
622713 867
623580 866
624446 865
625311 864
626175 863
627038 862
627900 861
628761 860
629621 859
630480 858
631338 857
632195 856
633051 855
633906 854
634760 853
635613 852
636465 851
637316 850
638166 849
639015 848
639863 847
640710 846
641556 845
642401 844
643245 843
644088 842
644930 841
645771 840
646611 839
647450 838
648288 837
649125 836
649961 835
650796 834
651630 833
652463 832
653295 831
654126 830
654956 829
655785 828
656613 827
657440 826
658266 825
659091 824
659915 823
660738 822
661560 821
662381 820
663201 819
664020 818
664838 817
665655 816
666471 815
667286 814
668100 813
668913 812
669725 811
670536 810
671346 809
672155 808
672963 807
673770 806
674576 805
675381 804
676185 803
676988 802
677790 801
678591 800
679391 799
680190 798
680988 797
681785 796
682581 795
683376 794
684170 793
684963 792
685755 791
686546 790
687336 789
688125 788
688913 787
689700 786
690486 785
691271 784
692055 783
692838 782
693620 781
694401 780
695181 779
695960 778
696738 777
697515 776
698291 775
699066 774
699840 773
700613 772
701385 771
702156 770
702926 769
703695 768
704463 767
705230 766
705996 765
706761 764
707525 763
708288 762
709050 761
709811 760
710571 759
711330 758
712088 757
712845 756
713601 755
714356 754
715110 753
715863 752
716615 751
717366 750
718116 749
718865 748
719613 747
720360 746
721106 745
721851 744
722595 743
723338 742
724080 741
724821 740
725561 739
726300 738
727038 737
727775 736
728511 735
729246 734
729980 733
730713 732
731445 731
732176 730
732906 729
733635 728
734363 727
735090 726
735816 725
736541 724
737265 723
737988 722
738710 721
739431 720
740151 719
740870 718
741588 717
742305 716
743021 715
743736 714
744450 713
745163 712
745875 711
746586 710
747296 709
748005 708
748713 707
749420 706
750126 705
750831 704
751535 703
752238 702
752940 701
753641 700
754341 699
755040 698
755738 697
756435 696
757131 695
757826 694
758520 693
759213 692
759905 691
760596 690
761286 689
761975 688
762663 687
763350 686
764036 685
764721 684
765405 683
766088 682
766770 681
767451 680
768131 679
768810 678
769488 677
770165 676
770841 675
771516 674
772190 673
772863 672
773535 671
774206 670
774876 669
775545 668
776213 667
776880 666
777546 665
778211 664
778875 663
779538 662
780200 661
780861 660
781521 659
782180 658
782838 657
783495 656
784151 655
784806 654
785460 653
786113 652
786765 651
787416 650
788066 649
788715 648
789363 647
790010 646
790656 645
791301 644
791945 643
792588 642
793230 641
793871 640
794511 639
795150 638
795788 637
796425 636
797061 635
797696 634
798330 633
798963 632
799595 631
800226 630
800856 629
801485 628
802113 627
802740 626
803366 625
803991 624
804615 623
805238 622
805860 621
806481 620
807101 619
807720 618
808338 617
808955 616
809571 615
810186 614
810800 613
811413 612
812025 611
812636 610
813246 609
813855 608
814463 607
815070 606
815676 605
816281 604
816885 603
817488 602
818090 601
818691 600
819291 599
819890 598
820488 597
821085 596
821681 595
822276 594
822870 593
823463 592
824055 591
824646 590
825236 589
825825 588
826413 587
827000 586
827586 585
828171 584
828755 583
829338 582
829920 581
830501 580
831081 579
831660 578
832238 577
832815 576
833391 575
833966 574
834540 573
835113 572
835685 571
836256 570
836826 569
837395 568
837963 567
838530 566
839096 565
839661 564
840225 563
840788 562
841350 561
841911 560
842471 559
843030 558
843588 557
844145 556
844701 555
845256 554
845810 553
846363 552
846915 551
847466 550
848016 549
848565 548
849113 547
849660 546
850206 545
850751 544
851295 543
851838 542
852380 541
852921 540
853461 539
854000 538
854538 537
855075 536
855611 535
856146 534
856680 533
857213 532
857745 531
858276 530
858806 529
859335 528
859863 527
860390 526
860916 525
861441 524
861965 523
862488 522
863010 521
863531 520
864051 519
864570 518
865088 517
865605 516
866121 515
866636 514
867150 513
867663 512
868175 511
868686 510
869196 509
869705 508
870213 507
870720 506
871226 505
871731 504
872235 503
872738 502
873240 501
873741 500
874241 499
874740 498
875238 497
875735 496
876231 495
876726 494
877220 493
877713 492
878205 491
878696 490
879186 489
879675 488
880163 487
880650 486
881136 485
881621 484
882105 483
882588 482
883070 481
883551 480
884031 479
884510 478
884988 477
885465 476
885941 475
886416 474
886890 473
887363 472
887835 471
888306 470
888776 469
889245 468
889713 467
890180 466
890646 465
891111 464
891575 463
892038 462
892500 461
892961 460
893421 459
893880 458
894338 457
894795 456
895251 455
895706 454
896160 453
896613 452
897065 451
897516 450
897966 449
898415 448
898863 447
899310 446
899756 445
900201 444
900645 443
901088 442
901530 441
901971 440
902411 439
902850 438
903288 437
903725 436
904161 435
904596 434
905030 433
905463 432
905895 431
906326 430
906756 429
907185 428
907613 427
908040 426
908466 425
908891 424
909315 423
