1000
0 1000000
5245 999999
8609 999932
12784 999813
15011 999712
21704 999380
23815 999267
26854 999088
29011 998958
34704 998611
38435 998383
39057 998336
39834 998274
40757 998200
44564 997850
47993 997513
49004 997409
49418 997366
50715 997212
52446 997003
52893 996944
57484 996338
59529 996066
65912 995140
68125 994798
71231 994297
71677 994220
73721 993859
77074 993256
78363 993018
78741 992947
81949 992342
86306 991516
87653 991260
88653 991051
89160 990938
95204 989503
99991 988362
100945 988129
101292 988043
104079 987330
104668 987179
109049 986049
115728 984280
120370 983009
125859 981504
131672 979900
135898 978733
142556 976846
145045 976122
147299 975459
147519 975392
151188 974241
152545 973815
156160 972643
161479 970911
161568 970882
164809 969812
169512 968239
175577 966203
177498 965553
178863 965054
185168 962738
191857 960153
193360 959570
193625 959467
199441 957186
200106 956923
201241 956460
202456 955961
206195 954410
212704 951708
214997 950754
215139 950693
220311 948432
223992 946804
230548 943821
231598 943340
238067 940242
238816 939881
241583 938528
248006 935290
253505 932492
259218 929584
261066 928619
262123 928029
264975 926420
266678 925429
273346 921530
278875 918271
281544 916662
284861 914620
290052 911391
295389 908048
296353 907443
301932 903927
307453 900424
308574 899691
309248 899244
312474 897101
316259 894557
316311 894522
322413 890333
327155 887026
329264 885552
335178 881343
339339 878369
342250 876230
343069 875623
343827 875060
344969 874205
351025 869594
356308 865561
361707 861432
363276 860210
370123 854867
372925 852672
376276 849971
381874 845424
388593 839936
391600 837463
396091 833733
401190 829491
403407 827573
407573 823944
413505 818771
415896 816681
419767 813296
426452 807438
426509 807388
427095 806871
431122 803241
432833 801695
434889 799824
437187 797729
439828 795319
441159 794099
445347 790212
446477 789163
447851 787880
449490 786349
450702 785208
452096 783895
454945 781196
458632 777672
460386 775987
465235 771319
471185 765476
477050 759709
482283 754562
488980 747934
493298 743655
493941 743017
494071 742888
498629 738313
501551 735350
507036 729761
512693 723777
514058 722326
516564 719599
517484 718590
523223 712289
525298 710007
527850 707190
533047 701447
536121 698050
537942 696032
541497 692049
546814 686080
549405 683168
550519 681903
554189 677726
555773 675907
557269 674182
561946 668631
566019 663782
571309 657415
574874 653009
576163 651412
580141 646421
585060 640217
588988 635238
593679 629232
596220 625952
596724 625299
601242 619396
605943 613181
608377 609954
612123 604983
613988 602499
617521 597788
619374 595275
619823 594642
620889 593139
625123 587100
629046 581455
629798 580364
633157 575382
633190 575333
635401 571918
639178 566070
642030 561543
645555 555937
647496 552801
650861 547133
652998 543505
654905 540260
655504 539238
656747 537094
660445 530637
661037 529582
661329 529061
664118 524082
667473 517811
670349 512260
670392 512177
673251 506607
675710 501764
675755 501675
676662 499863
679525 494132
680862 491259
681935 488908
683848 484592
684267 483646
687223 476945
687926 475340
689222 472279
691803 466041
694455 459586
694715 458945
694986 458276
695909 455996
698563 449293
700937 443292
701580 441662
703148 437647
704186 434972
706338 429417
706541 428888
706630 428651
706949 427801
708102 424682
709091 421933
710935 416682
712864 411101
715005 404859
716676 399868
718939 393080
720239 389019
720886 386974
722335 382394
723439 378799
723690 377973
725153 372980
725880 370256
727097 365695
728665 359112
730177 352549
731196 347978
732451 341944
732731 340595
733408 337228
733541 336561
733894 334781
734078 333824
735331 327089
735442 326479
736319 321515
737023 317374
737040 317274
737442 314741
737959 311393
738348 308749
738425 308162
738802 304872
739349 300069
739996 294021
740343 290585
740834 285669
740850 285502
741128 282283
741283 280182
741452 277223
741460 277076
741691 272748
741748 271625
742058 265372
742113 263779
742194 261377
742241 259680
742292 257726
742292 255938
742279 255936
742191 255929
742019 255922
741912 255918
741703 255914
741326 255907
741009 255904
740898 255903
740385 255899
739427 255892
738403 255885
737522 255879
737371 255878
736250 255871
735599 255867
734403 255860
732960 255852
731778 255847
731297 255845
729226 255837
728691 255835
727810 255832
726923 255829
725694 255825
723913 255820
722484 255816
721021 255812
719859 255809
716624 255801
713745 255794
710781 255787
709082 255783
707373 255779
706506 255777
705625 255775
703341 255770
702880 255769
699145 255761
698188 255759
694309 255751
693823 255750
690213 255743
689174 255741
685428 255734
682711 255729
678284 255721
676605 255718
674920 255715
673781 255713
670909 255708
669734 255706
667917 255703
663575 255696
659216 255689
654807 255682
652913 255679
651612 255677
649619 255674
644730 255667
642607 255664
639061 255659
636192 255655
630867 255648
625314 255641
621346 255636
617312 255631
613209 255626
606506 255618
600510 255611
594507 255604
588476 255597
586721 255595
579594 255587
573334 255580
566027 255572
560542 255566
553197 255558
551336 255556
550401 255555
547591 255552
542897 255547
541956 255546
540057 255544
532382 255536
530463 255534
523476 255527
515435 255519
507382 255511
505367 255509
498082 255502
492850 255497
487582 255492
486526 255491
485464 255490
480146 255485
479082 255484
470543 255476
467287 255473
461806 255468
459607 255466
457350 255464
449353 255457
448204 255456
441231 255450
436570 255446
430543 255441
420842 255433
417184 255430
415962 255429
412225 255426
403329 255419
399491 255416
398201 255415
395556 255413
386233 255406
376862 255399
372793 255396
364518 255390
356203 255384
347838 255378
343604 255375
340781 255373
339368 255372
337948 255371
336505 255370
330630 255366
329154 255365
326195 255363
321754 255360
320212 255359
318663 255358
310836 255353
309248 255352
304249 255349
295687 255344
292228 255342
290475 255341
281671 255336
272784 255331
269223 255329
260292 255324
253007 255320
243886 255315
236581 255311
231048 255308
225488 255305
223628 255304
214139 255299
204606 255294
200475 255292
196316 255290
194002 255289
186993 255286
179927 255283
170478 255279
163136 255276
155425 255273
152846 255272
145005 255269
142318 255268
139543 255267
131169 255264
125532 255262
122673 255261
119775 255260
110930 255257
101853 255254
98821 255253
89696 255250
86560 255249
83361 255248
73733 255245
70453 255244
66738 255243
63009 255242
55450 255240
51609 255239
43828 255237
39474 255236
30549 255234
26026 255233
21469 255232
16706 255231
7089 255229
2261 255228
-2784 255227
-7950 255226
-13152 255225
-19138 255224
-25450 255223
-32228 255222
-39118 255221
-46266 255220
-53493 255219
-61093 255218
-68775 255217
-76658 255216
-84831 255215
-93244 255214
-101887 255213
-110557 255212
-119375 255211
-128352 255210
-137805 255209
-147358 255208
-157034 255207
-157035 255207
-165721 255208
-174317 255209
-182592 255210
-190859 255211
-198184 255212
-204887 255213
-211279 255214
-217148 255215
-222781 255216
-227574 255217
-232357 255218
-237091 255219
-241793 255220
-250720 255222
-255053 255223
-259361 255224
-263543 255225
-271708 255227
-275786 255228
-279763 255229
-287608 255231
-294869 255233
-298470 255234
-302004 255235
-308571 255237
-311674 255238
-320762 255241
-329583 255244
-332515 255245
-335378 255246
-343410 255249
-346031 255250
-353823 255253
-356230 255254
-361029 255256
-363274 255257
-367691 255259
-369895 255260
-372089 255261
-374233 255262
-376371 255263
-384638 255267
-394345 255272
-396195 255273
-397999 255274
-401572 255276
-410188 255281
-413605 255283
-420432 255287
-428948 255292
-430643 255293
-437312 255297
-445573 255302
-447169 255303
-448762 255304
-450341 255305
-458227 255310
-465869 255315
-470395 255318
-471894 255319
-474853 255321
-483692 255327
-486621 255329
-493907 255334
-495362 255335
-498265 255337
-505441 255342
-512570 255347
-519659 255352
-521058 255353
-526591 255357
-536201 255364
-543009 255369
-544351 255370
-549660 255374
-556081 255379
-557364 255380
-558644 255381
-567592 255388
-576430 255395
-580196 255398
-588866 255405
-591343 255407
-593818 255409
-595047 255410
-596262 255411
-604714 255418
-605910 255419
-613085 255425
-622502 255433
-630582 255440
-639717 255448
-646568 255454
-649986 255457
-654413 255461
-656622 255463
-659881 255466
-660967 255467
-662028 255468
-670469 255476
-675715 255481
-676757 255482
-677773 255483
-682836 255488
-689912 255495
-690910 255496
-697865 255503
-702787 255508
-709620 255515
-712397 255518
-713286 255519
-720359 255527
-724732 255532
-726475 255534
-727313 255535
-732330 255541
-735671 255545
-737308 255547
-742989 255554
-745408 255557
-750117 255563
-753192 255567
-756257 255571
-758502 255574
-763707 255581
-768877 255588
-773262 255594
-775444 255597
-779007 255602
-782513 255607
-786720 255613
-787418 255614
-788813 255616
-789474 255617
-790132 255618
-791445 255620
-792071 255621
-795802 255627
-800088 255634
-803141 255639
-805544 255643
-808531 255648
-810299 255651
-815008 255659
-817337 255663
-820816 255669
-821967 255671
-823661 255674
-827571 255681
-831932 255689
-834570 255694
-835086 255695
-837117 255699
-837618 255700
-838114 255701
-841981 255709
-842942 255711
-844357 255714
-846710 255719
-848068 255722
-850773 255728
-853925 255735
-854320 255736
-855863 255740
-856232 255741
-858768 255748
-861609 255756
-862672 255759
-863010 255760
-865581 255768
-865889 255769
-868025 255776
-868315 255777
-869474 255781
-871183 255787
-873100 255794
-875267 255802
-877043 255809
-879040 255817
-879975 255821
-880200 255822
-880633 255824
-882362 255832
-882571 255833
-884202 255841
-885580 255848
-885971 255850
-886350 255852
-887751 255860
-887921 255861
-888164 255863
-889121 255871
-889234 255872
-889645 255876
-890358 255884
-890624 255887
-891006 255892
-891344 255897
-891603 255901
-891728 255903
-891989 255908
-892037 255909
-892088 255914
-892134 255919
-892170 255926
-892202 255933
-892202 255934
-892199 260252
-892193 261637
-892158 264995
-892117 266293
-891882 271005
-891699 273665
-891444 277027
-890927 282847
-890697 285288
-890177 290545
-889846 293847
-889816 294110
-889168 299689
-888613 304280
-887952 309361
-887469 312977
-887278 314287
-886721 317961
-886437 319830
-885853 323267
-884925 328392
-884628 330025
-884148 332472
-882902 338535
-881493 345088
-880884 347828
-879473 353750
-879424 353954
-878700 356955
-877140 363266
-875686 369117
-875306 370628
-873894 376179
-872951 379850
-872528 381466
-872407 381927
-872053 383224
-871032 386946
-869899 391013
-869798 391364
-868080 397329
-866591 402252
-864567 408849
-864365 409482
-862332 415573
-861365 418398
-859198 424551
-857429 429522
-857084 430480
-854953 436306
-852584 442741
-851081 446769
-850603 448050
-849522 450939
-848885 452635
-847536 456215
-847343 456727
-846586 458715
-845272 462158
-844058 465277
-842274 469810
-840483 474357
-838073 480390
-836117 485269
-833888 490740
-832145 495005
-829840 500387
-829663 500787
-828287 503714
-827562 505242
-827293 505805
-827216 505963
-825287 509805
-823647 513064
-821446 517219
-818877 521998
-815390 528474
-812742 533391
-809739 538783
-806999 543670
-805405 546513
-803068 550583
-800591 554891
-797045 560820
-794428 565193
-793651 566473
-793536 566662
-790147 572222
-789267 573643
-786184 578543
-784444 581286
-781400 585991
-780179 587858
-776478 593505
-772106 600150
-769435 604207
-769199 604564
-768270 605960
-764457 611608
-762008 615210
-760633 617228
-756189 623621
-753890 626863
-749324 633282
-747345 636014
-744358 640097
-743552 641198
-739785 646231
-737326 649504
-734587 653088
-730101 658957
-726796 663269
-726208 664030
-722695 668522
-717792 674758
-717335 675337
-712079 681992
-711724 682434
-708293 686660
-706058 689409
-705263 690382
-699742 697137
-694368 703674
-688810 710419
-687769 711674
-686634 713027
-683217 717091
-682825 717556
-678402 722797
-676291 725284
-675384 726323
-672961 729081
-671556 730660
-665941 736893
-663390 739652
-659733 743560
-657118 746337
-655779 747736
-651300 752415
-647654 756178
-646127 757751
-644236 759697
-639845 764183
-635044 769076
-634977 769144
-632914 771222
-632913 771223
-631462 772667
-629877 774234
-628190 775896
-626061 777984
-620234 783686
-616933 786906
-610236 793436
-608514 795091
-602365 800985
-601733 801590
-596715 806345
-593614 809175
-590841 811677
-589974 812443
-585463 816427
-580964 820399
-579919 821316
-574537 825991
-570305 829610
-567441 832039
-560695 837704
-559238 838911
-558004 839932
-556060 841535
-552285 844606
-546612 849210
-543571 851671
-540683 853996
-537199 856755
-535136 858371
-534672 858734
-533726 859469
-528963 863134
-527756 864060
-522041 868432
-518792 870869
-513748 874576
-513473 874778
-509260 877865
-505329 880730
-499133 885215
-498674 885544
-496227 887271
-490796 891060
-488941 892336
-487041 893635
-482713 896462
-476519 900467
-470204 904479
-464113 908212
-461462 909831
-455075 913694
-451520 915843
-445183 919673
-438390 923759
-438217 923862
-431456 927654
-428686 929177
-427238 929968
-427031 930081
-422673 932392
-421492 933012
-420996 933261
-420361 933577
-418108 934674
-414510 936399
-414370 936466
-411067 938037
-405341 940758
-404682 941069
-398233 944100
-391634 947184
-391065 947440
-390368 947748
-384547 950287
-383784 950599
-377502 953132
-377199 953251
-373478 954649
-369241 956236
-364456 957980
-359851 959647
-353532 961885
-350171 962990
-344134 964957
-337981 966795
-332544 968389
-332506 968400
-332281 968462
-331080 968791
-325444 970294
-324884 970443
-318379 972167
-318198 972213
-312520 973636
-310667 974093
-306394 975134
-299885 976716
-294970 977878
-291939 978572
-286435 979821
-282854 980609
-282302 980716
-279315 981295
-277822 981579
-273179 982418
-268638 983223
-264903 983882
-258584 984945
-252348 985990
-245651 987089
-240266 987945
-237747 988344
-233350 989021
-228830 989714
-228335 989788
-228248 989801
-226181 990099
-221918 990710
-218454 991201
-217995 991265
-212423 992010
-205812 992886
-199878 993629
-193264 994372
-186698 995069
-183441 995409
-180029 995764
-174532 996332
-169598 996811
-164694 997286
-162265 997505
-156624 997990
-156584 997993
-151227 998376
-146855 998631
-144712 998737
-138851 999015
-137174 999094
-132117 999326
-125795 999579
-124562 999623
-118696 999794
-114533 999907
-110425 999996
-105218 1000000
