1000
0 1000000
3878 999999
5345 999997
8538 999968
9092 999961
13055 999908
14996 999879
15464 999872
19638 999787
21084 999752
23445 999690
23542 999687
27491 999497
29743 999386
32955 999207
37123 998974
40930 998759
41315 998735
42443 998662
43654 998581
45902 998430
47239 998337
50954 998075
55165 997748
56632 997632
57527 997545
57556 997542
58097 997484
58953 997389
60275 997212
60311 997207
64054 996649
64864 996528
66751 996238
68408 995957
72167 995308
72855 995187
74213 994910
77347 994269
80280 993656
81412 993417
81915 993305
83644 992916
88203 991861
90314 991369
91377 991104
96230 989870
96551 989788
99759 988963
100880 988674
105683 987425
110040 986287
114721 985058
118485 983981
120262 983472
121114 983227
124632 982212
126109 981772
128343 981097
129520 980736
131169 980229
133138 979596
136139 978631
136764 978420
140701 977090
145417 975471
146276 975171
149589 973988
152948 972777
156037 971661
157113 971268
158556 970730
159803 970264
160134 970137
162292 969290
162419 969240
166734 967538
168172 966969
169086 966602
170525 966020
175011 964181
176812 963442
178563 962718
182255 961135
182636 960971
183288 960688
183358 960657
186519 959246
190680 957372
191692 956915
195305 955264
197091 954425
197938 954027
198015 953990
198044 953976
198128 953935
198432 953786
201054 952471
204101 950933
204924 950516
208001 948948
208434 948727
210103 947870
211636 947073
214685 945486
216944 944276
221578 941793
222222 941444
226579 939030
227784 938359
228776 937804
228847 937764
233048 935389
234965 934302
235300 934108
239748 931519
239780 931500
243504 929283
247943 926632
251211 924663
251674 924382
252035 924162
254510 922643
256788 921216
259673 919368
261423 918247
265808 915359
266926 914596
268505 913514
271605 911385
272494 910773
272651 910664
274413 909439
277986 906930
278947 906246
281938 904112
283554 902953
286525 900811
290647 897836
292206 896705
293785 895550
294395 895099
295446 894319
295493 894284
299787 891085
302032 889398
304501 887504
306870 885684
311047 882462
313512 880543
314665 879643
316226 878419
320872 874774
321893 873961
325417 871140
330220 867251
332531 865367
332914 865053
336959 861715
338109 860766
338614 860348
342857 856795
344639 855302
349020 851611
350019 850769
350712 850182
353083 848166
355230 846322
358624 843401
359408 842726
362820 839757
367524 835642
368327 834934
370615 832911
373828 830056
375323 828727
378849 825578
381692 823031
382497 822308
384792 820215
387337 817894
392064 813517
395879 809950
397571 808365
401391 804752
402130 804049
405973 800315
407296 799029
409925 796471
412246 794201
416041 790458
418126 788384
418748 787765
419905 786603
422320 784177
423909 782572
425488 780977
429731 776678
433983 772353
434257 772074
437445 768819
437540 768722
438997 767229
440966 765210
441520 764641
443367 762730
443422 762673
446512 759470
448556 757347
452281 753463
456192 749300
458993 746304
462116 742952
465704 739087
468954 735580
472326 731903
474803 729196
477870 725837
481547 721788
481734 721580
485161 717768
486146 716665
486168 716640
489502 712841
490921 711214
492030 709942
494580 707009
496482 704820
499155 701723
502683 697618
503690 696446
504721 695244
507956 691466
510234 688801
510638 688328
512249 686409
514192 684073
517429 680178
521073 675761
524798 671210
525425 670435
527038 668440
528037 667193
528736 666319
532035 662180
535202 658107
535809 657321
536067 656986
537458 655174
538153 654266
541360 650070
542762 648231
542927 648014
544483 645957
547484 641989
549013 639955
550413 638092
552814 634892
555263 631607
556304 630208
557502 628595
559115 626397
560250 624800
561382 623205
562205 622043
565365 617562
568222 613486
571523 608764
573273 606233
574882 603885
575431 603079
577816 599532
578279 598839
579511 596972
579744 596616
581707 593606
584774 588876
586381 586391
587154 585194
587183 585149
589229 581920
591150 578867
591255 578700
592548 576637
593721 574740
596698 569892
597469 568627
597700 568247
599505 565241
601482 561948
601603 561743
604274 557214
604669 556538
604810 556291
606609 553072
609116 548583
611270 544712
612415 542643
612774 541994
614363 539081
616732 534719
617688 532952
619859 528901
621262 526260
622221 524427
624158 520648
625117 518771
627174 514743
628488 512146
630211 508708
631388 506350
633567 501900
633918 501161
635062 498728
635169 498497
635399 497998
636176 496271
638097 491964
638324 491450
639993 487643
640000 487627
640157 487264
640326 486868
641949 483044
643965 478225
644046 478028
645051 475564
646394 472254
647905 468519
649663 464156
650280 462603
652152 457820
653939 453221
654598 451522
655862 448227
656262 447170
656870 445525
657035 445073
657140 444784
658446 441081
659902 436952
660959 433930
662556 429327
663673 426087
664286 424242
664586 423331
665727 419743
667168 415204
668429 411156
669817 406535
670524 404173
671143 402101
671254 401728
672466 397605
672789 396501
673002 395771
674097 392004
674670 389983
675753 386157
676947 381874
678188 377382
678207 377307
678710 375284
679607 371616
680431 368241
681110 365159
681473 363492
681476 363478
682205 359792
682516 358208
682774 356881
683243 354426
683301 354117
684134 349678
684721 346535
685283 343394
685470 342334
685516 342037
686063 338426
686587 334823
687230 330298
687245 330189
687384 329178
687697 326839
687987 324660
688601 319849
688820 318110
689307 313871
689308 313862
689536 311731
689609 311039
689676 310359
690123 305674
690170 305113
690219 304479
690412 301761
690632 298652
690904 294791
690996 293470
691271 289478
691532 285681
691573 285014
691662 283532
691787 281325
691806 280981
691883 279446
691939 277489
691991 275608
691992 275566
692056 271075
692061 269838
692064 268891
692068 266942
692068 266941
692010 266936
691997 266935
691977 266934
691918 266932
691879 266931
691628 266926
691570 266925
691439 266923
691225 266920
690992 266917
690653 266913
690373 266910
690184 266908
689700 266903
689303 266899
688794 266894
688183 266888
687873 266885
687768 266884
687325 266880
686556 266874
686414 266873
686263 266872
686103 266871
685941 266870
685602 266868
685430 266867
685079 266865
684362 266861
683435 266856
683248 266855
682309 266850
682075 266849
681837 266848
681104 266845
680113 266841
679861 266840
679603 266839
678024 266833
676295 266827
675708 266825
674209 266820
672703 266815
671781 266812
671472 266811
671162 266810
669566 266805
668913 266803
667171 266798
666470 266796
666104 266795
664252 266790
663503 266788
662734 266786
662342 266785
660343 266780
657938 266774
656293 266770
655879 266769
654214 266765
652961 266762
650832 266757
650403 266756
649532 266754
647311 266749
646420 266747
644157 266742
642797 266739
641424 266736
640503 266734
640039 266733
639104 266731
638127 266729
637146 266727
636645 266726
634112 266721
633601 266720
630476 266714
627854 266709
627324 266708
625191 266704
622474 266699
621929 266698
619722 266694
619167 266693
616293 266688
612818 266682
611635 266680
609842 266677
608046 266674
607436 266673
604349 266668
601131 266663
600485 266662
599829 266661
597845 266658
597171 266657
593785 266652
590307 266647
586102 266641
582570 266636
581137 266634
579692 266632
578967 266631
576778 266628
574583 266625
573112 266623
572367 266622
568630 266617
564873 266612
561057 266607
557206 266602
556425 266601
551602 266595
546759 266589
542653 266584
538540 266579
534377 266574
532706 266572
528527 266567
526846 266565
526003 266564
522558 266560
520835 266558
517354 266554
516476 266553
513807 266550
509329 266545
505738 266541
504832 266540
502097 266537
499333 266534
498406 266533
492795 266527
491847 266526
487099 266521
486143 266520
485185 266519
479376 266513
478404 266512
475483 266509
474507 266508
469606 266503
466656 266500
465668 266499
464664 266498
463648 266497
462628 266496
457525 266491
452404 266486
450351 266484
449321 266483
446217 266480
441043 266475
435864 266470
434824 266469
429461 266464
422938 266458
421848 266457
420753 266456
415249 266451
414145 266450
409716 266446
403051 266440
401935 266439
395226 266433
389603 266428
385060 266424
380507 266420
379367 266419
378217 266418
377064 266417
375894 266416
370033 266411
364151 266406
358229 266401
354627 266398
348595 266393
343748 266389
337681 266384
335228 266382
332751 266380
326534 266375
322789 266372
317778 266368
312703 266364
308883 266361
302495 266356
301216 266355
294768 266350
289525 266346
284280 266342
280330 266339
274885 266335
268078 266330
266704 266329
265303 266328
263889 266327
257998 266323
256499 266322
250500 266318
244489 266314
239919 266311
238382 266310
236841 266309
233734 266307
227431 266303
221112 266299
216370 266296
211560 266293
209915 266292
208247 266291
202986 266288
201222 266287
199448 266286
195889 266284
190511 266281
188705 266280
186824 266279
184863 266278
182892 266277
180912 266276
174952 266273
172956 266272
170941 266271
164859 266268
160712 266266
158611 266265
156463 266264
154307 266263
152145 266262
145549 266259
143299 266258
136460 266255
131887 266253
127188 266251
124822 266250
122389 266249
119831 266248
114704 266246
112075 266245
109408 266244
106728 266243
101287 266241
98551 266240
95790 266239
93028 266238
87405 266236
84576 266235
81721 266234
78839 266233
75937 266232
72969 266231
69995 266230
64028 266228
58005 266226
54911 266225
51774 266224
48616 266223
42131 266221
38879 266220
35608 266219
32301 266218
28910 266217
25461 266216
21998 266215
18356 266214
14470 266213
10501 266212
6207 266211
1912 266210
-2440 266209
-6997 266208
-11585 266207
-16225 266206
-20944 266205
-25673 266204
-30497 266203
-35493 266202
-40515 266201
-45628 266200
-50803 266199
-55997 266198
-61314 266197
-66973 266196
-72729 266195
-78698 266194
-84940 266193
-91269 266192
-97912 266191
-104703 266190
-104704 266190
-104706 266811
-104706 270193
-104705 276825
-104704 282956
-104703 288999
-104702 294781
-104701 300544
-104700 306136
-104699 311463
-104698 316469
-104697 321072
-104696 325448
-104695 329758
-104694 333963
-104693 338151
-104692 342085
-104691 345572
-104690 349043
-104689 352458
-104687 359143
-104686 362465
-104685 365737
-104683 372084
-104681 377819
-104680 380672
-104679 383432
-104678 386110
-104676 391441
-104675 394097
-104674 396678
-104673 399257
-104671 404412
-104670 406987
-104669 409539
-104668 412012
-104667 414437
-104666 416711
-104665 418961
-104662 425538
-104659 431956
-104656 438131
-104653 444156
-104650 450145
-104649 452120
-104648 453961
-104647 455777
-104646 457552
-104643 462789
-104642 464516
-104641 466241
-104637 473044
-104636 474743
-104635 476439
-104633 479826
-104631 483129
-104627 489730
-104624 494670
-104621 499556
-104619 502797
-104615 509106
-104611 515385
-104610 516951
-104608 520028
-104606 523077
-104605 524580
-104604 526077
-104602 529042
-104601 530519
-104597 536354
-104594 540705
-104591 545053
-104587 550832
-104584 555165
-104580 560938
-104579 562364
-104575 567925
-104570 574772
-104568 577497
-104565 581572
-104561 587003
-104556 593765
-104551 600379
-104546 606970
-104541 613528
-104540 614839
-104539 616141
-104535 621326
-104533 623899
-104532 625184
-104531 626465
-104530 627735
-104525 634048
-104524 635294
-104523 636530
-104520 640150
-104517 643769
-104516 644950
-104512 649613
-104511 650772
-104506 656524
-104504 658793
-104502 661038
-104499 664402
-104494 669989
-104489 675528
-104488 676628
-104484 680997
-104483 682085
-104479 686398
-104476 689580
-104474 691699
-104472 693796
-104469 696911
-104466 699981
-104463 703033
-104462 704046
-104458 708061
-104452 714074
-104448 718063
-104444 722026
-104443 723015
-104437 728890
-104434 731813
-104430 735704
-104427 738610
-104425 740541
-104423 742452
-104419 746271
-104414 750932
-104409 755589
-104406 758332
-104405 759245
-104399 764676
-104394 769150
-104390 772725
-104389 773602
-104386 776216
-104385 777087
-104384 777957
-104379 782303
-104373 787474
-104372 788333
-104371 789191
-104366 793435
-104360 798486
-104359 799324
-104358 800159
-104352 805140
-104350 806771
-104348 808396
-104347 809201
-104345 810802
-104342 813201
-104339 815584
-104334 819513
-104332 821078
-104327 824990
-104326 825763
-104325 826526
-104319 831075
-104314 834817
-104309 838539
-104305 841498
-104304 842235
-104299 845901
-104295 848832
-104292 851017
-104289 853172
-104286 855322
-104285 856034
-104283 857457
-104280 859583
-104278 860982
-104277 861680
-104276 862374
-104275 863066
-104272 865137
-104270 866514
-104269 867198
-104266 869173
-104262 871786
-104258 874293
-104255 876172
-104250 879271
-104246 881750
-104244 882981
-104240 885430
-104239 886041
-104234 889090
-104231 890915
-104230 891523
-104228 892734
-104223 895738
-104217 899285
-104211 902830
-104210 903419
-104208 904588
-104205 906326
-104200 909213
-104197 910937
-104196 911509
-104191 914351
-104188 916027
-104185 917697
-104181 919868
-104179 920927
-104175 923044
-104170 925663
-104168 926710
-104163 929233
-104162 929737
-104156 932712
-104150 935669
-104146 937638
-104143 939103
-104139 941052
-104134 943431
-104129 945784
-104128 946243
-104125 947588
-104121 949335
-104116 951504
-104112 953219
-104111 953640
-104107 955307
-104101 957678
-104096 959652
-104093 960818
-104088 962742
-104085 963884
-104084 964259
-104083 964631
-104078 966465
-104075 967558
-104073 968279
-104072 968639
-104071 968996
-104070 969348
-104067 970324
-104064 971268
-104063 971582
-104060 972520
-104057 973455
-104055 974074
-104050 975613
-104047 976533
-104044 977423
-104039 978897
-104034 980344
-104029 981660
-104026 982426
-104020 983901
-104016 984852
-104012 985789
-104010 986236
-104006 987125
-104001 988218
-103999 988651
-103993 989936
-103990 990534
-103989 990721
-103988 990906
-103982 991945
-103980 992280
-103975 993084
-103970 993837
-103964 994714
-103962 994983
-103957 995650
-103956 995781
-103955 995911
-103950 996547
-103948 996794
-103945 997144
-103942 997476
-103938 997893
-103933 998330
-103930 998587
-103928 998748
-103925 998941
-103921 999194
-103920 999248
-103918 999355
-103917 999406
-103914 999549
-103909 999752
-103908 999777
-103903 999894
-103898 999947
-103897 999957
-103892 999983
-103891 999987
-103888 999997
-103887 1000000
