30
3
0 1
-1 0
1 0
30
90000 0
88033 18712
82219 36606
72811 52900
60221 66883
45000 77942
27811 85595
9407 89506
-9408 89506
-27812 85595
-45000 77942
-60222 66883
-72812 52900
-82220 36606
-88034 18712
-90000 0
-88034 -18713
-82220 -36607
-72812 -52901
-60222 -66884
-45001 -77943
-27812 -85596
-9408 -89507
9407 -89507
27811 -85596
44999 -77943
60221 -66884
72811 -52901
82219 -36607
88033 -18713
30
89999 129
88006 18839
82166 36725
72735 53005
60125 66969
44887 78007
27687 85635
9278 89520
-9537 89493
-27936 85554
-45113 77877
-60319 66795
-72888 52795
-82272 36487
-88061 18584
-90000 -130
-88007 -18840
-82167 -36726
-72736 -53006
-60126 -66970
-44888 -78008
-27688 -85636
-9279 -89521
9536 -89494
27935 -85555
45112 -77878
60318 -66796
72887 -52796
82271 -36488
88060 -18585
30
89999 259
87978 18966
82112 36843
72658 53110
60028 67056
44774 78071
27564 85675
9148 89533
-9667 89479
-28059 85514
-45225 77811
-60415 66708
-72965 52690
-82325 36368
-88087 18457
-90000 -260
-87979 -18967
-82113 -36844
-72659 -53111
-60029 -67057
-44775 -78072
-27565 -85676
-9149 -89534
9666 -89480
28058 -85515
45224 -77812
60414 -66709
72964 -52691
82324 -36369
88086 -18458
30
89999 389
87951 19093
82059 36962
72581 53215
59931 67143
44661 78136
27440 85714
9019 89546
-9796 89465
-28183 85473
-45338 77746
-60512 66621
-73041 52584
-82377 36249
-88114 18330
-90000 -390
-87952 -19094
-82060 -36963
-72582 -53216
-59932 -67144
-44662 -78137
-27441 -85715
-9020 -89547
9795 -89466
28182 -85474
45337 -77747
60511 -66622
73040 -52585
82376 -36250
88113 -18331
30
89998 519
87923 19220
82006 37080
72504 53320
59834 67229
44548 78200
27316 85754
8890 89559
-9925 89451
-28306 85432
-45450 77680
-60608 66533
-73116 52479
-82430 36130
-88140 18203
-89999 -520
-87924 -19221
-82007 -37081
-72505 -53321
-59835 -67230
-44549 -78201
-27317 -85755
-8891 -89560
9924 -89452
28305 -85433
45449 -77681
60607 -66534
73115 -52480
82429 -36131
88139 -18204
30
89997 649
87895 19347
81952 37199
72427 53425
59737 67316
44435 78265
27192 85793
8760 89572
-10054 89436
-28429 85391
-45562 77615
-60704 66446
-73192 52373
-82482 36011
-88167 18075
-89998 -650
-87896 -19348
-81953 -37200
-72428 -53426
-59738 -67317
-44436 -78266
-27193 -85794
-8761 -89573
10053 -89437
28428 -85392
45561 -77616
60703 -66447
73191 -52374
82481 -36012
88166 -18076
30
89996 779
87867 19474
81898 37317
72350 53529
59639 67402
44322 78329
27068 85832
8631 89585
-10183 89422
-28553 85350
-45674 77549
-60800 66358
-73268 52267
-82534 35892
-88193 17948
-89997 -780
-87868 -19475
-81899 -37318
-72351 -53530
-59640 -67403
-44323 -78330
-27069 -85833
-8632 -89586
10182 -89423
28552 -85351
45673 -77550
60799 -66359
73267 -52268
82533 -35893
88192 -17949
30
89995 909
87839 19601
81844 37435
72272 53634
59542 67488
44209 78393
26944 85871
8502 89597
-10313 89407
-28676 85309
-45786 77483
-60895 66270
-73343 52161
-82586 35773
-88218 17821
-89996 -910
-87840 -19602
-81845 -37436
-72273 -53635
-59543 -67489
-44210 -78394
-26945 -85872
-8503 -89598
10312 -89408
28675 -85310
45785 -77484
60894 -66271
73342 -52162
82585 -35774
88217 -17822
30
89993 1039
87811 19728
81790 37553
72195 53738
59444 67574
44096 78457
26820 85910
8372 89609
-10442 89392
-28799 85268
-45898 77417
-60991 66182
-73418 52055
-82637 35653
-88244 17693
-89994 -1040
-87812 -19729
-81791 -37554
-72196 -53739
-59445 -67575
-44097 -78458
-26821 -85911
-8373 -89610
10441 -89393
28798 -85269
45897 -77418
60990 -66183
73417 -52056
82636 -35654
88243 -17694
30
89992 1169
87782 19854
81736 37671
72117 53842
59347 67660
43983 78520
26696 85949
8243 89621
-10571 89377
-28922 85226
-46010 77350
-61087 66094
-73494 51949
-82689 35534
-88270 17566
-89993 -1170
-87783 -19855
-81737 -37672
-72118 -53843
-59348 -67661
-43984 -78521
-26697 -85950
-8244 -89622
10570 -89378
28921 -85227
46009 -77351
61086 -66095
73493 -51950
82688 -35535
88269 -17567
30
89990 1299
87753 19981
81681 37790
72039 53946
59249 67745
43869 78584
26572 85987
8113 89633
-10700 89361
-29045 85184
-46122 77284
-61182 66006
-73569 51843
-82740 35414
-88295 17438
-89991 -1300
-87754 -19982
-81682 -37791
-72040 -53947
-59250 -67746
-43870 -78585
-26573 -85988
-8114 -89634
10699 -89362
29044 -85185
46121 -77285
61181 -66007
73568 -51844
82739 -35415
88294 -17439
30
89988 1429
87724 20108
81627 37907
71961 54050
59151 67831
43755 78647
26448 86026
7984 89645
-10829 89346
-29168 85142
-46233 77217
-61277 65917
-73643 51737
-82791 35295
-88320 17311
-89989 -1430
-87725 -20109
-81628 -37908
-71962 -54051
-59152 -67832
-43756 -78648
-26449 -86027
-7985 -89646
10828 -89347
29167 -85143
46232 -77218
61276 -65918
73642 -51738
82790 -35296
88319 -17312
30
89986 1559
87695 20235
81572 38025
71883 54154
59053 67916
43642 78710
26323 86064
7854 89656
-10958 89330
-29291 85100
-46345 77150
-61372 65829
-73718 51630
-82842 35175
-88345 17183
-89987 -1560
-87696 -20236
-81573 -38026
-71884 -54155
-59054 -67917
-43643 -78711
-26324 -86065
-7855 -89657
10957 -89331
29290 -85101
46344 -77151
61371 -65830
73717 -51631
82841 -35176
88344 -17184
30
89984 1689
87666 20361
81517 38143
71805 54258
58955 68001
43528 78773
26199 86102
7725 89667
-11087 89314
-29414 85057
-46456 77083
-61467 65740
-73792 51524
-82892 35056
-88370 17055
-89985 -1690
-87667 -20362
-81518 -38144
-71806 -54259
-58956 -68002
-43529 -78774
-26200 -86103
-7726 -89668
11086 -89315
29413 -85058
46455 -77084
61466 -65741
73791 -51525
82891 -35057
88369 -17056
30
89981 1819
87636 20488
81462 38261
71726 54362
58857 68087
43414 78836
26075 86139
7595 89678
-11216 89298
-29537 85015
-46567 77016
-61562 65651
-73867 51417
-82943 34936
-88394 16928
-89982 -1820
-87637 -20489
-81463 -38262
-71727 -54363
-58858 -68088
-43415 -78837
-26076 -86140
-7596 -89679
11215 -89299
29536 -85016
46566 -77017
61561 -65652
73866 -51418
82942 -34937
88393 -16929
30
89978 1949
87607 20614
81406 38378
71648 54465
58758 68172
43300 78898
25950 86177
7466 89689
-11345 89282
-29660 84972
-46679 76949
-61657 65562
-73941 51310
-82993 34816
-88419 16800
-89979 -1950
-87608 -20615
-81407 -38379
-71649 -54466
-58759 -68173
-43301 -78899
-25951 -86178
-7467 -89690
11344 -89283
29659 -84973
46678 -76950
61656 -65563
73940 -51311
82992 -34817
88418 -16801
30
89975 2079
87577 20741
81351 38496
71569 54569
58660 68256
43186 78961
25826 86214
7336 89700
-11474 89265
-29783 84929
-46790 76881
-61752 65473
-74015 51203
-83044 34696
-88443 16672
-89976 -2080
-87578 -20742
-81352 -38497
-71570 -54570
-58661 -68257
-43187 -78962
-25827 -86215
-7337 -89701
11473 -89266
29782 -84930
46789 -76882
61751 -65474
74014 -51204
83043 -34697
88442 -16673
30
89972 2209
87547 20867
81295 38613
71490 54672
58561 68341
43072 79023
25701 86252
7207 89710
-11603 89249
-29905 84886
-46901 76813
-61846 65384
-74089 51097
-83094 34576
-88467 16544
-89973 -2210
-87548 -20868
-81296 -38614
-71491 -54673
-58562 -68342
-43073 -79024
-25702 -86253
-7208 -89711
11602 -89250
29904 -84887
46900 -76814
61845 -65385
74088 -51098
83093 -34577
88466 -16545
30
89969 2339
87517 20994
81239 38731
71411 54775
58462 68425
42958 79085
25576 86289
7077 89721
-11732 89232
-30028 84843
-47012 76746
-61941 65294
-74163 50989
-83143 34456
-88490 16417
-89970 -2340
-87518 -20995
-81240 -38732
-71412 -54776
-58463 -68426
-42959 -79086
-25577 -86290
-7078 -89722
11731 -89233
30027 -84844
47011 -76747
61940 -65295
74162 -50990
83142 -34457
88489 -16418
30
89966 2469
87486 21120
81183 38848
71332 54878
58363 68510
42844 79147
25452 86326
6947 89731
-11861 89215
-30150 84799
-47122 76678
-62035 65205
-74236 50882
-83193 34336
-88514 16289
-89967 -2470
-87487 -21121
-81184 -38849
-71333 -54879
-58364 -68511
-42845 -79148
-25453 -86327
-6948 -89732
11860 -89216
30149 -84800
47121 -76679
62034 -65206
74235 -50883
83192 -34337
88513 -16290
30
89962 2599
87456 21247
81127 38965
71253 54981
58264 68594
42729 79209
25327 86362
6818 89741
-11989 89197
-30273 84756
-47233 76609
-62129 65115
-74310 50775
-83243 34216
-88538 16161
-89963 -2600
-87457 -21248
-81128 -38966
-71254 -54982
-58265 -68595
-42730 -79210
-25328 -86363
-6819 -89742
11988 -89198
30272 -84757
47232 -76610
62128 -65116
74309 -50776
83242 -34217
88537 -16162
30
89958 2729
87425 21373
81071 39082
71173 55084
58165 68678
42615 79271
25202 86399
6688 89751
-12118 89180
-30395 84712
-47344 76541
-62223 65025
-74383 50668
-83292 34095
-88561 16033
-89959 -2730
-87426 -21374
-81072 -39083
-71174 -55085
-58166 -68679
-42616 -79272
-25203 -86400
-6689 -89752
12117 -89181
30394 -84713
47343 -76542
62222 -65026
74382 -50669
83291 -34096
88560 -16034
30
89954 2859
87394 21499
81014 39200
71094 55187
58066 68762
42500 79332
25077 86435
6559 89760
-12247 89162
-30517 84668
-47454 76473
-62317 64935
-74456 50560
-83341 33975
-88584 15905
-89955 -2860
-87395 -21500
-81015 -39201
-71095 -55188
-58067 -68763
-42501 -79333
-25078 -86436
-6560 -89761
12246 -89163
30516 -84669
47453 -76474
62316 -64936
74455 -50561
83340 -33976
88583 -15906
30
89950 2989
87363 21625
80957 39317
71014 55289
57966 68846
42386 79393
24953 86471
6429 89770
-12376 89145
-30640 84624
-47565 76404
-62411 64845
-74529 50453
-83390 33855
-88607 15777
-89951 -2990
-87364 -21626
-80958 -39318
-71015 -55290
-57967 -68847
-42387 -79394
-24954 -86472
-6430 -89771
12375 -89146
30639 -84625
47564 -76405
62410 -64846
74528 -50454
83389 -33856
88606 -15778
30
89945 3119
87331 21751
80900 39433
70934 55392
57867 68930
42271 79455
24828 86507
6299 89779
-12505 89127
-30762 84579
-47675 76335
-62504 64755
-74602 50345
-83439 33734
-88629 15649
-89946 -3120
-87332 -21752
-80901 -39434
-70935 -55393
-57868 -68931
-42272 -79456
-24829 -86508
-6300 -89780
12504 -89128
30761 -84580
47674 -76336
62503 -64756
74601 -50346
83438 -33735
88628 -15650
30
89941 3249
87300 21878
80843 39550
70854 55494
57767 69013
42156 79516
24703 86543
6170 89788
-12633 89108
-30884 84535
-47785 76266
-62598 64665
-74674 50237
-83488 33614
-88652 15521
-89942 -3250
-87301 -21879
-80844 -39551
-70855 -55495
-57768 -69014
-42157 -79517
-24704 -86544
-6171 -89789
12632 -89109
30883 -84536
47784 -76267
62597 -64666
74673 -50238
83487 -33615
88651 -15522
30
89936 3379
87268 22004
80786 39667
70773 55597
57668 69096
42041 79576
24578 86578
6040 89797
-12762 89090
-31006 84490
-47895 76197
-62691 64574
-74747 50129
-83536 33493
-88674 15393
-89937 -3380
-87269 -22005
-80787 -39668
-70774 -55598
-57669 -69097
-42042 -79577
-24579 -86579
-6041 -89798
12761 -89091
31005 -84491
47894 -76198
62690 -64575
74746 -50130
83535 -33494
88673 -15394
30
89931 3509
87236 22130
80729 39784
70693 55699
57568 69180
41926 79637
24453 86614
5910 89805
-12891 89072
-31128 84445
-48005 76128
-62784 64484
-74819 50021
-83584 33372
-88696 15265
-89932 -3510
-87237 -22131
-80730 -39785
-70694 -55700
-57569 -69181
-41927 -79638
-24454 -86615
-5911 -89806
12890 -89073
31127 -84446
48004 -76129
62783 -64485
74818 -50022
83583 -33373
88695 -15266
30
89926 3638
87204 22256
80671 39900
70613 55801
57468 69263
41811 79698
24327 86649
5780 89814
-13019 89053
-31250 84400
-48115 76059
-62877 64393
-74891 49913
-83632 33252
-88718 15137
-89927 -3639
-87205 -22257
-80672 -39901
-70614 -55802
-57469 -69264
-41812 -79699
-24328 -86650
-5781 -89815
13018 -89054
31249 -84401
48114 -76060
62876 -64394
74890 -49914
83631 -33253
88717 -15138