30
30
90008 -3
88024 18719
82223 36608
72813 52904
60223 66886
45005 77949
27808 85590
9414 89509
-9418 89506
-27818 85596
-44993 77941
-60223 66881
-72817 52905
-82219 36602
-88039 18704
-89994 -7
-88043 -18706
-82218 -36610
-72813 -52895
-60231 -66881
-45002 -77944
-27811 -85597
-9404 -89509
9399 -89511
27811 -85600
45007 -77945
60219 -66887
72809 -52898
82223 -36606
88034 -18704
30
90002 122
88011 18830
82174 36718
72740 53010
60133 66972
44893 78012
27685 85626
9278 89528
-9540 89491
-27926 85559
-45112 77875
-60313 66795
-72891 52801
-82281 36500
-88066 18582
-90000 -127
-88016 -18840
-82163 -36713
-72744 -53004
-60121 -66959
-44898 -78006
-27686 -85644
-9288 -89517
9532 -89496
27936 -85561
45111 -77876
60318 -66790
72876 -52799
82272 -36489
88059 -18583
30
90005 241
87988 18957
82123 36839
72663 53106
60039 67048
44777 78068
27572 85675
9158 89537
-9660 89471
-28058 85510
-45209 77814
-60402 66708
-72962 52697
-82316 36366
-88093 18473
-90001 -251
-87974 -18949
-82126 -36839
-72669 -53111
-60045 -67061
-44782 -78061
-27580 -85682
-9157 -89529
9663 -89472
28047 -85517
45221 -77808
60398 -66722
72951 -52689
82315 -36377
88086 -18477
30
89996 366
87955 19087
82067 36944
72595 53212
59931 67140
44681 78131
27456 85701
9027 89552
-9785 89469
-28164 85474
-45320 77745
-60506 66629
-73026 52587
-82374 36253
-88117 18333
-90008 -375
-87953 -19086
-82075 -36957
-72591 -53199
-59938 -67144
-44679 -78129
-27450 -85710
-9038 -89546
9780 -89472
28162 -85472
45329 -77764
60501 -66630
73023 -52599
82374 -36262
88109 -18344
30
89990 503
87919 19207
82019 37069
72515 53314
59849 67213
44572 78191
27332 85743
8898 89554
-9912 89444
-28296 85438
-45427 77696
-60603 66535
-73116 52487
-82425 36142
-88141 18219
-89993 -505
-87937 -19204
-82010 -37066
-72520 -53312
-59839 -67220
-44572 -78184
-27326 -85757
-8903 -89550
9907 -89462
28292 -85435
45428 -77697
60587 -66538
73098 -52501
82426 -36146
88127 -18231
30
89988 635
87890 19330
81958 37184
72445 53409
59755 67306
44457 78251
27209 85789
8782 89561
-10040 89441
-28404 85404
-45548 77627
-60679 66451
-73180 52396
-82466 36037
-88154 18105
-89991 -628
-87903 -19328
-81967 -37175
-72447 -53417
-59764 -67303
-44457 -78252
-27208 -85784
-8776 -89575
10029 -89449
28417 -85406
45542 -77620
60683 -66470
73180 -52386
82478 -36042
88164 -18094
30
89996 745
87869 19456
81910 37286
72361 53506
59665 67381
44352 78310
27094 85820
8657 89573
-10157 89433
-28536 85351
-45649 77555
-60778 66385
-73259 52293
-82525 35906
-88182 17964
-90000 -759
-87869 -19446
-81904 -37286
-72368 -53517
-59664 -67391
-44356 -78312
-27103 -85833
-8668 -89589
10151 -89432
28519 -85352
45647 -77566
60771 -66377
73248 -52293
82529 -35921
88183 -17980
30
90004 883
87846 19575
81866 37404
72294 53606
59555 67469
44230 78368
26970 85870
8525 89591
-10290 89408
-28646 85325
-45764 77498
-60880 66289
-73324 52177
-82576 35800
-88214 17854
-89992 -883
-87857 -19566
-81854 -37408
-72288 -53613
-59566 -67465
-44229 -78382
-26970 -85856
-8538 -89595
10276 -89402
28646 -85322
45756 -77493
60880 -66292
73332 -52186
82565 -35807
88214 -17850
30
89994 1014
87819 19694
81811 37517
72219 53702
59472 67544
44125 78432
26853 85905
8397 89603
-10412 89403
-28770 85284
-45873 77437
-60972 66200
-73393 52075
-82626 35694
-88230 17729
-90003 -1009
-87818 -19692
-81807 -37514
-72209 -53719
-59479 -67560
-44120 -78440
-26859 -85903
-8412 -89600
10411 -89403
28769 -85276
45876 -77426
60974 -66214
73402 -52080
82628 -35682
88232 -17733
30
89988 1128
87793 19824
81744 37639
72140 53813
59373 67627
44022 78496
26729 85939
8277 89621
-10541 89383
-28886 85243
-45980 77368
-61062 66117
-73477 51985
-82670 35572
-88264 17605
-89985 -1134
-87783 -19825
-81746 -37634
-72144 -53816
-59381 -67630
-44018 -78499
-26732 -85932
-8276 -89620
10522 -89374
28876 -85239
45970 -77373
61058 -66129
73466 -51985
82679 -35570
88270 -17597
30
89983 1255
87758 19943
81701 37742
72062 53902
59280 67712
43904 78562
26621 85977
8165 89634
-10666 89356
-29009 85191
-46091 77306
-61156 66039
-73540 51870
-82720 35447
-88282 17483
-90001 -1259
-87760 -19944
-81708 -37755
-72068 -53913
-59275 -67719
-43903 -78556
-26613 -85980
-8166 -89630
10659 -89374
29004 -85190
46091 -77311
61148 -66032
73545 -51874
82729 -35460
88294 -17489
30
89988 1372
87736 20054
81656 37868
71981 54009
59193 67801
43795 78625
26484 86002
8030 89632
-10782 89344
-29116 85160
-46200 77247
-61233 65943
-73616 51777
-82763 35336
-88313 17357
-89998 -1375
-87736 -20058
-81657 -37866
-71993 -54008
-59189 -67807
-43802 -78626
-26497 -86016
-8033 -89634
10781 -89350
29124 -85161
46198 -77246
61246 -65944
73614 -51781
82761 -35350
88305 -17359
30
89979 1505
87716 20187
81598 37968
71918 54105
59089 67887
43695 78689
26368 86056
7897 89648
-10910 89329
-29242 85125
-46307 77175
-61340 65872
-73681 51669
-82815 35222
-88327 17226
-89988 -1505
-87716 -20186
-81599 -37973
-71923 -54112
-59093 -67884
-43698 -78688
-26381 -86055
-7900 -89646
10898 -89343
29243 -85114
46291 -77173
61325 -65856
73691 -51673
82827 -35224
88324 -17238
30
89979 1634
87669 20314
81531 38100
71843 54205
58990 67959
43571 78739
26247 86094
7771 89654
-11025 89314
-29353 85067
-46409 77114
-61420 65771
-73759 51562
-82866 35097
-88364 17116
-89996 -1635
-87684 -20305
-81552 -38085
-71839 -54210
-58995 -67970
-43577 -78740
-26255 -86089
-7776 -89664
11021 -89327
29354 -85068
46403 -77109
61427 -65775
73766 -51566
82876 -35114
88356 -17120
30
89991 1757
87643 20436
81489 38199
71760 54306
58902 68037
43466 78797
26132 86122
7646 89681
-11155 89297
-29487 85033
-46512 77038
-61514 65688
-73827 51460
-82916 34986
-88386 16978
-89987 -1752
-87660 -20438
-81483 -38204
-71769 -54309
-58904 -68043
-43463 -78807
-26136 -86116
-7654 -89675
11160 -89312
29472 -85036
46516 -77042
61510 -65686
73823 -51468
82910 -34996
88387 -16989
30
89970 1875
87620 20554
81427 38325
71683 54404
58807 68126
43363 78875
26020 86153
7528 89677
-11284 89282
-29601 84992
-46629 76984
-61615 65616
-73904 51373
-82969 34878
-88398 16858
-89977 -1877
-87615 -20560
-81434 -38330
-71689 -54414
-58816 -68140
-43351 -78867
-26013 -86162
-7534 -89678
11279 -89295
29598 -84994
46627 -76986
61613 -65606
73899 -51371
82961 -34872
88404 -16873
30
89979 2015
87584 20673
81387 38435
71604 54521
58716 68219
43255 78930
25891 86184
7406 89693
-11398 89278
-29712 84942
-46736 76909
-61704 65529
-73972 51263
-83013 34768
-88439 16745
-89975 -2008
-87594 -20670
-81376 -38437
-71604 -54506
-58705 -68209
-43242 -78931
-25886 -86188
-7407 -89705
11412 -89267
29720 -84958
46738 -76918
61697 -65526
73973 -51257
83018 -34756
88423 -16738
30
89974 2143
87572 20787
81320 38550
71525 54605
58610 68301
43134 78990
25769 86237
7271 89703
-11524 89248
-29840 84903
-46843 76847
-61790 65429
-74045 51161
-83064 34650
-88454 16614
-89976 -2128
-87558 -20788
-81338 -38558
-71542 -54611
-58614 -68297
-43137 -78986
-25764 -86232
-7282 -89703
11537 -89251
29838 -84916
46828 -76853
61792 -65439
74043 -51154
83054 -34645
88452 -16619
30
89979 2262
87526 20923
81265 38663
71456 54709
58517 68367
43023 79056
25648 86261
7145 89722
-11654 89251
-29957 84862
-46951 76776
-61888 65344
-74110 51049
-83111 34537
-88470 16498
-89982 -2258
-87527 -20928
-81283 -38670
-71463 -54724
-58524 -68373
-43024 -79045
-25659 -86275
-7155 -89722
11654 -89251
29958 -84862
46951 -76786
61883 -65356
74116 -51057
83104 -34537
88484 -16487
30
89968 2377
87498 21039
81222 38780
71382 54815
58432 68456
42912 79109
25537 86293
7032 89723
-11772 89219
-30081 84829
-47048 76730
-61982 65268
-74185 50953
-83156 34418
-88502 16376
-89974 -2389
-87508 -21043
-81212 -38784
-71389 -54823
-58423 -68467
-42924 -79107
-25539 -86313
-7027 -89720
11768 -89225
30074 -84836
47056 -76714
61977 -65262
74185 -50961
83167 -34420
88504 -16378
30
89973 2515
87471 21159
81155 38892
71296 54920
58336 68534
42814 79170
25410 86329
6906 89728
-11904 89211
-30194 84789
-47163 76659
-62063 65184
-74266 50848
-83220 34287
-88518 16244
-89958 -2510
-87485 -21171
-81163 -38883
-71308 -54919
-58328 -68531
-42806 -79176
-25411 -86347
-6899 -89731
11911 -89214
30198 -84779
47161 -76662
62058 -65168
74265 -50849
83208 -34300
88513 -16253
30
89959 2639
87445 21284
81105 39005
71236 55017
58244 68611
42698 79220
25285 86378
6785 89736
-12029 89188
-30319 84739
-47261 76592
-62164 65097
-74331 50751
-83267 34171
-88549 16127
-89955 -2635
-87451 -21289
-81105 -39001
-71240 -55018
-58228 -68619
-42698 -79236
-25287 -86371
-6772 -89753
12024 -89184
30307 -84745
47261 -76596
62159 -65090
74324 -50749
83246 -34176
88552 -16116
30
89957 2769
87419 21412
81047 39104
71161 55115
58146 68709
42591 79282
25172 86401
6655 89755
-12157 89183
-30427 84705
-47365 76523
-62247 65003
-74401 50644
-83306 34064
-88567 15996
-89967 -2775
-87426 -21412
-81059 -39110
-71158 -55114
-58149 -68709
-42577 -79279
-25180 -86416
-6651 -89753
12157 -89186
30419 -84692
47369 -76534
62238 -64993
74395 -50638
83300 -34061
88572 -15994
30
89955 2896
87386 21533
80994 39226
71067 55201
58050 68775
42479 79343
25052 86449
6529 89761
-12280 89166
-30555 84648
-47481 76456
-62335 64914
-74483 50543
-83348 33943
-88595 15876
-89950 -2884
-87398 -21537
-81001 -39235
-71073 -55217
-58050 -68791
-42477 -79338
-25057 -86439
-6524 -89768
12282 -89154
30550 -84659
47477 -76451
62338 -64923
74469 -50536
83343 -33944
88594 -15881
30
89944 3016
87359 21647
80942 39346
70989 55319
57938 68858
42367 79398
24935 86476
6410 89765
-12399 89136
-30663 84605
-47583 76380
-62422 64822
-74552 50438
-83395 33836
-88610 15746
-89948 -3017
-87352 -21656
-80950 -39350
-71007 -55321
-57945 -68858
-42356 -79398
-24921 -86474
-6407 -89767
12402 -89140
30665 -84623
47580 -76395
62433 -64836
74536 -50425
83400 -33831
88605 -15749
30
89950 3147
87319 21764
80896 39445
70925 55409
57843 68941
42248 79456
24816 86507
6276 89788
-12525 89133
-30782 84577
-47689 76329
-62529 64739
-74615 50334
-83438 33716
-88635 15634
-89950 -3136
-87324 -21781
-80893 -39463
-70915 -55416
-57858 -68935
-42258 -79467
-24806 -86520
-6284 -89779
12518 -89127
30775 -84578
47685 -76317
62521 -64735
74603 -50325
83449 -33706
88627 -15626
30
89945 3268
87286 21884
80840 39565
70846 55508
57758 69030
42133 79533
24693 86544
6157 89781
-12642 89106
-30900 84522
-47794 76252
-62607 64651
-74692 50226
-83502 33595
-88661 15501
-89938 -3266
-87296 -21892
-80835 -39560
-70839 -55502
-57757 -69034
-42138 -79533
-24685 -86548
-6163 -89793
12646 -89098
30907 -84532
47803 -76262
62613 -64664
74687 -50226
83496 -33601
88659 -15497
30
89934 3382
87256 22025
80776 39682
70772 55598
57651 69112
42022 79589
24566 86586
6017 89798
-12772 89084
-31025 84487
-47909 76197
-62693 64556
-74747 50112
-83550 33474
-88682 15386
-89934 -3391
-87267 -22013
-80787 -39675
-70776 -55617
-57653 -69113
-42031 -79583
-24564 -86580
-6034 -89796
12768 -89082
31018 -84478
47896 -76183
62706 -64566
74762 -50123
83536 -33480
88666 -15380
30
89929 3521
87227 22137
80716 39788
70682 55709
57551 69175
41925 79633
24444 86614
5906 89802
-12909 89072
-31130 84443
-48012 76122
-62799 64468
-74815 50016
-83579 33372
-88704 15246
-89933 -3523
-87238 -22145
-80722 -39802
-70687 -55698
-57559 -69192
-41919 -79643
-24436 -86613
-5903 -89803
12888 -89080
31143 -84445
48007 -76124
62796 -64483
74815 -50016
83596 -33374
88694 -15264
30
89930 3649
87201 22251
80659 39897
70613 55798
57456 69262
41798 79695
24320 86640
5785 89820
-13028 89042
-31247 84394
-48129 76048
-62883 64398
-74895 49908
-83637 33246
-88718 15129
-89934 -3649
-87212 -22259
-80662 -39901
-70614 -55812
-57464 -69276
-41809 -79699
-24328 -86645
-5783 -89819
13025 -89053
31261 -84409
48123 -76049
62873 -64399
74899 -49915
83635 -33244
88721 -15129
