100 800
-9897 -6231
-9684 6796
-9518 1862
-9470 -5125
-9406 -2369
-9231 3597
-9049 -1319
-8854 -77
-8848 -8289
-8559 4375
-8522 -6829
-8450 9327
-8394 5114
-8384 -3073
-8311 398
-8169 -8575
-7781 1443
-7779 -6994
-7685 8720
-7571 -4777
-7236 5520
-7182 7186
-6782 -3035
-6447 4629
-6164 -5443
-6058 3099
-5848 1675
-5464 1142
-5031 2499
-4971 -6973
-4492 -4182
-4299 8016
-4003 7112
-3975 7562
-3888 5630
-3700 9749
-3669 7875
-3557 9732
-3490 6778
-3484 1580
-3414 -2298
-2872 8713
-2620 -6729
-2418 3226
-2223 4019
-1963 5888
-1415 9384
-1404 5885
-1033 9088
-972 2617
-787 8661
-349 -6058
-319 -1707
-16 -4976
310 -9278
318 4444
376 9100
775 -8242
906 2515
1189 -3361
1257 -8645
1340 4094
1477 -8377
1737 8334
2199 3764
2536 -5769
2621 -5949
2765 1020
2828 1551
2868 -3164
3342 5749
4215 -5466
4454 -2702
4463 3896
4470 670
4830 -8876
5153 5987
5523 -5587
5670 2611
6105 7576
6365 1814
6594 645
6681 -146
6791 7282
6987 -7031
7104 8330
7175 9167
7365 9302
7415 -6229
7426 -5843
8095 7051
8330 -4304
8417 -1226
8446 -6202
8685 -710
9202 6271
9294 880
9298 5331
9544 -3088
9686 6793
1 5 6510
1 9 8534
1 11 536
1 15 6304
1 18 5602
1 30 825
1 31 3857
1 32 7133
1 33 9554
1 37 8387
1 39 1710
1 43 1379
1 44 5650
1 47 7356
1 59 2244
1 68 7214
1 74 9236
1 80 1516
1 83 7528
1 84 7530
1 86 8568
2 3 2753
2 4 1758
2 7 4226
2 11 501
2 17 6876
2 23 3410
2 24 4444
2 38 9081
2 40 4803
2 44 9614
2 57 3246
2 70 474
2 71 3914
2 75 5527
2 76 307
2 82 2027
2 83 4276
2 86 6087
2 88 5964
2 96 9472
3 4 5684
3 11 3817
3 21 3559
3 40 74
3 41 1752
3 46 8503
3 51 2695
3 53 4420
3 59 7123
3 61 6521
3 65 6323
3 94 1507
3 99 896
3 100 2084
4 8 4076
4 9 5514
4 16 9852
4 24 3717
4 36 1536
4 37 8864
4 52 7355
4 57 7814
4 64 6766
4 66 794
4 71 6717
4 72 7831
4 76 9252
4 87 4998
4 89 578
4 93 6738
5 10 3198
5 11 180
5 14 3373
5 24 5312
5 29 5174
5 33 9373
5 35 3021
5 36 8829
5 43 387
5 47 1633
5 56 873
5 81 4730
5 82 4612
5 83 447
5 85 2032
5 88 8876
6 8 2644
6 20 840
6 21 7108
6 22 1446
6 32 7151
6 33 8086
6 48 6773
6 60 6062
6 64 7081
6 65 6415
6 76 9708
6 82 2963
6 83 3230
6 97 4983
6 99 5309
7 15 307
7 26 5430
7 32 276
7 37 9787
7 38 7864
7 46 7642
7 48 6035
7 50 7012
7 51 1789
7 60 6140
7 63 3464
7 66 9409
7 68 1130
7 76 2094
7 95 8157
7 96 4221
8 17 3166
8 21 8429
8 22 3982
8 27 4181
8 30 2818
8 36 2781
8 38 3166
8 42 8599
8 43 2716
8 91 4815
8 96 9000
9 19 7717
9 42 281
9 49 3028
9 55 3293
9 56 4095
9 58 6140
9 68 4609
9 70 4720
9 74 938
9 75 8620
9 80 9202
9 88 991
9 93 9512
9 94 6183
10 31 9814
10 32 8831
10 35 1561
10 53 4151
10 59 6134
10 63 1811
10 75 3971
10 82 1517
10 87 4082
10 95 6261
10 96 5588
10 97 1071
11 15 7303
11 26 1253
11 27 8754
11 28 7952
11 33 4179
11 36 1213
11 38 6242
11 51 9551
11 63 8355
11 78 3641
11 95 8273
11 96 8883
12 16 4274
12 29 3452
12 32 5893
12 33 1311
12 40 7044
12 43 9348
12 48 4452
12 49 3774
12 51 94
12 66 8757
12 69 8632
12 76 12
12 79 7881
12 80 1436
12 81 1380
12 84 8658
12 85 6764
12 87 5027
12 90 2247
12 96 1078
12 98 420
13 18 363
13 47 6652
13 55 8680
13 56 2507
13 72 1854
13 77 9445
13 78 7385
13 82 9530
13 83 3673
13 93 6365
13 96 4130
14 30 947
14 32 1465
14 36 9654
14 39 9948
14 40 5861
14 45 4754
14 51 1140
14 69 4209
14 70 562
14 77 8143
14 80 5088
14 85 1053
14 93 5269
14 94 6756
14 97 5418
15 18 1233
15 36 7730
15 42 2230
15 44 4969
15 64 2202
15 65 1128
15 68 8359
15 69 1215
15 75 8708
15 79 2440
15 98 3207
16 18 1780
16 22 4122
16 23 5038
16 31 8170
16 36 7746
16 45 892
16 49 8872
16 55 8293
16 70 2261
16 71 8869
16 81 4628
16 83 8919
16 99 8462
17 21 8607
17 23 4270
17 25 6447
17 27 9259
17 34 5095
17 39 8193
17 44 8058
17 53 8334
17 54 806
17 58 4306
17 60 7087
17 74 3943
17 81 3502
17 84 3042
17 90 282
18 21 8986
18 30 1859
18 56 158
18 59 5182
18 63 1109
18 68 7045
18 72 8342
18 78 3804
18 80 3348
18 94 7063
18 95 540
19 25 2369
19 32 7492
19 48 6396
19 56 9323
19 57 6927
19 62 6975
19 63 6924
19 71 4041
19 96 111
20 30 9895
20 37 6662
20 46 5340
20 49 470
20 52 3472
20 68 8528
20 78 1414
20 82 6895
20 99 5926
21 26 1612
21 51 2609
21 77 537
21 83 2944
21 90 1780
22 28 1953
22 43 5810
22 49 8232
22 55 2568
22 56 5724
22 61 4425
22 63 7161
22 65 7207
22 75 4437
22 84 3399
22 88 4630
22 96 2752
23 46 1177
23 55 2233
23 66 5492
23 74 5624
23 86 1524
23 91 7193
23 92 2825
23 97 2752
23 99 7737
24 25 3161
24 28 6953
24 30 9371
24 39 8278
24 40 5105
24 42 4285
24 45 4383
24 50 207
24 55 6763
24 70 7023
24 75 8799
24 78 6730
24 79 2764
24 86 599
24 91 1549
25 35 8416
25 36 4388
25 41 6185
25 43 2245
25 49 8987
25 57 6744
25 70 442
25 73 579
25 75 3752
25 76 6490
25 80 8686
25 89 8309
25 95 2896
25 99 9371
26 28 1012
26 34 1060
26 35 4911
26 43 8535
26 62 6752
26 69 3409
26 72 9862
26 74 8735
26 77 5170
26 92 2543
26 94 8419
26 95 9298
26 96 8951
26 97 2333
27 38 4833
27 41 1709
27 45 337
27 47 8881
27 48 510
27 62 6064
27 66 1772
27 67 2618
27 80 8155
27 81 6833
27 84 8731
27 87 279
27 91 6249
27 95 8088
28 31 7714
28 32 2909
28 48 5297
28 51 7358
28 52 4940
28 53 5526
28 67 2512
28 69 775
28 73 5183
28 78 7868
28 89 3832
28 97 8062
28 100 8194
29 36 6028
29 44 7218
29 53 9105
29 54 7098
29 65 4981
29 68 8816
29 75 8608
29 76 2545
29 81 7447
29 93 5093
29 97 4624
30 39 5499
30 43 7693
30 44 4616
30 46 3361
30 55 7284
30 60 5945
30 61 1408
30 67 3494
30 71 6322
30 80 4137
30 87 1885
30 89 8555
30 93 4888
30 98 2860
31 37 3960
31 38 9418
31 45 6039
31 63 3550
31 66 5234
31 76 5022
31 77 8145
31 83 5543
31 84 6162
31 94 2514
31 97 1256
32 35 2000
32 40 8188
32 49 5850
32 60 7137
32 66 6075
32 69 5327
32 72 7843
32 78 3523
32 79 1883
32 85 9815
32 89 2830
32 93 3387
32 97 6866
33 37 2938
33 52 8065
33 56 9298
33 58 1353
33 59 3832
33 65 9519
33 75 2867
33 89 1469
33 100 9538
34 36 7478
34 45 7415
34 48 227
34 53 5735
34 56 2916
34 65 6151
34 72 3789
34 81 4501
34 86 400
34 89 3648
34 93 8486
35 40 7572
35 59 4005
35 68 8645
35 70 6115
36 49 573
36 53 4707
36 55 486
36 60 777
36 61 4589
36 80 9916
36 84 2209
36 85 3197
36 88 1800
36 89 1541
36 94 4809
37 42 1739
37 48 7705
37 49 1742
37 50 1652
37 51 6859
37 52 8966
37 55 7200
37 62 630
37 67 1637
37 70 2791
37 80 6060
37 90 9618
38 51 1077
38 53 8019
38 58 3752
38 83 5209
38 99 9305
39 41 6416
39 42 7677
39 44 5566
39 52 3548
39 55 26
39 61 6858
39 65 6649
39 70 3402
39 74 3385
39 75 9160
39 81 7222
39 83 4090
39 84 3267
39 85 4654
39 86 2895
39 96 930
39 98 5980
40 43 2897
40 51 7656
40 55 3017
40 62 1305
40 68 9151
40 77 7893
40 78 3542
40 91 4983
41 43 2585
41 44 4326
41 53 9172
41 63 9242
41 64 1703
41 77 3734
41 87 8842
41 98 5661
41 99 5982
42 44 5543
42 49 9299
42 58 6640
42 83 2135
42 95 8202
42 96 9790
42 98 512
43 44 6850
43 45 2630
43 46 5404
43 55 8500
43 59 2470
43 69 7123
43 82 2363
43 84 731
43 85 2888
43 87 8225
43 92 9621
43 98 1879
43 100 7938
44 46 1234
44 56 1912
44 57 5592
44 58 319
44 66 7490
44 95 3483
44 97 197
45 57 4054
45 64 9281
45 70 9230
45 72 8499
45 78 8262
45 83 6010
45 92 2406
46 50 2342
46 57 9144
46 63 9896
46 64 3210
46 67 8655
46 68 7326
46 78 4818
46 80 7121
46 84 8151
46 85 608
46 89 1934
46 99 8350
47 52 8494
47 54 7825
47 56 953
47 60 3502
47 62 2915
47 72 1296
47 74 1743
47 76 95
47 82 5024
47 89 8081
47 90 492
48 51 1042
48 52 6417
48 83 5145
49 50 1273
49 53 8538
49 60 8200
49 61 6755
49 62 8829
49 64 7492
49 69 7927
49 70 8285
49 71 4185
49 74 8983
49 76 855
49 82 9325
49 86 2183
49 87 6820
49 89 1458
49 90 4493
50 51 9075
50 53 3653
50 57 8285
50 61 441
50 69 7738
50 76 4276
50 77 4398
50 78 5488
50 84 3052
50 89 8226
50 93 3046
50 95 9681
51 54 3388
51 55 7661
51 58 9344
51 62 467
51 67 1350
51 68 5881
51 72 5720
51 80 5573
51 84 5413
51 86 9433
51 88 359
51 96 4598
52 64 7580
52 70 3441
52 75 3172
52 79 651
52 86 4338
52 91 7112
52 94 9555
52 96 1887
53 59 2340
53 62 7266
53 71 7542
53 75 4545
53 83 8564
53 87 7557
53 90 5337
53 99 2142
53 100 6545
54 61 5596
54 63 7711
54 64 7300
54 68 7342
54 70 6520
54 73 6899
54 83 8929
54 86 2489
54 89 3007
54 90 8139
54 98 7980
55 60 1544
55 81 9888
55 87 6134
55 93 8988
55 94 6639
55 95 139
55 96 133
56 57 2432
56 60 3678
56 63 898
56 71 684
56 75 7212
56 77 3239
56 78 1796
56 81 9530
56 87 6128
56 90 2660
56 100 349
57 65 4330
57 74 4666
57 87 8140
57 88 9618
57 90 4172
57 95 9898
58 67 341
58 69 6001
58 71 631
58 76 786
58 78 1182
58 91 6897
58 100 4683
59 60 5389
59 61 807
59 83 1509
59 88 5876
59 100 557
60 75 1679
60 78 7095
60 81 3019
60 82 8978
60 86 7236
60 98 4756
60 99 5917
61 63 6568
61 66 2969
61 78 8679
61 80 7165
61 94 4614
62 66 771
62 73 9421
62 74 7660
62 86 6942
62 88 2591
62 92 5453
63 65 4251
63 85 8878
63 92 5210
63 94 8523
64 66 2554
64 73 8823
64 77 4865
64 87 8914
64 91 9123
64 100 3027
65 73 568
65 88 515
66 68 1003
66 81 1603
66 83 9496
66 85 2537
66 87 1004
66 98 6119
67 76 3034
67 79 9988
67 84 4786
67 94 7736
68 94 6966
69 73 1654
69 95 3364
69 96 9570
69 97 7753
69 99 1074
70 73 3341
70 76 9154
70 80 3114
70 85 5470
70 93 9514
70 96 8976
71 82 2775
71 86 5792
71 87 5429
71 90 805
71 95 7007
71 99 7971
72 79 2717
72 89 5840
72 94 5193
72 98 1975
73 74 3290
73 77 4511
73 79 3045
73 88 8654
73 89 4123
73 94 3777
73 100 3408
74 80 1034
74 82 9297
74 87 9003
74 93 1325
75 83 5363
75 92 8863
75 94 6680
75 95 6214
76 80 9525
76 92 8421
76 96 9151
77 79 8180
77 81 9404
77 82 7985
77 87 1917
77 88 1530
77 95 4020
78 87 7815
79 93 3019
79 98 2916
80 94 8359
80 98 2292
82 87 6243
82 94 7241
82 95 7550
82 96 7026
82 99 8505
83 86 4199
83 88 1141
83 95 1629
83 96 1064
84 86 5322
84 87 8601
84 89 4855
84 96 5974
85 90 2329
86 95 2100
86 96 8760
86 97 1938
87 95 4764
88 91 9971
88 93 3091
88 98 4465
88 100 9796
90 93 5452
90 94 362
91 93 7163
92 95 4149
92 96 3755
92 98 9315
93 94 7759
95 96 7698
96 97 1533
96 100 6769
