100
57 60
22 27
94 67
82 32
40 50
23 54
71 45
78 43
56 57
100 100
55 88
30 97
29 89
3 65
77 77
77 90
63 37
50 96
57 48
57 72
86 65
88 2
39 30
55 26
40 57
88 68
69 96
21 35
83 96
43 92
47 22
51 66
34 25
8 44
27 41
96 71
85 21
84 55
88 53
59 69
55 50
7 41
60 22
53 1
1 6
47 26
96 63
11 21
94 1
78 71
24 54
82 74
18 62
70 90
57 81
53 28
69 14
2 42
36 3
50 69
90 22
99 21
30 42
42 34
54 29
89 16
8 83
76 12
21 67
17 46
38 81
34 59
25 34
31 77
89 65
1 26
88 81
3 70
11 61
91 41
71 100
77 92
87 24
61 93
93 68
94 58
87 79
56 19
32 61
71 24
8 78
21 97
72 70
75 9
18 11
59 66
5 26
98 55
61 81
37 10
