100
1 1
1 2
1 3
1 4
1 50
1 96
1 97
1 98
1 99
1 100
2 1
2 2
2 3
2 4
2 50
2 96
2 97
2 98
2 99
2 100
3 1
3 2
3 3
3 4
3 50
3 96
3 97
3 98
3 99
3 100
4 1
4 2
4 3
4 4
4 50
4 96
4 97
4 98
4 99
4 100
50 1
50 2
50 3
50 4
50 50
50 96
50 97
50 98
50 99
50 100
96 1
96 2
96 3
96 4
96 50
96 96
96 97
96 98
96 99
96 100
97 1
97 2
97 3
97 4
97 50
97 96
97 97
97 98
97 99
97 100
98 1
98 2
98 3
98 4
98 50
98 96
98 97
98 98
98 99
98 100
99 1
99 2
99 3
99 4
99 50
99 96
99 97
99 98
99 99
99 100
100 1
100 2
100 3
100 4
100 50
100 96
100 97
100 98
100 99
100 100
