100
100 100
100 99
100 98
100 97
100 96
100 95
100 94
100 93
100 92
100 91
99 100
99 99
99 98
99 97
99 96
99 95
99 94
99 93
99 92
99 91
98 100
98 99
98 98
98 97
98 96
98 95
98 94
98 93
98 92
98 91
97 100
97 99
97 98
97 97
97 96
97 95
97 94
97 93
97 92
97 91
96 100
96 99
96 98
96 97
96 96
96 95
96 94
96 93
96 92
96 91
95 100
95 99
95 98
95 97
95 96
95 95
95 94
95 93
95 92
95 91
94 100
94 99
94 98
94 97
94 96
94 95
94 94
94 93
94 92
94 91
93 100
93 99
93 98
93 97
93 96
93 95
93 94
93 93
93 92
93 91
92 100
92 99
92 98
92 97
92 96
92 95
92 94
92 93
92 92
92 91
91 100
91 99
91 98
91 97
91 96
91 95
91 94
91 93
91 92
91 91
