2
30
89945 3140
87326 21772
80891 39453
70920 55409
57850 68943
42252 79465
24807 86513
6278 89780
-12526 89124
-30782 84572
-47693 76324
-62520 64740
-74614 50327
-83447 33714
-88633 15628
-89946 -3141
-87327 -21773
-80892 -39454
-70921 -55410
-57851 -68944
-42253 -79466
-24808 -86514
-6279 -89781
12525 -89125
30781 -84573
47692 -76325
62519 -64741
74613 -50328
83446 -33715
88632 -15629
30
89940 3266
87296 21894
80836 39566
70843 55508
57754 69024
42141 79524
24686 86548
6152 89789
-12651 89106
-30900 84529
-47800 76257
-62610 64653
-74684 50223
-83494 33598
-88655 15504
-89941 -3267
-87297 -21895
-80837 -39567
-70844 -55509
-57755 -69025
-42142 -79525
-24687 -86549
-6153 -89790
12650 -89107
30899 -84530
47799 -76258
62609 -64654
74683 -50224
83493 -33599
88654 -15505