30
30
90000 0
88033 18712
82219 36606
72811 52900
60221 66883
45000 77942
27811 85595
9407 89506
-9408 89506
-27812 85595
-45000 77942
-60222 66883
-72812 52900
-82220 36606
-88034 18712
-90000 0
-88034 -18713
-82220 -36607
-72812 -52901
-60222 -66884
-45001 -77943
-27812 -85596
-9408 -89507
9407 -89507
27811 -85596
44999 -77943
60221 -66884
72811 -52901
82219 -36607
88033 -18713
30
89999 125
88007 18834
82167 36721
72737 53002
60128 66967
44891 78005
27691 85633
9282 89520
-9533 89493
-27932 85556
-45109 77879
-60316 66798
-72886 52798
-82271 36491
-88060 18589
-90000 -126
-88008 -18835
-82168 -36722
-72738 -53003
-60129 -66968
-44892 -78006
-27692 -85634
-9283 -89521
9532 -89494
27931 -85557
45108 -77880
60315 -66799
72885 -52799
82270 -36492
88059 -18590
30
89999 251
87980 18957
82116 36835
72663 53103
60034 67050
44782 78067
27572 85672
9157 89532
-9658 89480
-28051 85517
-45218 77816
-60409 66714
-72959 52697
-82321 36376
-88086 18466
-90000 -252
-87981 -18958
-82117 -36836
-72664 -53104
-60035 -67051
-44783 -78068
-27573 -85673
-9158 -89533
9657 -89481
28050 -85518
45217 -77817
60408 -66715
72958 -52698
82320 -36377
88085 -18467
30
89999 376
87954 19080
82065 36950
72589 53205
59941 67134
44673 78130
27452 85710
9032 89545
-9783 89466
-28170 85477
-45327 77753
-60502 66630
-73033 52595
-82372 36261
-88111 18343
-90000 -377
-87955 -19081
-82066 -36951
-72590 -53206
-59942 -67135
-44674 -78131
-27453 -85711
-9033 -89546
9782 -89467
28169 -85478
45326 -77754
60501 -66631
73032 -52596
82371 -36262
88110 -18344
30
89998 502
87927 19203
82013 37064
72514 53306
59847 67218
44563 78192
27333 85749
8907 89558
-9908 89453
-28290 85438
-45435 77689
-60595 66545
-73106 52493
-82423 36146
-88137 18220
-89999 -503
-87928 -19204
-82014 -37065
-72515 -53307
-59848 -67219
-44564 -78193
-27334 -85750
-8908 -89559
9907 -89454
28289 -85439
45434 -77690
60594 -66546
73105 -52494
82422 -36147
88136 -18221
30
89997 628
87900 19326
81961 37179
72440 53407
59753 67301
44454 78254
27213 85787
8782 89570
-10033 89439
-28409 85398
-45544 77626
-60688 66460
-73180 52391
-82473 36031
-88162 18097
-89998 -629
-87901 -19327
-81962 -37180
-72441 -53408
-59754 -67302
-44455 -78255
-27214 -85788
-8783 -89571
10032 -89440
28408 -85399
45543 -77627
60687 -66461
73179 -52392
82472 -36032
88161 -18098
30
89996 753
87873 19448
81909 37293
72365 53508
59659 67385
44345 78316
27093 85825
8657 89582
-10158 89425
-28528 85359
-45652 77562
-60780 66376
-73253 52288
-82523 35916
-88187 17973
-89997 -754
-87874 -19449
-81910 -37294
-72366 -53509
-59660 -67386
-44346 -78317
-27094 -85826
-8658 -89583
10157 -89426
28527 -85360
45651 -77563
60779 -66377
73252 -52289
82522 -35917
88186 -17974
30
89995 879
87846 19571
81857 37408
72291 53609
59565 67468
44236 78378
26973 85862
8532 89594
-10282 89410
-28647 85319
-45760 77498
-60873 66291
-73326 52186
-82573 35800
-88212 17850
-89996 -880
-87847 -19572
-81858 -37409
-72292 -53610
-59566 -67469
-44237 -78379
-26974 -85863
-8533 -89595
10281 -89411
28646 -85320
45759 -77499
60872 -66292
73325 -52187
82572 -35801
88211 -17851
30
89994 1005
87818 19694
81805 37522
72216 53710
59470 67551
44126 78440
26853 85900
8407 89606
-10407 89396
-28766 85279
-45868 77434
-60966 66206
-73398 52084
-82623 35685
-88237 17727
-89995 -1006
-87819 -19695
-81806 -37523
-72217 -53711
-59471 -67552
-44127 -78441
-26854 -85901
-8408 -89607
10406 -89397
28765 -85280
45867 -77435
60965 -66207
73397 -52085
82622 -35686
88236 -17728
30
89992 1130
87791 19816
81752 37636
72141 53811
59376 67634
44017 78501
26733 85937
8282 89618
-10532 89381
-28885 85238
-45976 77370
-61058 66121
-73471 51981
-82673 35570
-88262 17604
-89993 -1131
-87792 -19817
-81753 -37637
-72142 -53812
-59377 -67635
-44018 -78502
-26734 -85938
-8283 -89619
10531 -89382
28884 -85239
45975 -77371
61057 -66122
73470 -51982
82672 -35571
88261 -17605
30
89991 1256
87763 19939
81699 37750
72065 53912
59282 67717
43907 78562
26613 85975
8156 89629
-10657 89366
-29004 85198
-46084 77306
-61150 66035
-73544 51878
-82723 35454
-88286 17481
-89992 -1257
-87764 -19940
-81700 -37751
-72066 -53913
-59283 -67718
-43908 -78563
-26614 -85976
-8157 -89630
10656 -89367
29003 -85199
46083 -77307
61149 -66036
73543 -51879
82722 -35455
88285 -17482
30
89989 1382
87735 20061
81647 37864
71990 54012
59187 67800
43797 78624
26493 86012
8031 89640
-10782 89351
-29123 85157
-46192 77241
-61242 65950
-73616 51776
-82772 35339
-88311 17357
-89990 -1383
-87736 -20062
-81648 -37865
-71991 -54013
-59188 -67801
-43798 -78625
-26494 -86013
-8032 -89641
10781 -89352
29122 -85158
46191 -77242
61241 -65951
73615 -51777
82771 -35340
88310 -17358
30
89987 1507
87707 20184
81594 37978
71914 54113
59092 67882
43687 78685
26373 86049
7906 89652
-10906 89336
-29242 85117
-46300 77177
-61334 65864
-73688 51673
-82821 35223
-88335 17234
-89988 -1508
-87708 -20185
-81595 -37979
-71915 -54114
-59093 -67883
-43688 -78686
-26374 -86050
-7907 -89653
10905 -89337
29241 -85118
46299 -77178
61333 -65865
73687 -51674
82820 -35224
88334 -17235
30
89985 1633
87679 20306
81541 38092
71839 54213
58997 67965
43577 78746
26253 86085
7781 89662
-11031 89321
-29361 85076
-46408 77112
-61426 65778
-73760 51570
-82870 35107
-88359 17111
-89986 -1634
-87680 -20307
-81542 -38093
-71840 -54214
-58998 -67966
-43578 -78747
-26254 -86086
-7782 -89663
11030 -89322
29360 -85077
46407 -77113
61425 -65779
73759 -51571
82869 -35108
88358 -17112
30
89982 1759
87650 20429
81487 38206
71763 54313
58902 68047
43467 78806
26133 86122
7656 89673
-11156 89305
-29480 85035
-46515 77047
-61518 65693
-73832 51467
-82919 34992
-88383 16987
-89983 -1760
-87651 -20430
-81488 -38207
-71764 -54314
-58903 -68048
-43468 -78807
-26134 -86123
-7657 -89674
11155 -89306
29479 -85036
46514 -77048
61517 -65694
73831 -51468
82918 -34993
88382 -16988
30
89980 1884
87622 20551
81434 38320
71687 54413
58807 68129
43357 78867
26012 86158
7531 89684
-11280 89290
-29598 84993
-46623 76982
-61610 65607
-73904 51364
-82968 34876
-88406 16864
-89981 -1885
-87623 -20552
-81435 -38321
-71688 -54414
-58808 -68130
-43358 -78868
-26013 -86159
-7532 -89685
11279 -89291
29597 -84994
46622 -76983
61609 -65608
73903 -51365
82967 -34877
88405 -16865
30
89977 2010
87593 20673
81380 38433
71611 54513
58712 68211
43247 78928
25892 86194
7405 89694
-11405 89274
-29717 84952
-46730 76917
-61701 65521
-73976 51260
-83017 34760
-88430 16740
-89978 -2011
-87594 -20674
-81381 -38434
-71612 -54514
-58713 -68212
-43248 -78929
-25893 -86195
-7406 -89695
11404 -89275
29716 -84953
46729 -76918
61700 -65522
73975 -51261
83016 -34761
88429 -16741
30
89974 2136
87564 20796
81327 38547
71535 54613
58617 68293
43137 78988
25772 86231
7280 89705
-11530 89258
-29836 84910
-46838 76852
-61793 65434
-74047 51157
-83065 34644
-88453 16617
-89975 -2137
-87565 -20797
-81328 -38548
-71536 -54614
-58618 -68294
-43138 -78989
-25773 -86232
-7281 -89706
11529 -89259
29835 -84911
46837 -76853
61792 -65435
74046 -51158
83064 -34645
88452 -16618
30
89971 2261
87535 20918
81273 38660
71459 54713
58521 68375
43027 79048
25651 86266
7155 89715
-11654 89242
-29954 84869
-46945 76786
-61884 65348
-74118 51054
-83114 34528
-88476 16493
-89972 -2262
-87536 -20919
-81274 -38661
-71460 -54714
-58522 -68376
-43028 -79049
-25652 -86267
-7156 -89716
11653 -89243
29953 -84870
46944 -76787
61883 -65349
74117 -51055
83113 -34529
88475 -16494
30
89968 2387
87505 21040
81219 38774
71382 54813
58426 68456
42916 79108
25531 86302
7029 89725
-11779 89225
-30073 84827
-47052 76721
-61975 65262
-74190 50950
-83162 34412
-88499 16370
-89969 -2388
-87506 -21041
-81220 -38775
-71383 -54814
-58427 -68457
-42917 -79109
-25532 -86303
-7030 -89726
11778 -89226
30072 -84828
47051 -76722
61974 -65263
74189 -50951
83161 -34413
88498 -16371
30
89964 2512
87476 21162
81164 38887
71306 54913
58330 68538
42806 79168
25410 86338
6904 89734
-11904 89209
-30191 84785
-47159 76655
-62066 65175
-74261 50847
-83210 34296
-88522 16246
-89965 -2513
-87477 -21163
-81165 -38888
-71307 -54914
-58331 -68539
-42807 -79169
-25411 -86339
-6905 -89735
11903 -89210
30190 -84786
47158 -76656
62065 -65176
74260 -50848
83209 -34297
88521 -16247
30
89961 2638
87446 21284
81110 39001
71229 55012
58235 68619
42695 79228
25290 86373
6779 89744
-12028 89192
-30309 84742
-47266 76589
-62157 65088
-74332 50743
-83257 34180
-88545 16123
-89962 -2639
-87447 -21285
-81111 -39002
-71230 -55013
-58236 -68620
-42696 -79229
-25291 -86374
-6780 -89745
12027 -89193
30308 -84743
47265 -76590
62156 -65089
74331 -50744
83256 -34181
88544 -16124
30
89957 2764
87417 21406
81056 39114
71152 55111
58139 68701
42584 79287
25169 86408
6654 89753
-12153 89175
-30428 84700
-47373 76523
-62248 65001
-74402 50639
-83305 34063
-88567 15999
-89958 -2765
-87418 -21407
-81057 -39115
-71153 -55112
-58140 -68702
-42585 -79288
-25170 -86409
-6655 -89754
12152 -89176
30427 -84701
47372 -76524
62247 -65002
74401 -50640
83304 -34064
88566 -16000
30
89953 2889
87387 21529
81001 39227
71075 55211
58043 68782
42474 79346
25048 86443
6528 89762
-12277 89158
-30546 84657
-47480 76457
-62339 64914
-74473 50535
-83353 33947
-88589 15875
-89954 -2890
-87388 -21530
-81002 -39228
-71076 -55212
-58044 -68783
-42475 -79347
-25049 -86444
-6529 -89763
12276 -89159
30545 -84658
47479 -76458
62338 -64915
74472 -50536
83352 -33948
88588 -15876
30
89949 3015
87356 21651
80946 39340
70998 55310
57947 68863
42363 79406
24928 86478
6403 89771
-12402 89141
-30664 84615
-47587 76390
-62429 64827
-74544 50431
-83400 33831
-88611 15752
-89950 -3016
-87357 -21652
-80947 -39341
-70999 -55311
-57948 -68864
-42364 -79407
-24929 -86479
-6404 -89772
12401 -89142
30663 -84616
47586 -76391
62428 -64828
74543 -50432
83399 -33832
88610 -15753
30
89945 3140
87326 21772
80891 39453
70920 55409
57850 68943
42252 79465
24807 86513
6278 89780
-12526 89124
-30782 84572
-47693 76324
-62520 64740
-74614 50327
-83447 33714
-88633 15628
-89946 -3141
-87327 -21773
-80892 -39454
-70921 -55410
-57851 -68944
-42253 -79466
-24808 -86514
-6279 -89781
12525 -89125
30781 -84573
47692 -76325
62519 -64741
74613 -50328
83446 -33715
88632 -15629
30
89940 3266
87296 21894
80836 39566
70843 55508
57754 69024
42141 79524
24686 86548
6152 89789
-12651 89106
-30900 84529
-47800 76257
-62610 64653
-74684 50223
-83494 33598
-88655 15504
-89941 -3267
-87297 -21895
-80837 -39567
-70844 -55509
-57755 -69025
-42142 -79525
-24687 -86549
-6153 -89790
12650 -89107
30899 -84530
47799 -76258
62609 -64654
74683 -50224
83493 -33599
88654 -15505
30
89936 3392
87265 22016
80780 39679
70765 55607
57658 69105
42030 79582
24565 86582
6027 89797
-12775 89088
-31018 84486
-47906 76190
-62700 64565
-74754 50118
-83541 33481
-88676 15380
-89937 -3393
-87266 -22017
-80781 -39680
-70766 -55608
-57659 -69106
-42031 -79583
-24566 -86583
-6028 -89798
12774 -89089
31017 -84487
47905 -76191
62699 -64566
74753 -50119
83540 -33482
88675 -15381
30
89931 3517
87234 22138
80725 39791
70688 55706
57561 69185
41919 79641
24444 86616
5901 89806
-12899 89070
-31136 84442
-48013 76123
-62790 64478
-74824 50014
-83588 33364
-88698 15256
-89932 -3518
-87235 -22139
-80726 -39792
-70689 -55707
-57562 -69186
-41920 -79642
-24445 -86617
-5902 -89807
12898 -89071
31135 -84443
48012 -76124
62789 -64479
74823 -50015
83587 -33365
88697 -15257
30
89926 3643
87203 22260
80669 39904
70610 55804
57464 69266
41807 79700
24323 86650
5776 89814
-13024 89052
-31254 84399
-48119 76056
-62880 64390
-74894 49909
-83634 33248
-88719 15133
-89927 -3644
-87204 -22261
-80670 -39905
-70611 -55805
-57465 -69267
-41808 -79701
-24324 -86651
-5777 -89815
13023 -89053
31253 -84400
48118 -76057
62879 -64391
74893 -49910
83633 -33249
88718 -15134