200
-3066 -7372 20
-688 1269 20
5882 -1121 20
-3291 -5912 20
1472 2870 20
8662 -4138 20
-9198 7347 20
2735 -1313 20
3202 4107 20
-3377 9900 20
-1549 -5622 20
2075 7392 20
-6813 4134 20
-5670 -4706 20
-1642 7503 20
7505 5292 20
-9870 -3184 20
282 9733 20
9416 -9289 20
-2459 4608 20
3581 -3798 20
-9530 4383 20
-2731 6926 20
-3210 -9529 20
1032 3413 20
-5909 -6797 20
-8489 6166 20
-9405 -5302 20
4021 -1354 20
3714 -3901 20
-3852 1218 20
-4889 -1 20
-8246 5393 20
-269 -5110 20
9825 7272 20
9498 3405 20
-2806 -6312 20
1508 4463 20
-9386 -7982 20
8655 5367 20
5431 -7254 20
8571 -9337 20
-7368 -7114 20
-4639 6653 20
5253 -7205 20
-3528 -8600 20
7734 1584 20
1399 -6792 20
697 -5150 20
-1902 522 20
-4158 -2404 20
-2353 3036 20
1284 9156 20
1219 5619 20
-8827 -126 20
4707 -9675 20
2620 3277 20
-9012 8973 20
9884 70 20
9347 5136 20
2866 -4182 20
-9744 4320 20
7402 1655 20
7529 -1901 20
-9775 -4374 20
8621 -3933 20
6943 -12 20
9103 1948 20
-857 4042 20
1287 4038 20
-6085 -4007 20
4363 -9745 20
-7010 9072 20
9229 -7127 20
2862 8575 20
-8271 -552 20
-5608 -8015 20
-6232 -4485 20
7361 -4983 20
3614 7586 20
643 5955 20
-2627 1307 20
-4058 196 20
-6746 8807 20
-5762 4541 20
6565 -1847 20
-5745 927 20
-1591 -2755 20
3719 -2363 20
3840 -3420 20
-68 5569 20
9750 4324 20
-8725 -6483 20
-6441 -7644 20
-1466 7173 20
-6337 -7103 20
6848 1036 20
4204 -3489 20
-8768 -8822 20
-962 -4530 20
9441 -4398 20
7344 -6305 20
-9751 -4248 20
4661 3968 20
7110 -1500 20
-5732 -2959 20
-5931 -2262 20
-4914 -935 20
1255 -1355 20
1421 -6491 20
-461 5084 20
128 107 20
-159 -1948 20
6618 1073 20
2952 -624 20
-9737 2392 20
4978 7607 20
9808 5227 20
-2920 4468 20
2915 -5811 20
-7032 -9096 20
4952 758 20
-1358 -9963 20
9823 -6382 20
2403 4964 20
848 -8059 20
3769 -9025 20
2049 -6391 20
-972 2387 20
8403 -8021 20
-8237 -7614 20
8092 -9539 20
9993 7899 20
5689 -2928 20
6087 2324 20
4983 9055 20
3228 -66 20
3533 -4409 20
-29 3355 20
-791 -3906 20
2040 -6223 20
-1964 -4192 20
-5247 -6195 20
3138 3781 20
6192 1540 20
9481 -8325 20
3926 7572 20
-7863 7639 20
9191 -8454 20
-1568 5277 20
3870 -6586 20
8053 819 20
3348 1585 20
-9870 -2961 20
-1339 3060 20
3133 -5579 20
6837 -5111 20
229 -8411 20
-1306 -2913 20
9091 -1393 20
8627 8571 20
282 6273 20
9863 2419 20
7632 9053 20
7686 -3937 20
8051 1556 20
-523 6103 20
-3905 -3455 20
1408 -3775 20
7305 -6211 20
-6995 4159 20
-1790 9842 20
9048 -7841 20
-4848 1463 20
-754 -5758 20
-9931 1593 20
-3466 351 20
1586 -3604 20
-3509 -782 20
-830 -5824 20
9002 -2780 20
9453 2200 20
-2957 -732 20
8745 -7829 20
9214 9771 20
-318 -7782 20
3929 7892 20
-7940 6697 20
-6228 -2788 20
-1841 3018 20
5175 -1772 20
-5389 -8292 20
-7700 6197 20
1826 -1209 20
-865 -9005 20
6688 -1863 20
1936 9862 20
-9664 -7301 20
-871 -7199 20
-5130 -1657 20
