200
-10000 -10000 200
-9858 -9984 200
-9681 -9955 200
-9659 -9849 200
-9526 -9657 200
-9389 -9576 200
-9333 -9413 200
-9146 -9220 200
-9029 -9213 200
-9000 -9043 200
-8851 -8983 200
-8790 -8917 200
-8751 -8739 200
-8670 -8673 200
-8488 -8637 200
-8389 -8555 200
-8314 -8410 200
-8182 -8355 200
-8169 -8262 200
-8151 -8136 200
-8112 -8080 200
-7972 -7999 200
-7963 -7882 200
-7899 -7785 200
-7826 -7755 200
-7664 -7743 200
-7565 -7689 200
-7557 -7615 200
-7455 -7512 200
-7348 -7381 200
-7306 -7344 200
-7201 -7285 200
-7050 -7226 200
-7001 -7218 200
-6866 -7190 200
-6692 -7083 200
-6549 -6902 200
-6445 -6737 200
-6332 -6672 200
-6173 -6651 200
-6151 -6567 200
-6086 -6560 200
-5908 -6539 200
-5886 -6429 200
-5846 -6327 200
-5803 -6266 200
-5683 -6245 200
-5543 -6066 200
-5376 -6042 200
-5187 -5989 200
-5109 -5897 200
-4995 -5761 200
-4990 -5674 200
-4897 -5610 200
-4784 -5515 200
-4656 -5497 200
-4461 -5359 200
-4393 -5238 200
-4358 -5063 200
-4301 -4912 200
-4288 -4771 200
-4249 -4706 200
-4054 -4655 200
-3882 -4558 200
-3807 -4550 200
-3792 -4528 200
-3790 -4340 200
-3777 -4262 200
-3616 -4168 200
-3606 -4145 200
-3590 -4098 200
-3475 -4015 200
-3475 -3929 200
-3338 -3879 200
-3293 -3833 200
-3246 -3653 200
-3115 -3631 200
-3067 -3528 200
-2931 -3521 200
-2808 -3444 200
-2765 -3305 200
-2636 -3271 200
-2536 -3100 200
-2535 -3031 200
-2379 -2845 200
-2251 -2824 200
-2229 -2751 200
-2046 -2601 200
-1920 -2575 200
-1880 -2564 200
-1768 -2419 200
-1654 -2365 200
-1642 -2286 200
-1613 -2192 200
-1572 -2143 200
-1373 -1950 200
-1261 -1837 200
-1260 -1763 200
-1105 -1584 200
-1013 -1564 200
-896 -1553 200
-872 -1433 200
-845 -1388 200
-728 -1193 200
-724 -1140 200
-673 -992 200
-604 -992 200
-436 -820 200
-380 -642 200
-372 -491 200
-199 -402 200
-173 -280 200
-36 -254 200
36 -112 200
51 83 200
242 199 200
255 384 200
327 528 200
519 707 200
637 806 200
815 900 200
959 1024 200
970 1179 200
1140 1250 200
1241 1368 200
1424 1441 200
1509 1528 200
1559 1547 200
1710 1585 200
1828 1686 200
1948 1841 200
2133 1925 200
2223 2049 200
2247 2056 200
2347 2099 200
2522 2121 200
2690 2232 200
2755 2396 200
2813 2429 200
2980 2596 200
3017 2790 200
3037 2811 200
3164 2895 200
3268 2905 200
3364 3015 200
3382 3118 200
3389 3225 200
3505 3246 200
3583 3387 200
3681 3397 200
3713 3418 200
3812 3477 200
3955 3572 200
3983 3687 200
4177 3699 200
4210 3742 200
4305 3814 200
4494 3921 200
4539 3991 200
4646 4086 200
4676 4150 200
4834 4339 200
4941 4358 200
4987 4428 200
5132 4574 200
5280 4658 200
5410 4804 200
5563 4951 200
5578 5021 200
5628 5135 200
5760 5315 200
5910 5343 200
5930 5454 200
6092 5528 200
6203 5614 200
6336 5665 200
6457 5790 200
6577 5917 200
6622 6088 200
6679 6232 200
6721 6252 200
6721 6262 200
6853 6390 200
6869 6523 200
6939 6583 200
7093 6640 200
7204 6783 200
7267 6840 200
7398 6847 200
7547 6929 200
7607 6950 200
7611 7108 200
7754 7194 200
7819 7334 200
7895 7361 200
8010 7492 200
8171 7664 200
8183 7799 200
8253 7968 200
8278 8138 200
