200
0 0 5000
958 1468 2532
1968 133 2996
2452 1017 702
2615 3403 528
486 1593 1108
3269 131 1217
679 218 3583
1644 905 2308
604 909 1985
1727 1723 2019
678 1566 3025
2911 1046 239
66 1142 3669
965 211 3307
645 826 3191
2094 1019 899
616 444 2813
2307 1705 617
971 82 3186
537 3099 213
122 1256 3644
1145 121 3562
1509 383 1019
2060 444 2308
558 1090 527
3737 1980 42
1577 811 947
1996 2071 1549
237 168 2410
971 3669 960
459 2901 1062
3440 2071 204
2253 845 1363
508 403 1753
1464 94 3418
283 2567 12
1851 1198 2035
1617 2502 800
3324 66 1629
2134 2492 1178
623 719 1381
1996 18 2743
355 731 3347
861 1599 3014
3458 2189 667
639 1269 3461
1375 1161 1827
359 697 3210
1607 783 2498
153 2887 1889
1065 2234 1797
487 1123 654
1008 3758 11
3309 283 382
902 1512 2324
777 2258 1853
2626 1737 1012
1172 46 3251
1231 1035 3386
346 2085 1062
1029 4539 202
1473 1127 1323
3779 807 688
941 4052 331
1211 219 3652
741 3017 1030
850 1021 2836
218 1641 2954
177 576 2967
300 1117 1433
1163 845 1483
1108 1019 1335
3383 174 1198
1912 1287 1442
1434 16 2861
2393 13 1235
2944 525 1767
1054 2105 652
1643 873 2286
2954 94 1361
2092 1453 1403
596 2266 2600
1356 1391 2894
3259 2257 856
785 2579 2090
981 494 2857
2541 365 2306
2701 1298 892
2530 3688 63
1676 1756 1808
623 1937 1875
230 1413 3310
1052 1957 2417
1174 739 3574
1233 2116 715
3128 1882 526
185 944 2886
1277 3685 79
197 3159 1494
1410 2121 1770
1371 881 1329
181 732 2597
1327 1890 2421
581 1302 1987
192 1888 2512
2529 3169 500
2698 135 1151
925 78 3610
919 4257 83
285 204 2762
32 338 3105
3495 182 721
1020 287 3343
2766 305 1309
952 3355 1091
1977 698 764
2684 426 1285
616 868 1732
1288 952 3082
269 2973 2006
1071 532 2034
3369 120 1582
591 935 2391
415 537 3340
3542 2763 317
1889 2073 453
667 1686 2185
1397 660 2867
659 1337 3302
2474 2022 1747
1911 1861 1945
30 1641 1420
2624 2477 1009
1467 678 2076
1053 548 1370
590 2635 1690
1956 238 807
805 1163 2960
306 690 3546
1539 755 1067
237 2737 801
316 4756 87
832 1127 2292
1348 871 1810
878 1096 1476
1920 13 280
4196 815 115
1381 374 2282
1505 439 2628
6 2492 113
2364 2998 163
2072 661 1304
2183 8 1607
103 1141 844
1201 263 3725
4601 283 89
51 2402 2038
720 1086 3517
3032 2891 1
1762 225 2959
3108 1095 1489
508 1533 2799
1339 30 3288
2371 1433 1569
335 2625 698
1420 1521 589
2165 2592 902
2032 1182 1328
718 2728 767
1871 1544 362
900 3 1563
2139 2458 1188
6 890 2331
1395 921 3029
1294 550 2469
1146 352 1627
649 2189 1669
856 3293 342
1642 1181 2853
1466 151 3275
575 912 3314
702 2872 1895
2235 936 25
113 3010 787
228 1095 3739
292 554 2847
1206 887 2364
819 2503 1652
3548 1028 1278
1448 366 292
2156 2830 569
1898 44 984
902 1709 746
2054 139 2134
2037 44 292
847 749 1163
1428 1348 387
1170 586 3070
579 319 3361
