150
10000 10000 1
-10000 10000 1
-10000 -10000 1
10000 -10000 1
6908 998 162
7820 -5662 641
5158 2328 2601
-5004 5511 4015
-3838 6940 891
836 4282 2466
7283 -561 1467
-4353 -2286 4976
-5461 -1858 800
2833 1436 1996
-4537 7154 2666
-1395 1710 3834
8042 7830 1763
-3825 -4398 2416
-1225 -511 1492
4868 5067 3647
1509 6159 829
-1360 -4657 2623
-1543 7669 1889
-7444 4829 1930
-184 2870 2643
-3077 -4428 3210
-3591 4347 324
-6016 -4208 1509
43 -8978 677
1258 -338 3595
-61 4212 43
2197 3856 3724
1585 6202 2212
-2514 -6619 1709
834 4605 1147
-3664 -1915 3336
1351 -3212 4906
7389 593 1684
3087 -5158 3997
-3096 926 3733
2425 -1493 2551
3209 -2021 4868
4900 -7467 988
2792 -1131 230
7783 -8672 39
-98 4416 1228
-1982 -4960 2771
5557 7600 979
-102 24 894
1569 6047 847
7264 -2541 600
-4502 -4229 103
-9480 -6447 57
-277 5813 3872
-3275 -1049 2400
-3496 6708 2503
5045 -431 4001
7464 -2516 1066
3628 -7320 1248
-1091 -2570 179
-3769 8104 1230
-4594 -2766 118
-921 7459 894
7945 2504 1400
1280 -33 3966
8983 -2685 838
6790 -3903 2250
4063 -1274 4378
-4783 -1402 2129
6254 2676 2084
2885 2583 1587
4110 4393 2893
7160 4903 2696
5637 -1035 830
8344 -6884 901
-1716 -7414 308
5683 1525 4258
9307 2058 399
6618 -7169 2499
7523 9086 453
568 680 197
-2172 -3684 58
121 5374 962
-5749 1991 1779
-9038 -487 533
4071 1607 386
-2715 -981 276
-5177 -8176 790
-6948 642 678
-6133 3952 2106
1766 2045 3051
-7286 6728 2458
3356 4280 2491
7410 4996 922
-677 459 4307
7838 386 1957
7604 -1414 450
-3284 2497 594
-2566 -4147 3453
325 -384 3379
8515 -2975 569
992 1838 1431
-3483 -4522 180
-4588 -6684 2505
5822 -4959 1839
-8005 -7355 1312
-5103 -639 1458
-7682 -9485 365
4018 4562 2919
-2718 3076 749
-2659 -638 1319
861 -4988 4144
96 -5446 1260
-548 5224 4723
7524 6550 2018
-916 8561 947
-3878 3142 234
197 -6763 1836
2436 -4641 3332
-1543 995 4157
-237 -6201 2766
669 -79 2573
195 3387 3268
-4319 -3130 1397
-6552 7540 1773
2224 2347 2959
5973 1309 2657
-6189 1652 2090
1043 -537 3206
-1546 6598 1009
5304 -6234 3460
-6155 347 1275
5047 40 3749
-5807 5700 1133
8877 -2378 267
6412 3026 2308
3633 -2415 1020
-7123 -3648 431
-6570 546 199
-9225 7910 763
7274 368 2468
7834 -2667 1241
-4040 764 4633
-214 5810 2051
-8105 -2276 1550
-2289 -2636 4406
3734 -2193 2212
-1125 1275 3619
5323 -892 2792
-1878 8789 1182
