200
10000 0 1
9995 314 1
9980 627 1
9955 941 1
9921 1253 1
9876 1564 1
9822 1873 1
9759 2181 1
9685 2486 1
9602 2789 1
9510 3090 1
9408 3387 1
9297 3681 1
9177 3971 1
9048 4257 1
8910 4539 1
8763 4817 1
8607 5090 1
8443 5358 1
8270 5620 1
8090 5877 1
7901 6129 1
7705 6374 1
7501 6613 1
7289 6845 1
7071 7071 1
6845 7289 1
6613 7501 1
6374 7705 1
6129 7901 1
5877 8090 1
5620 8270 1
5358 8443 1
5090 8607 1
4817 8763 1
4539 8910 1
4257 9048 1
3971 9177 1
3681 9297 1
3387 9408 1
3090 9510 1
2789 9602 1
2486 9685 1
2181 9759 1
1873 9822 1
1564 9876 1
1253 9921 1
941 9955 1
627 9980 1
314 9995 1
0 10000 1
-314 9995 1
-627 9980 1
-941 9955 1
-1253 9921 1
-1564 9876 1
-1873 9822 1
-2181 9759 1
-2486 9685 1
-2789 9602 1
-3090 9510 1
-3387 9408 1
-3681 9297 1
-3971 9177 1
-4257 9048 1
-4539 8910 1
-4817 8763 1
-5090 8607 1
-5358 8443 1
-5620 8270 1
-5877 8090 1
-6129 7901 1
-6374 7705 1
-6613 7501 1
-6845 7289 1
-7071 7071 1
-7289 6845 1
-7501 6613 1
-7705 6374 1
-7901 6129 1
-8090 5877 1
-8270 5620 1
-8443 5358 1
-8607 5090 1
-8763 4817 1
-8910 4539 1
-9048 4257 1
-9177 3971 1
-9297 3681 1
-9408 3387 1
-9510 3090 1
-9602 2789 1
-9685 2486 1
-9759 2181 1
-9822 1873 1
-9876 1564 1
-9921 1253 1
-9955 941 1
-9980 627 1
-9995 314 1
-10000 0 1
-9995 -314 1
-9980 -627 1
-9955 -941 1
-9921 -1253 1
-9876 -1564 1
-9822 -1873 1
-9759 -2181 1
-9685 -2486 1
-9602 -2789 1
-9510 -3090 1
-9408 -3387 1
-9297 -3681 1
-9177 -3971 1
-9048 -4257 1
-8910 -4539 1
-8763 -4817 1
-8607 -5090 1
-8443 -5358 1
-8270 -5620 1
-8090 -5877 1
-7901 -6129 1
-7705 -6374 1
-7501 -6613 1
-7289 -6845 1
-7071 -7071 1
-6845 -7289 1
-6613 -7501 1
-6374 -7705 1
-6129 -7901 1
-5877 -8090 1
-5620 -8270 1
-5358 -8443 1
-5090 -8607 1
-4817 -8763 1
-4539 -8910 1
-4257 -9048 1
-3971 -9177 1
-3681 -9297 1
-3387 -9408 1
-3090 -9510 1
-2789 -9602 1
-2486 -9685 1
-2181 -9759 1
-1873 -9822 1
-1564 -9876 1
-1253 -9921 1
-941 -9955 1
-627 -9980 1
-314 -9995 1
0 -10000 1
314 -9995 1
627 -9980 1
941 -9955 1
1253 -9921 1
1564 -9876 1
1873 -9822 1
2181 -9759 1
2486 -9685 1
2789 -9602 1
3090 -9510 1
3387 -9408 1
3681 -9297 1
3971 -9177 1
4257 -9048 1
4539 -8910 1
4817 -8763 1
5090 -8607 1
5358 -8443 1
5620 -8270 1
5877 -8090 1
6129 -7901 1
6374 -7705 1
6613 -7501 1
6845 -7289 1
7071 -7071 1
7289 -6845 1
7501 -6613 1
7705 -6374 1
7901 -6129 1
8090 -5877 1
8270 -5620 1
8443 -5358 1
8607 -5090 1
8763 -4817 1
8910 -4539 1
9048 -4257 1
9177 -3971 1
9297 -3681 1
9408 -3387 1
9510 -3090 1
9602 -2789 1
9685 -2486 1
9759 -2181 1
9822 -1873 1
9876 -1564 1
9921 -1253 1
9955 -941 1
9980 -627 1
9995 -314 1
