200
-1577 -2082 3082
-5300 -231 582
-6393 7987 82
5277 -7224 4326
1082 1181 1960
-181 -3899 2141
-4570 832 2296
-3791 2327 1328
5734 -201 3748
-8605 4083 3397
740 -3774 4448
-7103 926 912
8240 4533 619
6214 -191 1575
8011 -5389 97
4718 4430 3928
-2141 -6420 3708
-8603 -210 4501
-5219 -756 497
6701 639 1477
2888 -4901 541
6993 -2003 1367
4587 -43 1025
167 -3830 2909
2245 -2098 4621
-4497 -3660 1614
-5138 4200 3068
8774 5597 1911
-4988 -5901 4432
-5230 -5480 2881
-7668 7408 4504
-3880 8121 3733
-5446 2707 1150
7522 -7127 3188
-9702 8839 4173
5128 -5659 1064
-1893 2924 1000
-9054 1698 2628
1017 6710 924
331 -4799 2339
-5995 -2467 3917
-7222 7374 105
3269 -8073 3166
-5 9450 71
-9668 -6532 2393
8573 8596 1582
-6848 423 211
-8069 5091 3341
-6252 -3893 1824
-335 -9841 4803
-9900 -5836 1459
5386 663 980
-4931 -6069 1084
1181 3926 500
-6114 4258 784
1709 6551 4260
1315 9703 2542
-9876 -4646 48
-5649 2824 3688
-4712 -7512 598
5147 -3691 2306
2538 -8306 4667
-2698 -3236 2765
-2285 -8335 2749
-2424 -4449 511
4627 -9020 222
-9729 2296 243
6340 2420 627
1219 6771 2651
2206 -4220 4942
3351 -9074 3487
-7619 3465 3553
-7927 -5513 1598
-4303 5923 787
-3034 -2780 3894
-3786 -8154 1960
-7987 -7883 2917
-8765 -7822 1976
-468 3397 181
653 -677 3004
4261 -7326 1599
-5822 -1224 3775
9512 849 4159
-8393 -9734 1540
-910 954 2768
-7878 -9112 923
6136 -3378 2968
-7556 1578 93
-5107 -8890 49
-5887 1763 1522
2833 -3977 1463
8759 3923 825
-4410 3434 627
3189 8762 3632
-9570 -2149 3942
4892 -26 2067
4920 -170 931
7065 5996 4426
-4891 -9112 4529
-3450 -1278 1595
-8966 -4724 4213
-8086 -2245 870
1569 3346 1470
5794 255 3963
-5994 4406 486
-6829 -703 3582
-3054 -2063 210
7344 -4999 989
9319 110 190
-3876 -9620 2051
-5308 -4864 3222
3004 771 3005
5239 -7661 2471
4627 -8146 3482
2777 -4140 3929
-7501 -969 1579
-7806 5978 2354
5441 3321 574
-5318 6360 1330
8534 -7517 1024
-5173 -2825 1176
6397 -6101 2305
5721 -7142 2531
-1609 -8794 1537
5036 3983 4306
2366 -9798 2076
-3567 -7603 968
-1562 -8442 561
9165 -3759 280
-10000 -1505 2357
-5062 3322 2034
8733 -282 3523
-6703 -4562 399
202 7550 2778
-7320 2586 2326
-5260 -1328 4530
2110 8826 4322
-7102 -2737 1911
728 148 3286
1196 149 2692
-8412 5087 4475
9156 3820 912
-5658 -9163 3656
2388 4760 176
-8361 -8839 1659
2316 -4099 2033
9474 -8269 2877
2749 -5371 4247
1303 5357 1718
2378 273 2970
-4333 1861 1322
6000 4737 2006
6049 9079 2326
-1022 5188 3459
9458 -9453 4647
-7479 2863 195
-8301 6057 3530
9703 2526 1971
-1311 -6171 1078
-5897 9928 1130
7108 -685 2187
-4801 -4686 1282
830 -4916 586
7299 7783 3200
8528 7240 1901
-9084 -6518 368
-793 -4819 1776
-7052 -5117 1800
-8681 3572 3701
8767 -8604 4413
208 8504 2979
7230 -6298 227
8989 4533 2067
-6454 1831 2154
-6709 4079 2017
-6417 4996 4665
6739 -2077 3483
-4049 4592 4995
1410 5911 2503
-5582 8399 2725
3633 2327 2278
5883 -444 1538
-2832 -1456 2512
-6463 5811 2525
-8590 9102 34
6523 -7315 1039
1396 9424 734
8892 -905 2649
-2451 -5775 3753
7220 -1357 2829
-1713 -4004 4654
-8422 -8121 2767
8572 2768 4800
7540 6306 1340
-1662 -8564 3288
6936 7959 2546
-5750 3075 3129
9487 1966 867
-685 -6765 2561
8776 -9546 1909
