200
3272 7313 3426
6505 4641 2699
-7911 -5167 975
-5724 -1756 4765
-1092 2330 3721
3082 -4244 1818
8236 5966 499
2434 105 4739
-8228 -4430 2210
1205 -581 438
-9690 -7309 2360
5115 -7084 556
9967 -1274 1605
-6397 3003 3690
4848 -8090 862
3024 8713 4073
-5465 -9331 277
-5032 3103 4122
-6901 8596 2668
385 3522 2203
-8036 3832 1337
8298 -1054 683
-728 -1087 271
-1200 2516 2660
6572 1084 601
6673 -5892 3765
-3750 2364 240
5514 7332 4086
1161 -9570 3078
6100 815 99
457 6500 1684
-2495 4798 3962
1190 -2210 3280
-6400 6591 612
-4707 3162 4779
6337 3556 1796
-3907 -6474 4833
2798 9041 740
-9953 201 609
-7829 21 1647
-8463 -9523 645
4735 1703 3609
6878 -3387 150
1655 214 4169
-7333 9228 2059
-5236 5564 4680
4690 -8343 4752
-9301 8176 3904
-9680 8223 2609
-2187 -5886 4885
-159 -4349 2936
-1631 -5894 4448
-4585 -9016 105
252 6360 2880
5399 -7253 4081
7429 -2488 2012
3014 -4078 438
5847 -3378 4598
3998 663 1280
-208 -7804 3563
9329 2037 1543
-658 -9594 3257
4779 -4179 4017
550 9794 751
6535 5193 1774
-4533 2621 1865
-36 -644 2819
9838 -4798 4467
1608 -7080 3901
-4678 6434 1729
-3129 5762 949
4071 -4897 2206
-902 -6398 1812
-4891 7874 3563
-8800 4408 4333
-9961 -6404 1180
110 7281 3782
-3897 -9162 4595
6160 6168 1170
6879 -8511 3820
9794 2081 3781
4746 -3849 1284
3824 8971 4833
8724 -5921 3179
-6583 -999 553
744 -960 1036
692 9150 2991
9996 -1026 1856
8222 -1146 3579
-6911 -4267 792
-5611 -753 2057
-8549 -6008 268
-6385 -8463 3682
6824 -9740 2667
-5816 -2602 2972
3395 8143 4075
-7521 -1166 2840
2566 2551 2086
-6510 4493 3983
582 7582 2430
9163 -8029 2803
-6456 -6578 2404
7798 758 3437
1022 -2418 4065
-1675 5487 2852
8350 -1119 2777
-8866 5082 2723
-6932 1368 120
3977 4858 914
7460 -4561 2625
396 -1678 2722
2579 1866 2689
8755 -337 2458
188 -5595 4564
-4397 6451 833
-1584 4800 4523
-629 9655 1668
-3399 -7277 259
6383 -9580 3503
6936 7880 2682
-7489 1996 2235
-3662 -5426 570
7307 -2950 658
-7246 -9042 1182
5784 -3439 2510
-1979 4977 1263
-861 -1932 2865
2780 4670 157
-5933 1052 1576
212 1708 2456
-763 4219 226
2863 -5723 393
2075 -8416 4007
-9051 -1941 2208
7951 -6157 414
5124 1864 3770
-2904 -5277 2758
8723 7503 1451
3073 -4710 4969
-2158 9223 577
-5788 -1541 4547
6298 -8679 3658
2958 3396 2893
-9612 8066 1061
-1222 9738 2726
-6272 4861 1424
7376 -8044 1677
9092 -9322 3800
9198 7472 755
355 -965 1044
6941 6968 3700
-8534 3265 3253
269 -56 4328
-5624 4053 1231
-3458 -3449 4198
6273 279 3035
7866 1376 1708
-2097 467 1729
9163 -335 3256
5713 -6260 4215
1484 -5598 2062
5715 -4132 3374
-5014 9858 2192
-2346 -2046 1578
2108 8217 2386
6299 4489 1383
9071 6076 2337
-6202 -2301 709
6646 582 2950
-6756 -3706 4028
-7402 -8501 870
5199 7214 4375
-5215 -4080 3200
-1965 3574 3885
-941 -4319 3842
2914 -4300 2150
768 -5230 231
-6282 2289 3410
-2865 -1065 3190
-6062 5900 1679
-1798 8499 4919
3147 7418 2962
1401 -4077 4060
-488 7680 3894
5577 -3262 3692
-6422 9652 2653
-210 4140 1513
2077 7858 629
-7938 -1286 4432
-3649 2652 4825
-9346 -5426 3727
6457 7721 1847
3193 2842 3909
5849 -7647 3458
2079 -8350 2071
7712 -1051 3484
-956 8740 2729
-1133 816 4844
-5300 6600 4187
3189 -7050 59
