200
1069 -6869 992
2929 1856 2499
1603 3123 3118
736 6232 2131
5387 -2577 3296
-5211 7281 3198
-4468 -8142 2273
-7492 -3722 3201
-1197 -2422 4801
-188 351 4012
4906 -8581 2745
-2447 8070 217
-7087 3393 4402
-1358 -5872 13
4860 9515 4968
-9717 -1976 3543
5086 7278 1637
5645 -6494 3832
-5612 2309 1074
3241 -4158 4537
6669 -9253 2483
-3053 -1700 3137
-918 4934 800
-5662 -6425 2917
5827 8436 1359
8458 -7561 4775
-7910 7525 3382
-2419 6890 4324
-6930 -8723 2621
-3863 8240 391
-6724 4908 950
-8165 -4425 2995
-7817 4657 2670
5925 8996 798
7514 4822 3156
-7662 7000 2096
5188 9090 4463
-966 -3330 3881
108 3461 4902
-6510 9599 2327
-7286 -7126 1519
-3594 -1570 1575
8399 614 1358
-4675 259 4327
9548 1493 4142
5926 3832 2123
8464 2740 3163
8526 -4506 252
9198 5602 2219
-8854 9092 1491
-4944 -4474 1252
-2407 1933 3039
5706 4052 934
-7804 -6903 4792
-2319 -7356 1178
1709 -7710 4153
6457 -9247 2140
6573 -7001 1224
801 -7804 730
8491 -6657 4628
-4223 2120 1958
9660 9713 1372
-8028 5419 4512
8619 -8665 401
-4476 -984 4834
-2357 -5555 2320
-6407 -9099 4952
2283 -8805 2194
187 1996 4276
-6307 486 2453
6292 9985 4051
8137 9644 3293
1914 -4664 400
-6537 -6045 3082
4390 3200 665
5403 -9158 3644
8706 -5565 4139
-3518 -9562 1666
-9021 4346 2828
7674 8040 3490
7710 8052 2848
3587 9909 3505
-824 1822 2146
-6096 9006 2410
9968 3396 2736
-4954 2519 2005
8292 4945 1665
-1282 -4853 2911
-5941 -3873 1967
1397 -6200 3209
2942 -4770 321
749 8817 3908
5642 -2008 1693
-7850 5617 3187
6334 5584 143
-2562 -5649 3746
9384 -7358 4963
9486 5081 98
-9976 9141 2695
-7649 4258 678
-7283 -2801 4203
-8866 -8331 3674
-6820 7311 1029
7048 -6819 1669
3642 -6764 25
-2649 674 411
3580 57 4174
4752 -458 4099
-5208 3288 4557
-9041 5639 3375
-5353 8357 2689
3566 -6789 4404
-8700 -3608 672
-9253 -2840 3637
9533 -5478 2062
3902 1874 34
2621 -4547 3206
7704 -6075 3241
-8412 -1282 2107
-5388 3398 418
-4385 8046 2733
7539 1611 4372
1130 6632 1947
-4247 7379 2150
-2721 6912 3166
2040 4534 2843
-2525 -2846 3574
6688 -1421 322
9163 167 887
8647 8500 2963
3769 -5885 876
968 -4626 2884
5099 -9776 1308
-4378 -4022 2177
-2974 6978 4862
6673 -983 4388
8194 -9788 3461
2608 -9380 311
-2773 9784 1332
8006 8430 137
-4097 5919 2395
-1876 -3114 2147
-4323 -8016 148
9861 1327 2070
5144 8353 1549
1059 8747 3351
-8493 -9340 1156
-7169 3268 4523
2733 -5784 3043
6523 -4058 3823
8812 1845 2280
-1064 9970 1146
-5566 -633 2496
-6123 2948 1926
-701 1813 2935
5418 -7129 3690
4275 -1900 4737
3345 931 1946
-686 -2616 3341
2508 -6094 1160
4131 -3562 3367
5393 5374 2188
9820 -6472 507
3672 -2594 3279
5131 -9575 385
-7616 9564 3038
-1617 3839 4272
5043 -2817 252
8691 -9783 4936
-7167 6446 2361
6639 576 1309
-7711 -311 4176
1630 -492 810
337 -3100 3656
-8008 -4248 3839
-820 -1864 1556
9240 -9761 2860
-8881 5282 2555
3930 3972 4219
4125 -9475 4542
-8054 7165 3698
9927 -6826 3966
-440 4805 2843
-3557 -4859 2824
4452 854 3539
-3393 -6245 1570
4605 -3285 1959
-6118 -2165 4441
-9658 -8236 3667
7020 9610 2975
3863 -4724 3526
-4998 -4797 38
-7891 8484 2401
6166 -1353 4769
7122 -6901 1774
-6170 -294 3799
-7606 -1969 233
-8802 1913 348
9006 2255 747
4505 2995 12
