200
8442 2049 4934
-6664 6550 4335
7968 -6066 856
1200 -6057 1905
-4238 -8818 1671
7845 -9222 4684
543 -6551 2386
-9248 -8989 2172
-5040 -2088 2157
-9824 -7365 3569
-9417 -5203 3328
-3314 -1867 3036
4698 -178 4452
-4667 -8979 907
-93 505 2713
-5487 -1651 4724
2362 8893 2986
3932 -6635 3143
-2633 2046 1707
-6245 2222 4052
-2918 6527 127
-7542 -6788 268
8105 -8369 4337
-8595 -3036 2286
-1350 -9409 2961
-9203 -4896 4284
3723 7466 2790
3818 5118 805
4925 -7516 1557
-2336 -40 1621
-6961 7043 2094
-3068 9501 205
-7322 -8674 4345
-1753 -3548 2665
8558 8823 4773
9373 9620 3691
2257 7063 4102
-2245 881 3392
339 -474 1435
-5032 7191 4037
5541 -6050 1117
-7361 882 2354
6672 3560 784
2334 -8194 2210
4961 -5916 1185
-8102 -6544 3127
3941 9435 2757
-2832 910 3062
9235 -5031 2184
3786 3658 3180
8297 -801 2806
9850 5559 3484
-1656 5951 4537
8166 -1715 2599
8160 -3034 4009
-9304 -1136 4025
-7147 -3475 1929
-485 7415 3215
-2944 6649 2335
4124 434 3549
-7898 -1270 2126
4031 2300 159
6841 -9356 555
6932 -7470 2660
-7451 -5590 4138
2251 -1173 4762
2851 5402 3221
-836 -5084 4970
-6172 1972 3400
-6539 -3904 4944
6753 1919 4992
-7038 -4050 3306
-1548 -3489 4945
-107 -2837 692
9618 3433 2756
-9971 -595 2322
6747 -7745 219
6268 1420 1500
6925 8969 578
4230 -7570 989
-8032 9183 912
8438 -4135 4503
928 4318 3893
-2218 -5790 4972
-2833 -2452 1688
8403 1298 3051
8466 -1956 3085
3930 -1967 69
8031 -5043 2217
383 -7093 4568
6272 -5125 4318
4080 -6687 3593
7838 7962 254
-1893 -4257 4856
-740 6631 58
-6155 5034 2703
-5885 7220 1198
361 4871 3765
1747 2901 3077
2101 -2996 2533
4886 -6724 3429
-5707 7356 2107
9567 5194 1873
2878 -2979 4023
399 6281 602
9190 -9875 716
9278 -2039 1686
1130 -7958 83
4737 3789 3758
-6701 -389 1935
8491 -5504 1956
4836 2510 2436
8215 2077 172
-6725 -5046 1761
358 9075 3526
7793 8264 802
-9740 -8739 697
-6331 6112 4941
-8053 848 4956
6848 7869 661
5032 6359 1624
-9789 4915 3514
-7253 6850 4924
-5803 -9876 2459
2668 4203 973
7419 1996 3228
-3984 5977 574
-7426 -6634 560
-5105 -965 3304
-8995 -4118 1881
-3274 -9087 2472
-9337 -5154 2561
-2889 -2407 1550
-645 1791 4015
-9726 -1821 2626
3989 -4402 689
-4034 5335 3919
-7075 -8371 352
5997 -3476 72
9916 -2470 4540
-856 7977 2985
4731 8641 2772
5232 -4249 2280
6303 8827 735
7498 -7178 4897
6616 6811 4644
1451 -3502 777
-7738 -577 1696
-9840 -4581 4638
815 -945 3613
-2649 8199 4281
-1479 2929 4618
4538 1881 4489
-1853 -1817 3818
-9012 -599 3710
8288 -262 2841
-1373 -8812 3087
579 -2829 2725
-8398 -2669 961
9150 -8134 156
-5774 -783 836
1000 7739 1826
6415 2276 684
-2421 -5857 1665
-8709 -4869 2429
-8454 -2861 3307
8613 5766 1339
-7825 66 4091
-7397 1668 3267
-5270 817 3937
-6647 8764 1994
-9826 -237 421
3646 -102 1990
-7281 -8802 3980
9976 -7511 4829
353 -2243 4433
469 -3631 1085
1772 2265 4616
-6033 4869 370
-2786 -6681 2984
2327 -3328 126
-3343 567 4724
-7554 -2066 2749
7953 653 40
3881 4349 414
-7619 -5299 2581
8022 8891 733
3148 4384 2957
8340 -7929 624
8920 -715 3751
4037 -8389 1141
-2083 1990 3629
9002 8157 745
6264 6110 1820
8445 3711 3518
-6885 6093 972
9263 7835 3839
-4500 982 2107
-5998 -679 2570
-8907 1961 3494
