200
3639 8611 3164
9993 -5020 3739
7976 1901 2373
8280 -3744 1640
-7190 -2310 4919
-8425 2788 3890
7946 -7104 887
-917 -7258 1565
5280 -4184 190
2954 9629 3543
-5612 6989 2541
9902 -9299 1815
-8706 8677 1497
-2148 6956 2646
-5920 -6514 4263
7510 -1218 4117
6823 -3272 3620
-828 5811 3660
7831 4811 1644
3348 -2236 1603
-614 2153 2891
-5965 5775 4877
-2616 -9210 3406
-7366 -1358 4871
-5861 2722 4613
3335 3952 2421
9039 775 178
-2361 -6333 4249
8982 -4782 17
9861 8566 2205
-5911 -2048 3931
-973 5708 3358
945 -6909 4225
5260 -4275 1608
6530 -135 793
-4993 -3080 3052
-7734 -320 3625
-3747 7319 3399
-229 6300 1642
1820 9881 3545
-8367 -2309 2649
-6401 6718 1495
-1218 -2337 4601
4754 -7078 2113
3089 -6827 4379
-5854 -1820 661
-845 446 76
2380 6699 2595
5551 190 3229
-2340 -7991 2270
-7944 -6357 375
-5596 963 2730
-3820 -6535 1916
1048 8220 1338
-4639 1308 865
-461 9175 1462
-1922 2050 549
2577 -5571 4655
4393 -6300 3028
6230 5082 4332
-8333 7138 4828
4796 -4737 2094
-1638 1443 2190
-408 -3789 694
-8815 1572 4213
2231 -5169 3538
5177 2910 3074
-1432 -4514 1443
-7622 -6401 3397
-3622 -6451 1928
6108 -4784 1932
-519 -6268 4706
3817 2095 4448
-4662 -4593 4405
5080 -3408 4395
-6430 -7457 2442
-2486 7720 560
-6492 8 176
-2347 2386 2533
5498 8764 2210
8424 4871 2830
8487 -5649 4765
-2466 -8112 746
-1976 948 2688
8446 -252 4632
-9561 3318 1090
986 -9169 1227
720 -1939 591
9662 5714 1540
5923 4932 4397
5733 3355 2550
-5520 1841 4473
6961 -6905 3613
-1024 4840 2158
-7322 3286 3506
413 7446 4165
-9309 -1569 376
-1312 -7128 213
414 -3746 118
-5476 -4103 4839
-8881 -8371 2655
6306 -169 1850
9564 -3209 2128
-5290 9488 4290
-5475 -7835 4091
7809 6300 925
-9312 6991 2235
1842 -601 3579
1055 9813 2837
-297 -1942 1189
-6719 2898 3548
3936 2924 2744
6431 2487 4893
-4259 -9082 741
-108 -836 4326
-2672 -3027 281
-348 1382 1047
-9594 -3056 4203
7754 8000 1690
-8646 1423 3697
852 4704 3676
-580 2360 2824
4099 -1210 1966
-712 8253 2417
-6035 -1856 4982
-5471 9194 871
-4888 -1155 2896
8966 -749 4135
-4062 -2996 4802
2723 2079 3662
1287 -3349 1906
-7253 6071 2187
-2868 169 2708
-2276 -6822 595
-766 864 1489
9908 5393 2185
-8725 -5774 903
7746 -6809 2581
7439 -871 797
-7427 -8149 3387
5409 6859 2891
390 9607 4209
4011 -3262 3731
3863 4462 1351
-1754 -6305 4161
4494 -2677 1485
-6344 -1402 3605
7942 64 2919
-4801 -2497 2277
-3099 3797 1073
6962 2926 3002
7393 -6684 1741
7616 -8953 1465
-1992 4910 4139
-8423 -3124 827
-268 -4910 567
3280 -1254 172
-8948 -3312 1595
5738 5608 3969
-6729 -7492 3448
6378 -6810 2341
-3657 -5696 3906
2193 -8081 1681
2223 -73 4725
-3287 1505 2280
-1380 -8764 3539
7850 8237 2037
9398 -6990 974
1010 -7532 1986
125 -4261 4518
478 -4162 1955
-9964 2181 4893
2910 -1906 2540
552 -9684 4977
-6898 751 852
-3750 9371 3381
4488 7220 4047
1471 -9663 104
8864 1348 822
-4417 -4807 4830
4812 5672 3199
952 5708 283
-2326 2338 526
37 -3390 2690
-7673 -287 3616
-158 9684 483
-7686 4171 2505
3024 -638 1205
463 -1775 4530
-3350 3809 2800
6018 2341 813
1223 -6708 3206
4888 967 2940
4088 -5276 345
-116 -2949 1496
-9849 -9386 3673
-211 -7072 3118
-5913 9673 515
5003 136 4543
-9015 -9494 2186
