200
-337 -452 3850
-5602 -8050 3917
8977 -845 1331
1158 9390 1338
3622 5145 3340
9519 5173 4691
-8270 9995 1283
-2130 4563 4390
-7733 -2015 872
3621 -3338 3873
-330 -9955 2714
3218 -5557 862
-8653 -2860 2591
4359 8298 3398
2526 1920 2965
1784 1438 3415
8624 6889 1183
3154 -5242 556
-1691 746 2097
-4218 -5633 231
-8516 7758 3469
-3266 4696 688
7656 6043 3058
7732 402 3515
7197 -3352 2760
5527 8432 1340
2751 7055 4244
3689 3930 1734
-810 -7762 938
6396 1741 3164
264 3225 121
-2102 -6321 659
3696 -8666 45
-7087 -7214 963
7871 9983 4750
-5254 9231 4746
-3219 5702 3344
-4295 -610 476
3108 -7700 3235
1256 8697 2492
-8787 2681 767
-1073 -9422 3478
1337 7995 1485
3511 -9092 1028
-3915 8779 1854
-4692 -6476 577
-3317 4027 4667
-4888 9732 2603
-8808 2839 2643
-6770 -2185 3237
7010 -972 3263
-2267 -8324 3893
-7864 6734 815
7875 244 3437
6399 6330 3922
8626 -4642 2733
-6196 2041 4858
-5317 -9127 892
8674 -4214 2568
4965 2738 824
-49 -253 1526
7619 7480 3444
3305 9617 3588
-6735 7491 3353
7855 7610 2351
4943 9956 331
9277 -6241 4742
7636 2164 3928
9448 837 4715
4097 -478 339
-9718 9474 3291
5497 -9188 2042
6107 4117 3716
3451 -8897 2502
-8961 -7322 4427
-1323 -8658 4992
-4606 -5661 2479
4151 -8026 201
1223 -4858 3464
4082 9240 4912
-323 9522 4132
5020 8739 3035
-8438 8567 3217
1442 2017 493
-7468 6777 1947
1232 -825 555
-6393 4569 2698
9743 2440 937
1762 -6337 1165
8340 7745 948
4439 -2579 3813
3732 -3839 4935
3837 1444 1812
-1942 -7115 327
825 -862 2890
2549 -9631 4146
9336 -2302 778
4182 1161 231
1002 -3356 3729
2965 -5017 3690
7888 -6858 2749
-7668 6874 3251
-764 710 4535
4706 -7512 1666
5913 3313 1203
3897 -418 3514
-8945 2638 4000
-3497 -3181 2435
-5609 7822 1722
-338 4507 1677
2678 2395 3563
-3165 4727 159
-2847 -2317 3555
8916 -7612 1967
7285 8301 889
-5209 5919 3617
6388 6974 4355
5683 -2802 3502
-141 1589 644
-3042 -5029 1945
6482 7649 1055
-853 -1796 4083
-7594 5358 1371
96 7994 674
-6006 8999 1374
1206 -2490 9
1721 -2381 2076
-1406 -2978 3351
6007 6881 417
-8759 -2441 2002
-5297 -5960 3149
-9441 6908 1604
4863 9314 1971
6849 -591 3784
-5057 3403 59
5059 -1670 648
7373 -6229 3119
-5899 6086 3768
4307 2092 2733
9822 3333 383
4028 -8244 1098
-4117 -7685 2088
-4057 -9102 1215
-1199 7747 681
-347 -3590 1508
6946 -8531 4585
-1973 -7438 3528
448 -3337 2691
-6389 -9031 1928
3655 -5489 3233
4978 8539 4904
-9660 -5578 289
-7390 4086 2528
1635 -7114 2989
68 6261 2347
-4376 6927 4678
-489 -5047 3639
-9112 9122 2657
2073 -3547 1434
5349 -9893 4034
5678 5085 3810
7764 9146 263
-4114 -4524 3644
4907 7111 3628
-8327 -2822 3997
8572 2802 4810
-9341 -3967 3066
-8412 -3078 1883
2901 -7285 28
-4818 8064 1585
-8026 7462 1936
-8974 5226 2178
-5501 -8889 750
-7942 6018 3866
-55 -8589 4910
4092 -6296 4037
5165 -5637 3537
-1368 -327 1936
-8780 -7427 1925
-6018 -2244 3135
-3149 3451 3798
2246 4477 170
3065 8977 1187
9360 -5245 3432
-3515 4700 4894
-9212 -1209 2918
1614 -2324 4885
-5248 -9972 3082
2254 -8752 2869
-7530 -1049 4326
750 9523 1486
-9788 1768 864
-5101 -5168 17
4419 -2088 1645
9955 8118 1671
623 -7374 1795
-1284 4240 474
1173 -7287 4829
-2978 4967 2686
-834 7438 4480
