200
3228 -8206 3318
-2972 8524 3135
5350 -7159 1084
-2015 2148 245
2624 5388 1559
-9656 9121 2410
9084 7804 4709
-2953 -3033 799
6640 4181 4906
-3860 5609 4767
567 -1164 2190
-9238 5865 3518
5411 4935 3276
-2149 -7081 875
-6155 9265 4206
993 9609 2897
2842 -7588 615
-6872 -540 2166
6040 -3901 1105
-5456 5960 4363
-1551 -3474 551
7869 1009 3542
-7910 -3581 3598
6596 7992 3754
9527 -8164 3305
-4713 6551 1063
168 -608 251
2852 6242 4735
-3777 2281 867
7496 -9455 3679
-9345 2715 609
6372 583 3620
-2047 2673 2200
4468 2989 3783
-6098 6237 2261
6322 -8477 3249
2070 1691 1452
231 -5458 4281
-8429 4486 2535
9012 1981 4767
6133 6357 3447
9780 2728 2116
8156 -5599 2939
-3328 8870 545
3180 -3508 2159
-4755 -3465 1987
3860 -7675 629
5588 2556 995
-164 4128 4306
-6194 6860 314
4601 2992 4733
-8170 6492 1761
9643 4648 349
7570 -4960 37
-5236 8221 3634
-1805 -2814 3093
6870 -8955 3532
7235 6634 2496
-4138 190 3777
2696 3997 1889
1510 2318 3213
4122 7870 2007
-4260 -8768 4593
-798 8802 3170
-2188 -6435 2873
-9644 5481 2314
5714 6071 2038
7118 7026 2551
4799 -7113 1781
327 9304 3615
-7285 4534 523
-1904 -1345 4598
3689 8117 4307
3929 -2682 3942
-7071 8852 1341
3872 9208 2720
1999 4921 3711
4893 5760 1296
4420 4279 2819
-2142 -1674 2587
5292 1042 2263
5044 9138 2933
2665 2826 4
5240 475 176
6616 3404 4838
-4723 996 2623
-580 -7005 2976
3355 -8392 4427
4315 6029 824
8162 -6114 943
-4967 9178 3025
-3561 7943 1634
6500 4328 3776
-5324 3288 4043
-6109 -97 3309
8238 8902 4445
5511 2042 1118
-2295 -883 365
-6900 -6569 1087
2774 -4686 65
774 347 2265
9815 -9494 3210
1714 7006 3849
-9842 -4598 1191
-7201 -706 123
8844 1252 2392
-396 483 3013
-6640 8189 4754
-7555 -4991 1204
-8721 7784 2887
-6001 -1443 3741
3338 2092 1027
6899 -6195 4031
8508 -2315 2754
3404 484 1021
-8076 3048 2725
3067 -7349 4137
6252 -268 4583
-1447 5898 3489
-5715 7177 1679
-947 -5104 1447
-5833 8235 4466
-6492 8854 3720
9856 -8919 2986
-4674 4485 1306
-6190 -9870 1988
7268 3197 829
-8793 -552 1649
-6665 -8279 3462
4193 -3993 56
9114 8781 145
-9969 -7053 3696
3042 176 2567
-142 3753 3310
-8201 9079 2115
-5775 -3391 457
9698 -6124 727
-8458 -4917 2288
3120 2139 4895
-5685 -3668 1102
2687 -834 3796
-4045 -803 3069
-5101 -4040 4947
8976 5818 4813
7854 7617 420
4938 -4438 4141
2151 -4740 3699
-3718 523 4584
3583 -6358 1376
-3675 1678 269
-4926 -5635 1589
-7397 4041 4487
521 8941 3427
-1386 -8364 3481
-9540 9491 2634
1384 4428 2193
6359 -3422 496
-4790 6582 3371
-7135 3885 3820
6380 -9791 302
9948 -4717 4226
-1041 1607 4384
4610 -7873 2174
-3780 4462 3810
7369 4922 306
-145 -3694 2424
-2097 -3615 3325
1211 1595 3734
-1238 8181 4587
-44 8282 2130
-3451 8229 3816
1227 908 3440
-3775 -761 4070
-2395 5459 2004
622 2828 3408
3128 -3597 52
62 4306 1076
-8985 -4484 1532
-1450 4278 1001
-31 -2045 860
5318 8225 4081
-330 -549 901
5629 9398 3509
-2565 -2998 1683
3703 7624 2552
8614 752 2805
-170 -5466 986
1153 -730 4886
-5930 7820 1932
-7391 1509 942
5710 547 3570
758 -9784 2689
-9565 9566 1739
5631 -3000 189
6 -5577 903
-9072 -3242 2836
8255 -9692 4763
-115 1461 8
753 9252 3656
-4102 -8139 293
