200
1052 -9960 3570
-8467 8704 430
6269 -8087 2928
4400 -3270 477
6731 8159 4771
3003 8109 1462
-6561 1566 3827
6852 -6413 3745
5398 -6565 1859
-1146 9798 1433
-4457 849 2809
3056 6104 2613
6205 2372 1656
-9327 493 4693
-2447 -2777 3518
1629 -6054 2505
-6948 1106 4312
1560 -2043 734
-5969 -2924 3651
6757 9651 4033
2499 -1086 905
5723 -8031 1115
3930 8174 287
7770 -7432 1426
-1660 3842 4417
-9212 -4530 3009
1346 2244 938
3469 -6197 1803
-7101 1555 3648
5766 -1689 1287
2150 -5470 279
-6897 -9747 547
161 7904 1166
-410 9394 4121
-6768 1454 3536
-2182 2243 1884
6350 -6412 4276
5987 -9222 890
-2698 -6323 469
-4307 -6837 2577
-2545 9034 3644
4411 -7863 1480
-2944 6019 3697
-8405 -671 4655
-7576 2561 1341
7095 -5901 3626
7235 -9552 1718
-381 6435 3575
-473 -2542 2634
-5290 3151 2547
1926 -9394 2344
-2607 8738 635
-6888 -486 3534
-9544 4830 4031
7194 -9026 847
-895 8069 2454
-461 5304 1860
-8998 -1357 3651
3244 -8110 980
-838 321 3846
5686 -4032 2184
7523 3361 328
-1063 -9807 2472
6371 -9351 4782
3132 -8437 4081
-3825 669 258
-6684 -6072 3843
-9094 -5070 464
-7628 8174 4658
-2425 1056 949
-351 -3258 562
6051 -2015 4844
-5091 -9358 3923
-6718 -9267 2846
6485 7587 3973
4382 -6239 2291
348 798 1426
-941 5425 4447
6413 7797 2632
-4344 -4629 3614
2663 8742 4940
-8085 8513 3953
-1750 -6579 344
8499 -3297 1293
-604 -3092 2184
-8143 -8710 215
-1292 5359 2840
9487 -5582 3269
8916 -9170 1506
-9762 208 2176
2618 -3409 4126
5459 -1494 2243
6 -9524 3207
-1084 -7305 1784
-1441 2092 461
-7932 7670 4669
-3221 -3622 3313
8568 -415 2940
-498 2222 2661
8233 6181 3484
9776 -1202 1358
6340 -2022 3196
5136 -8296 3843
7354 620 2219
-4 9179 2523
-4175 -5033 79
386 1747 2176
-3416 4035 239
4643 -2743 3715
-6469 -790 2939
69 -1014 1523
9477 -954 4408
-8890 -5819 1898
663 -4744 4336
9191 5252 4367
-6471 -5203 4173
-4462 5183 1674
3925 -4513 4709
9339 -9871 2897
6973 -2619 1393
788 7450 3723
3402 -9354 365
1434 -4522 4913
1171 6141 574
-4753 9052 4131
-7777 -7419 2396
-2112 -1881 3685
-981 -4235 367
-5815 -1176 4028
330 -4204 3682
-595 6585 1458
3745 3707 2771
851 -4860 3111
5859 -9969 2672
-3877 -1000 26
9080 4944 4046
6834 -7169 4810
3490 5572 846
5634 9757 2392
-4651 3807 4515
-7555 -3068 1504
-9289 -5603 1234
9625 5248 4464
-5985 4828 1741
-1732 -5329 103
1572 -6250 1212
7457 -5696 1946
5181 7795 3977
-3888 7149 3365
-7855 -7503 1656
-6025 -1337 4296
-3890 -625 2305
8231 2720 3749
-7067 -9544 3542
-2333 -1276 3609
-8600 -9705 4433
3798 -8528 2056
-973 -9627 2868
9828 -3515 883
4106 -1369 2831
-4089 6327 2395
-5352 -7563 4679
-2217 -5612 1509
-113 -2679 3292
538 8709 4051
5861 -6171 1515
-5067 7628 4729
-7970 -3346 2151
6923 -3518 2329
2684 -9413 4952
4663 219 3590
-4695 4867 2041
-957 -3629 4242
-4499 6258 1010
-7586 516 4083
1773 -3624 4917
-4854 1309 4722
9993 3340 1795
8933 3983 2409
-5643 387 2632
-7866 -4951 4119
6238 355 2518
2778 9398 3780
7427 -1381 3006
-603 1034 3737
-6203 -3473 935
-7974 1673 382
4162 5386 4135
6672 4318 1413
-615 8676 3098
-7316 -5470 3373
-76 -9233 4631
5751 7266 4254
-5773 8413 2400
6403 -2190 3711
9094 5328 3590
-1839 7354 2199
-1462 1515 1972
-305 1907 1409
-5165 -4988 1488
