200
-7865 7703 2560
6574 3412 3210
-9378 -4700 3932
2001 6798 1745
9656 -7149 3925
-6894 -5383 985
5867 -9375 529
-6945 -969 4757
-6043 -1263 4062
-3455 2107 4094
-8042 4242 198
6799 4537 3096
-7420 8880 2932
2212 880 1192
-3262 4256 3922
-5948 7362 3288
-6311 6950 1096
-5480 -9996 2198
2859 -2318 3048
-1872 4227 1784
-2994 6185 4428
-6413 2983 2600
3579 9284 1828
6313 1496 1125
2123 -8046 2334
4505 -3994 1323
-4776 3416 3694
-9710 7936 471
-5613 4515 1746
-5338 -7357 1052
3323 -351 3800
-6334 3236 1195
-1453 536 504
2306 -3152 4305
666 8971 4343
-6718 7196 2246
6981 -3860 2646
-2372 151 3775
8280 8259 391
-9666 -7080 2906
6617 9964 1765
2804 -6370 4871
-4306 2177 3966
-8411 -1797 3334
-1020 8870 518
-7955 -4128 4439
-8884 -7148 4736
7324 480 2506
1467 2480 1296
-9876 6536 4155
5146 3152 4216
9816 -324 2260
7722 9091 4534
-116 -9320 2866
-1106 3381 1083
-3126 5427 1519
-509 -9737 496
8249 7588 1707
-9123 -946 4678
8044 2899 4803
-8149 -1956 4485
-4377 -2141 2523
3024 -698 1464
-9957 9186 458
5266 -1920 2865
-643 8675 1676
6762 -1834 4136
-2982 135 593
-2246 1012 2118
-1589 -945 3157
-4396 4628 3911
9669 -9750 200
-6591 6995 543
-39 -9242 257
-9087 6024 4026
-1033 -899 3719
2448 -4138 3775
6192 2880 1633
-8757 -5646 2094
9070 2766 4158
-206 -7910 1978
2283 -8242 2474
-7370 -1112 2905
-7720 8849 4158
-8885 -6518 2744
-1970 2450 2451
7340 -5103 4795
1095 -5191 1625
-7575 -227 3293
-8953 2563 2182
2445 -7644 4446
-7810 8360 3218
5907 -9011 3723
338 -6731 2426
-4472 -1895 4782
-9537 9856 9
-9222 7196 1134
676 2011 2292
7175 4436 2723
-5693 5483 2248
1646 1648 4023
-8925 7559 1958
2263 7186 2605
6059 1245 3801
8704 -9507 4860
-1448 -9044 2101
-2872 -4545 596
8044 9853 471
3767 7027 3359
9264 -4946 2704
-8958 6701 1313
-1101 -8504 217
1393 7480 539
8598 3538 2886
2793 5963 1415
5093 -5486 223
-9032 5363 406
-9681 3406 4464
5401 894 373
-8803 3878 72
-3802 4920 3448
-3433 -6182 3594
-5506 8933 1431
9608 -8750 2978
-314 4043 4715
-9742 2856 3720
5508 3825 2705
2491 7865 4157
3048 3265 4014
4352 4463 1351
6989 -5619 3415
-6232 948 1934
2043 9163 3864
7798 -7509 457
-9190 5898 1867
9786 6156 655
-6726 1663 1219
-4154 -2125 3210
-8176 -5357 4395
-1304 8995 835
3166 9704 3882
2556 -6529 2552
5764 5515 2061
-8376 3312 1596
-1265 7843 1746
3610 7628 276
5062 -5378 2410
-3384 4189 3552
-6523 6014 2222
-118 -1570 1088
4470 -8404 4277
-2841 4152 2534
4517 3636 3507
-8964 8981 2275
48 -2285 3167
4957 -4954 897
9742 -9893 1888
9911 444 2492
1675 3921 3218
-1918 -2477 1727
-2796 -8008 2072
-3970 2872 1316
2048 -2612 4096
3580 -1575 4275
2144 8473 2309
-1450 7150 1417
-3696 -9389 2253
2401 -5757 2388
2686 5918 30
-1015 -2279 4575
7435 8646 3207
-2520 -1604 4809
5398 -9557 3282
3230 4023 688
3763 -113 4974
-4269 -7843 1533
-3533 2182 1993
1030 -5418 3762
-3963 7269 1743
8687 -3747 3158
-7421 -2592 4094
-1536 4888 1530
942 285 297
-9192 -2765 1603
5378 -5282 1372
5862 4170 472
-227 -9364 3449
-1983 1667 3540
504 -8576 942
2630 -6169 2520
-7525 -3590 1352
4688 8596 4509
5297 -463 4658
-9931 345 2246
8865 -556 4251
1268 -974 1630
-4171 -7481 2150
2572 537 769
-6104 -5239 3522
9932 7391 1789
