200
3517 108 2233
2288 496 2929
-2241 9914 1041
-5063 -4485 3050
-2600 -7832 122
-294 8009 4911
7014 6216 1048
9126 1227 1271
-4535 -8577 1375
475 2576 4513
-8768 -187 4538
4929 -4179 799
3621 7301 3144
9516 -7762 3007
6788 -362 1816
987 9344 4808
-9854 -9922 1309
8022 9204 3113
-9610 -5332 3602
-4907 8865 2867
-1497 -9904 1984
-7980 5025 1315
-246 2366 2341
7402 5602 84
4286 6110 3260
3337 -2903 804
4118 964 2963
4835 2706 1393
-3221 3096 4944
-9855 -8090 863
3530 413 4187
3007 2433 4852
-7975 -7814 788
-5377 9589 1681
6902 3874 1934
8817 931 3019
-9925 -1230 3495
-4867 -6396 3465
3116 383 1495
-4234 4250 3016
7281 -2221 4836
2612 -5494 2844
-3312 -3469 543
3131 4876 4723
5176 1777 4743
7051 593 2418
-3978 4390 260
-322 -6757 4577
-3961 6359 1184
9217 -7876 2332
4305 -6875 3591
-6475 5737 591
-8542 -3854 1000
-981 9277 4861
6168 8173 4554
-9090 5223 2394
-9696 -5035 2833
-5252 4643 1537
6517 -5598 4897
8668 -2660 4210
8790 -4635 3984
411 -1110 4759
-7183 4069 4089
-4524 -6913 2761
-3269 -7025 1105
6042 -6115 3756
9667 -5810 2382
-8600 2659 3179
-3622 2896 4613
-6006 5284 3177
1176 7794 3239
7762 -1796 986
-9916 4743 2911
2274 -6061 906
-6260 671 1047
7100 -3288 3074
-598 99 4406
-3330 5221 1654
8582 -8402 4394
-7664 -687 1514
-290 -9512 3992
-3831 8251 1772
1518 -7945 1795
936 8051 1412
7163 -4489 1836
-3636 -7390 1268
-6829 5733 2100
-5831 -7597 1222
-4734 -5295 3818
9260 -2959 4783
-1464 -9529 1032
5606 361 3843
880 -4401 2030
-5383 -9744 3330
-7706 7419 1855
641 -2497 61
-579 674 3056
-7979 8564 1868
-159 -6170 2380
-7020 -3190 556
-846 5346 4572
5816 951 2666
-5552 -4448 2175
8857 169 1010
1316 2463 1428
-715 -3175 4475
3586 9967 929
3619 -8013 3842
6055 5550 2573
-3084 -7750 1515
-1461 5125 2181
633 940 4915
-6913 9109 135
-5139 -8314 987
-6829 3002 1588
-3660 -7714 3772
3292 5872 2454
8359 -510 2439
-8012 -735 3595
-551 6181 2443
-2561 -5281 2415
-9225 9073 892
-4938 -7841 1718
8622 -2979 977
-7651 3913 4295
-7739 -9748 2582
-1002 7265 4548
9423 5623 950
1834 7612 2305
9795 781 3694
3726 -8060 674
-7218 -7285 2814
-3500 1498 4133
3047 3840 1804
-5000 6190 1837
-3766 8451 3363
3475 1170 4506
-9692 592 3896
6633 -7575 376
-4058 -4060 1518
1432 9666 1541
-917 -3831 3976
-7914 6390 3739
-9031 3157 962
4315 8157 4337
7852 -1889 4099
-4639 -4694 3074
3857 -4385 1012
-8304 -7753 3055
-2854 1910 1445
-6623 -6659 4976
-4731 2425 1063
3597 8232 597
7144 -7079 295
810 7236 3837
-5615 5087 4165
-9868 -5832 1565
-2951 -8254 2879
-1722 -6558 1761
5653 588 515
-4754 7686 4186
-8053 -3325 2096
-5184 -9728 1114
-2204 7416 2668
-2348 1946 4913
-614 6332 1037
9230 -9816 4403
4380 955 4515
5145 -7047 1621
-4402 8607 2448
-5760 -2427 2163
-55 -480 8
1794 8058 1312
1875 -426 3461
4876 -9054 119
8834 332 624
-8403 -438 426
-1470 -6059 1245
7209 -7193 1796
3050 -1595 1486
9480 6367 407
-2685 32 4885
-8175 -8175 3688
6609 7421 4708
2528 6018 944
6672 4851 1231
-5411 6448 2439
6412 -1301 3428
5468 -4093 1131
-8803 -7322 4604
-4466 -4122 3418
7444 3193 4054
-7407 5018 1312
-4199 5347 4952
-7698 -2126 3995
6030 -1733 4705
-6190 2856 3119
-5128 2988 3638
-3845 2176 2128
7687 3373 210
