200
2293 -1526 889
-9099 -5916 4089
-7458 8260 2600
-5504 -3637 2921
7856 -5391 581
7406 8695 259
-4467 -6884 1928
-5279 -3153 4758
-5076 7161 3861
-9268 1255 2537
5489 -2732 2094
-4033 -1831 1284
2853 4432 4043
8695 8928 40
2991 -9497 4047
4475 -8371 3891
1490 -2837 991
-5683 5605 3358
-8565 -9471 237
-8389 -5018 781
-1642 -5809 4931
1020 159 620
4046 -3268 2442
-7228 -4574 3718
7862 8417 192
-8720 2891 4340
835 -1899 1639
9785 2418 3184
-6977 7574 1585
9702 9186 2925
1355 1264 3731
276 -7716 3538
7366 -9950 1434
-7393 -7178 1372
-3224 -5596 3974
1449 -595 3470
7752 -9761 4172
4937 -6256 3953
1448 -3233 1624
-1512 189 4695
4232 -8457 702
-5834 1819 3089
-2020 2905 844
-7754 5512 1657
8219 -7712 567
-9951 7458 4324
1050 8930 4114
7593 7588 4983
2833 -965 2586
3089 7524 1213
2529 1755 3942
-6767 9642 4757
9943 1342 2927
-9578 3588 3595
-6276 5528 4128
5151 5577 4717
5982 347 1052
-9228 -2061 2477
3029 -5507 4471
-1669 -8698 1321
-8737 3831 4600
2019 -9215 2094
-7965 -9273 988
-5044 -5129 2715
-6612 -1405 3647
-2170 -6254 461
3450 -6552 1626
7999 -2058 1314
-9865 -9030 4828
1307 3022 3792
-2557 4285 4252
1613 25 558
-7135 2060 3502
-4541 7016 3926
-4639 -5876 3486
-5488 5675 453
-7041 -876 2798
1754 -2877 2337
5929 979 405
-1683 -3994 3235
8287 3449 3391
-4193 -1218 1167
4114 1647 2671
-3132 -9174 4477
-1786 -92 4236
4434 4420 3370
1842 -8900 4301
-1023 6575 3079
7775 2503 2181
-2458 -9181 2429
331 -7174 1495
1125 2354 2626
-8056 188 619
-5178 -9224 109
-1563 -1010 162
6176 -2855 778
-6691 8987 2416
9568 -2037 3054
-3331 -542 357
-1530 -9280 4152
6277 4772 3230
7532 -4104 4546
-2432 -2160 955
2972 6384 2308
-7078 -5180 3884
-7219 -5284 2815
7060 -1975 906
6159 -2407 2306
-1889 7983 4351
-9993 -3547 149
2723 -7271 230
1985 -9739 688
-6400 1550 2691
-4596 -1757 3908
1706 1165 168
-3003 3946 2058
-567 4726 4299
855 884 3488
-6040 -7285 1759
244 -7278 3587
7248 9166 456
9023 1150 2509
4135 4751 2371
7088 -6125 2011
6424 5581 2889
-5700 -7423 168
6893 2010 4623
7511 -3415 1375
-559 4266 3475
-6925 -5491 1281
-6838 -8244 3942
-4021 -5501 1041
2777 8635 3474
4846 9443 843
-8564 9588 1809
-3366 -2392 1605
-4223 -5499 1695
-6634 -4268 2982
5561 8894 4125
471 -8031 824
1824 -4869 525
2342 4831 2511
-2269 -2392 1119
7871 -3826 4039
5607 -2389 2881
-1077 7966 1460
-5184 -2537 4538
6441 829 61
8372 -3610 573
4568 -9419 1479
5273 2405 1365
7735 -1533 4744
2138 9920 67
-4826 -8490 3760
-8626 7117 2834
7162 -3961 1529
-5722 4577 3660
5895 1017 1554
6965 3109 1584
6928 -2324 2225
-7420 -7051 1109
7085 -5596 2177
-3580 6542 1470
-2916 -4563 165
3923 -3189 1399
2092 -2306 1038
-1773 1972 4333
1824 1587 4330
3692 -1449 364
-8051 -4522 205
4509 -1942 1030
9473 -1136 4715
-9655 5284 121
-8864 -7632 2016
-6562 6291 2142
-3422 -1618 2026
9478 -9671 832
-3047 2154 1745
-4555 -434 1179
-5512 1516 1056
-2513 -3976 1504
7155 -782 238
1227 -437 2001
-8159 4420 4564
-8388 7859 1686
-1805 -5564 1201
-7529 -2366 2340
2440 4587 3764
7717 -6248 2026
-2177 -1759 60
849 5728 90
-8067 6603 3225
-8119 1551 4345
-9166 3392 4920
-7846 5004 1465
-6514 -3080 379
6921 -609 4051
684 -4448 3165
6602 -6732 3402
5806 4812 126
