10
29
737709106 600279048 790244974 483031419 181279082 15731081 899763116 478004097 33243587 181279082 153380496 899763116 610860399 205851835 153380496 790244974 899763116 15731081 638827079 711828655 767661660 425757126 668901197 778933287 790244974 965331183 910208077 965331183 551605422
12
288190068 537655880 836782562 288190068 59055855 59055855 288190068 308822171 308822171 836782562 836782562 836782562
2
702680361 702680361
39
30924753 405889705 611261761 290319952 422915947 213561268 366206487 769931414 187250187 772320121 498408070 436624280 153927410 436624280 718091322 880543774 675876317 213561268 30924753 611261761 933029416 153927410 933029416 933029416 290319952 4655115 718091322 429427002 880543774 844370146 347156320 16016325 124114720 999862912 347156320 959018280 347156320 30924753 838518851
2
291291732 117559520
30
701528627 861319612 23615901 701528627 983448592 200110953 13701037 360010078 701528627 164679495 947012206 23615901 698265012 947012206 128170365 861319612 928145481 250262403 654458601 912569768 654458601 325631427 861319612 701528627 13701037 325631427 812670083 23615901 13701037 164679495
10
362649215 643311564 771031214 362649215 362649215 413319277 771031214 771031214 771031214 509789886
9
223817057 409547356 409547356 584409986 140330716 223817057 625085181 409547356 584409986
44
201901646 634564076 228288552 253992526 201901646 311431275 228288552 557686579 253992526 198946356 256751189 311431275 938321290 311431275 795624164 198946356 162371172 443062715 665639975 184785809 551905140 530151767 680467195 184785809 311431275 443062715 938321290 198946356 665639975 227123061 680467195 862960758 680467195 795624164 557686579 35630610 557686579 725806642 557686579 680467195 66157276 995240082 305776076 640446100
13
46263500 616713719 24867416 46263500 242019151 616713719 845179769 36544411 464122394 516198227 516198227 46263500 36544411
