50
19
0111101111110111111
1011010111111111111
1101111011111111111
1110111111111111001
1011010111111111111
0111101110111111111
1011010111111111111
1101111011011111111
1111111101111101111
1111101110110111111
1111111011011111111
1111111111101111001
0111111110110111111
1111111111111001111
1111111101111001111
1111111111111110110
1110111111101111011
1110111111101111101
1111111111111110110
26
01111111111110111111111011
10111111111011111110111111
11011011111111111011111111
11101111111111111101101111
11110101111111111111110111
11011011011111111111111111
11110101111111111111111111
11111110111111011111111101
11111011011111111011111111
11111111101111011111111101
11111111110111101111011111
10111111111011111110111111
11111111111101110111111111
01111111111110111111111111
11111110101111011111111111
11111111110111101111111110
11111111111101110111111111
11011111011111111011111111
11101111111111111101101111
10111111111011111110111111
11111111110111111111011110
11101111111111111101101111
11110111111111111111110111
01111111111111111111111011
11111110101111111111111101
11111111111111101111011110
37
0111110111111111111111111111111011111
1011111110111111111011111111111111111
1101110111111111111111111111111011111
1110111111111111011110111111111111111
1111011111111111101111111111111111110
1111101111111110111111111111111111111
0101110111111111111111111111111111111
1111111011110111111111111011111111111
1111111101111111111111110111111101111
1011111110111111111111111111111111111
1111111111011111110111111111111111111
1111111111101110111111111111111111111
1111111011110111111111111101111111111
1111111111111011101111111111111111110
1111111111111101111111111111110111111
1111101111101110111111111111111111111
1110111111111111011111111111101111111
1111011111111011101111111111111111111
1111111111011111110111111111111111111
1011111111111111111011111111111111111
1111111111111111111101011110111111111
1110111111111111111110111111101111111
1111111111111111111101011110111111111
1111111111111111111111101111011110111
1111111101111111111111110111111101111
1111111011111111111111111001111111111
1111111111110111111111111001111111111
1111111111111111111101011110111111111
1111111111111111111111101111011110111
1111111111111111011110111111101111111
1111111111111101111111111111110111111
0101111111111111111111111111111011111
1111111101111111111111110111111101111
1111111111111111111111101111011110111
1111111111111111111111111111111111001
1111111111111111111111111111111111001
1111011111111011111111111111111111110
15
010111111110111
101111111111101
010111111110111
111011011111011
111101111111101
111110111001111
111011011111111
111111101111110
111111110001111
111110110011111
111110110101111
010111111110111
111011111111011
101101111111101
111111101111110
48
011111111111111111111111111110101111111111111111
101111111111111111111111111111111111111101111111
110111111111111111111111111011111111111111111011
111011111111111111111111111111110111111111111101
111101111111111111101111111111111110111111111111
111110110111111111111111111111011111111111111111
111111011111111111111101111111111111111111011111
111111101111111011111111111101111111111111111111
111110110111111111011111111111111111111111111111
111111111011111111111111011111111111111111111111
111111111101101111111111111111111111111111101111
111111111110110111111111111111111111111111110111
111111111111011111111111111111111011111111111101
111111111101101111111111111111111111111111110111
111111111110110111111111111111111111111111101111
111111101111111011111111111111111111101111111111
111111111111111101101111111111111111111111111110
111111111111111110111110111101111111111111111111
111111110111111111011111111111111111111011111111
111101111111111101101111111111111111111111111111
111111111111111111110111111111111111110111111111
111111111111111111111011111111111101111111111111
111111011111111111111101111111111111111111111111
111111111111111110111110111111111111101111111111
111111111011111111111111011111111111111111111111
111111111111111111111111101111011111111011111111
111111111111111111111111110111111110111111111110
110111111111111111111111111011101111111111111111
111111101111111110111111111101111111111111111111
011111111111111111111111111110111111111111111011
111110111111111111111111101111011111111111111111
011111111111111111111111111011101111111111111111
111011111111111111111111111111110111011111111111
111111111111011111111111111111111011011111111111
111111111111111111111011111111111101111111111111
111101111111111111111111110111111110111111111111
111111111111111111111111111111110011011111111111
111111111111111011111110111111111111101111111111
111111111111111111110111111111111111110110111111
111111111111111111011111101111111111111011111111
101111111111111111111111111111111111111101111111
111111111111111111111111111111111111110110111111
111111011111111111111111111111111111111111011111
111111111101110111111111111111111111111111101111
111111111110101111111111111111111111111111110111
110111111111111111111111111110111111111111111011
111011111111011111111111111111111111111111111101
111111111111111101111111110111111111111111111110
35
01111011111111111101111111111111111
10111110111111111111111111111111111
11011111111111111111111111011111111
11101111101111111111011111111111111
11110111011111111111111111111111011
01111011111111111101111111111111111
11111101111111111111111111110110111
10111110111111111111111111111111111
11110111010111111111111111111111111
11101111101110111111111111111111111
11111111010111110111111111111111111
11111111111011111111111101111111111
11111111111101111111111011111101111
11111111101110011111111111111111111
11111111111110011111011111111111111
11111111111111101111111011111101111
11111111110111110111111111111111011
11111111111111111011110111101111111
01111011111111111101111111111111111
11111111111111111110101111111011111
11101111111111011111011111111111111
11111111111111111110101111111011111
11111111111111111011110111101111111
11111111111101101111111011111111111
11111111111011111111111101111111101
11111111111111111111111110110110111
11011111111111111111111111011111110
11111111111111111011110111101111111
11111101111111111111111110110111111
11111111111111111110101111111011111
11111111111101101111111111111101111
11111101111111111111111110111110111
11110111111111110111111111111111011
11111111111111111111111101111111101
11111111111111111111111111011111110
14
01111001111111
10011110111111
10011111110111
11101111011111
11110110111101
01111011111111
01111101111111
10110110111111
11101111011111
11111111101011
11011111110101
11111111101010
11110111110101
11111111111010
17
01101111111110111
10111111110111111
11011111011111110
01101111101111111
11110011111111111
11110011111111111
11111101111111011
11111110111111101
11011111011111110
11101111101110111
10111111110011111
11111111110011111
11111111111101011
01111111101110111
11111101111101011
11111110111111101
11011111011111110
8
00111011
00111111
11010111
11101101
11010110
01111011
11101101
11110110
25
0011111111111011111111111
0011111111111101111111111
1101111111011111111111111
1110101111111111111111111
1111011111111110111111111
1110101111111111111011111
1111110111111111111110110
1111111011111111011111101
1111111100111111111111011
1111111100110111111111111
1101111111011111101111111
1111111111101111110111111
1111111110110111111111011
0111111111111001111111111
1011111111111001111111111
1111011111111110111111111
1111111011111111011111111
1111111111011111101101111
1111111111101111110111101
1111101111111111111011111
1111111111111111101101111
1111110111111111111110110
1111111101110111111111011
1111111011111111110111101
1111110111111111111110110
32
01011111011111111111111111111111
10111101111111111111111111011111
01011111011111111111111111111111
11101111111011111111111111111110
11110111111111111110111111111111
11111011101111011111111111111111
10111101111111111111111111101111
11111110111111111111011111111111
01011111011111111111111111111111
11111011101110111111111111111111
11111111110111111111111110110111
11101111111011110111111111111111
11111111111101111011111111111011
11111111101110011111111111111111
11111011111110011111111111111111
11111111111111101110111111111111
11111111111011110111111111111110
11111111111101111011111111111011
11111111111111111101001111111111
11110111111111101110111111111111
11111110111111111101011111111111
11111111111111111101101111111111
11111111111111111111110111111101
11111111111111111111111010111111
11111111111111111111111101110111
11111111110111111111111010111111
10111111111111111111111111001111
11111101111111111111111111001111
11111111110111111111111101110111
11111111111101111011111111111011
11111111111111111111110111111101
11101111111111110111111111111110
43
0111111111101111111111111111111110111111111
1011111111011111111111111111111101111111111
1101111111111101111111111111111111111111101
1110111111111111110111111111111111110111111
1111011111111110111111111111111111111111111
1111101111111111111111111111111111111111011
1111110111111111110111111111111111110111111
1111111011111111111011111101111111111111111
1111111101111111111111111110111111111111110
1111111110111111111111101111111111111111111
1011111111011111111111111111111101111111111
0111111111101111111111111111111011111111111
1111111111110111111111111111111111111110111
1111111111111011011111111111111111011111111
1101111111111101111111111111111111111111101
1111011111111110111111101111111111111111111
1111111111111011011111111111111111111101111
1111111111111111101101111111111111111111111
1110110111111111110111111111111111111111111
1111111011111111111011111111111111111011111
1111111111111111101101111111101111111111111
1111111111111111111110111111110111111111111
1111111111111111111111011111011111111111111
1111111110111110111111101111111111111111111
1111111111111111111111110011111111111111111
1111111111111111111111110011111111101111111
1111111011111111111111111101111111111011111
1111111101111111111111111110111111111111110
1111111111111111111111011111011111111111111
1111111111111111111101111111101111111111111
1111111111111111111110111111110111111111111
1111111111101111111111111111111010111111111
1011111111011111111111111111111101111111111
0111111111111111111111111111111010111111111
1111111111111011111111111111111111011101111
1111111111111111111111111011111111101111011
1110110111111111111111111111111111110111111
1111111111111111111011111101111111111011111
1111111111111111011111111111111111011101111
1111111111110111111111111111111111111110111
1111101111111111111111111111111111101111011
1101111111111101111111111111111111111111101
1111111101111111111111111110111111111111110
21
011111011111111101111
101111011111111111111
110111110111111111111
111011111011111111011
111101111110011111111
111110111111111110111
001111011111111111111
111111101111110111111
110111110111111110111
111011111011111111011
111111111101110111111
111101111110111111110
111101111111011111110
111111111111101101111
111111101101110111111
111111111111111011101
011111111111101101111
111110110111111110111
111011111011111111011
111111111111111011101
111111111110011111110
41
01111111111111111111111111101111111101111
10111111111110111111111111111111111111111
11011110111111111111111111111111111101111
11101111111111011111111101111111111111111
11110101111111111111111111111111110111111
11111001111111110111111111111111111111111
11110001111111111111111111111111111111111
11011110111111111111111111101111111111111
11111111011111111111111111111110111011111
11111111101111111110111111111111111111111
11111111110111111101111111111111111111111
11111111111011111111110111111111011111111
11111111111101101111111111111111111111111
10111111111110111111111111111111101111111
11101111111111011011111111111111111111111
11111111111101101111111111111011111111111
11111011111111110111111111111111110111111
11111111111111011011111101111111111111111
11111111110111111101111111111111111111111
11111111101111111110111110111111111111111
11111111111111111111001111111111111111110
11111111111111111111001111111111111111110
11111111111011111111110111111111011111111
11111111111111111111111011111011111111111
11101111111111111011111101111111111111111
11111111111111111110111110111111111110111
11111111111111111111111111010101111111111
01111110111111111111111111101111111111111
11111111111111111111111111010101111111111
11111111111111101111111011111011111111111
11111111111111111111111111010101111111111
11111111011111111111111111111110111111011
11111111111011111111110111111111011111111
11111111111110111111111111111111101111111
11110111111111110111111111111111110111111
11111111011111111111111111111111111011011
01011111111111111111111111111111111101111
11111111111111111111111110111111111110101
11111111111111111111111111111110111011011
11111111111111111111111111111111111110101
11111111111111111111001111111111111111110
20
01111111101101111111
10111011111111011111
11011110011111111111
11101111110111111111
11110111111111110111
10111011111111111111
11111101110110111111
11011110111111111111
11011111011111101111
01111111101011111111
11101101110111111111
11111111101011111110
01111111111101111101
11111101111110111111
10111111111111011111
11111111011111101011
11110111111111110111
11111111111111101011
11111111111101111100
11111111111011111100
23
01111111111111111011111
10111001111111111111111
11011111111110111111111
11101111111011110111111
11110111111111111110111
10111011110111111111111
10111101110111111111111
11111110101111011111111
11111111011111110111011
11111110101111011111111
11111001110111111111111
11101111111011111111111
11111111111100111111101
11011111111100111111111
11111110101111011111111
11111111111111101011111
11101111011111110111111
01111111111111101011111
11111111111111111101110
11110111111111111110111
11111111011111111111011
11111111111101111111101
11111111111111111101110
14
01011111111111
10111111111110
01011111110111
11101110111111
11110111111110
11111001110111
11111001111111
11101110111111
11111111011011
11111111101101
11011011110111
11111111011001
11111111101001
10110111111110
24
011111111101111110111111
101111111111111111111101
110100111111111111111111
111011111111101111111111
110101011111111111111111
110110011111111111111111
111100011111111111111111
111111101111111011101111
111111110111111111110111
111111111010111111111110
011111111101011111111111
111111111010111111111111
111111111101011110111111
111011111111101111011111
111111111111110111110111
111111101111111011101111
111111111111111101111011
011111111111011110111111
111111111111101111011111
111111101111111011101111
111111110111110111110111
111111111111111101111011
101111111111111111111101
111111111011111111111110
31
0111111111111111110111111111111
1011111111111111111111101111111
1101111111111111111111110111111
1110111111111110111111111111111
1111011111111111011111111111110
1111101111101111111111111101111
1111110011111111111111111111101
1111110011110111111111111111111
1111111100111111111111111111111
1111111100111111111110111111111
1111111111011011111101111111111
1111101111101111111111111101111
1111111011110111111111111111101
1111111111011011111111111011111
1111111111111101111111101111111
1110111111111110111111111111111
1111011111111111001111111111111
1111111111111111001111111111110
0111111111111111110111011111111
1111111111111111111011111110011
1111111111011111111101111011111
1111111110111111111110111111111
1111111111111111110111011111111
1011111111111101111111101111111
1101111111111111111111110111111
1111111111111011111101111011111
1111101111101111111111111101111
1111111111111111111011111110011
1111111111111111111011111110011
1111110111110111111111111111101
1111011111111111101111111111110
42
011111111101111111111111111111111111111111
101111111111111111111101111111111111111111
110111111111111111111110111111111111111111
111001111111111111111111111111111111111101
111001111111011111111111111111111111111111
111110111110111111111111111111101111111111
111111011111111101111111111111111101111111
111111101111110111111111111111111011111111
111111110111111111111011111101111111111111
111111111011111111111111110111111111011111
011111111101111111111111111111111111110111
111110111110111111111111111111101111111111
111101111111011111111111111111111111111101
111111111111101111101111111111111111111110
111111101111110111111111111111111011111111
111111111111111011101111111111111111111110
111111011111111101111111111011111111111111
111111111111111110111111011111111111111111
111111111111111111011111111110111111111111
111111111111101011101111111111111111111111
111111111111111111110111110111111111011111
111111110111111111111011111111111111111111
101111111111111111111101111111111111111111
110111111111111111111110111111111111111111
111111111111111110111111011111111111111111
111111111111111111111111101111011111111011
111111111011111111110111110111111111111111
111111111111111101111111111011111101111111
111111110111111111111111111101111111111111
111111111111111111011111111110111111111111
111111111111111111111111101111011111111011
111110111110111111111111111111101111111111
111111111111111111111111111111110110111111
111111101111110111111111111111111011111111
111111011111111111111111111011111101111111
111111111111111111111111111111110110101111
111111111011111111110111111111111111011111
111111111111111111111111111111111110101111
111111111101111111111111111111111111110111
111111111111111111111111101111011111111011
111011111111011111111111111111111111111101
111111111111101011111111111111111111111110
20
00111111111111101111
00111111011111111111
11011101111111111111
11101110111111111111
11110101111111111111
11111011111111011111
11010101111111111111
11101110111111111011
10111111011111101111
11111111101110111111
11111111110101111110
11111111111011111101
11111111110101111110
11111111101110110111
11111011111111011111
01111111011111101111
11111111111110110111
11111110111111111011
11111111111011111101
11111111110101111110
40
0111111111111111111011111111111011111111
1011111111111111111111111101111111111101
1101111111111111111111111111111101111111
1110111111111101111110111111111111111111
1111011111111111111111111011111111111111
1111101111111111110111110111111111111111
1111110111111111011111111111110111111111
1111111011111110111111111111111111111111
1111111101101111111111111111111111101111
1111111110111011111111111111111111111111
1111111111011111111111111101111111111101
1111111101101111111111111111111111101111
1111111111110111111111011111011111111111
1111111110111011111111111111111111111110
1110111111111101111110111111111111111111
1111111011111110111111111111111111111111
1111110111111111011111111111110111111111
1111111111111111101111111110111111111111
1111101111111111110111111111111111111011
0111111111111111111001111111111111111111
1111111111111111111001111111111110111111
1110111111111101111110111111111111111111
1111111111110111111111011111111111011111
1111111111111111111111101111111101111111
1111101111111111111111110111111111111011
1111011111111111111111111011101111111111
1011111111011111111111111101111111111111
1111111111111111101111111110111111111111
1111111111110111111111111111011111110111
1111111111111111111111111011101111111111
1111110111111111011111111111110111111111
0111111111111111111111111111111010111111
1101111111111111111111101111111101111111
1111111111111111111101111111111010111111
1111111111111111111111011111111111010111
1111111101101111111111111111111111101111
1111111111111111111111111111011111010111
1111111111111111110111110111111111111011
1011111111011111111111111111111111111101
1111111111111011111111111111111111111110
19
0111100111111111111
1011111101111101111
1101101111011111111
1110111110111111111
1111011111111111110
0101101111111111111
0111110111111110111
1111111011100111111
1011111101111111111
1110111110111111111
1101111111011110111
1111111011101111111
1111111011110111111
1111111111111011011
1011111111111101111
1111110111011110111
1111111111111011011
1111111111111111100
1111011111111111100
22
0111111111111111011111
1011101111111111111111
1101111111111111101111
1110111110111110111111
1111011111011111111111
1011101111111111111111
1111110111111011111111
1111111001111111111011
1111111001111111111111
1110111110111110111111
1111011111011111111111
1111111111100101111111
1111111111100111111110
1111110111111011110111
1111111111101101111110
1110111110111110111111
0111111111111111011111
1101111111111111101101
1111111111111011110111
1111111011111111111011
1111111111111111101101
1111111111110101111110
13
0111011111111
1001111111111
1001111111110
1110011111111
0110011111111
1111101101111
1111110011111
1111110011111
1111101101111
1111111110001
1111111110011
1111111110101
1101111111110
40
0111111111111111111011111111111111111111
1011110111111110111111111111111111111111
1101111111111111011111101111111111111111
1110111111110111111111111111111111111111
1111011111111111111110111111111111111111
1111101111111111111111111111111111100111
1011110111111111111111111111111111111110
1111111011111111111111011111011111111111
1111111101111111110111111111101111111111
1111111110111111111111111111111101111101
1111111111011111011111111111111111111111
1111111111100111111111111111111110111111
1110111111100111111111111111111111111111
1111111111111011111111011111111111111111
1111111111111101111111110111111111111111
1011111111111110111111111111111111111110
1101111111011111011111111111111111111111
1111111111111111101111111011111111111111
1111111101111111110111111111101111111111
0111111111111111111011111111111111111111
1111111111111111111101111111111111100111
1111011111111111111110111111111111111011
1111111011111011111111011111111111111111
1101111111111111111111101111111111111111
1111111111111101111111110101111111111111
1111111111111111101111111011111111111111
1111111111111111111111110101111111111111
1111111111111111111111111110110111011111
1111111011111111111111111111011111111111
1111111101111111110111111111101111111111
1111111111111111111111111110110111111111
1111111111111111111111111111111011011111
1111111110111111111111111111111101111111
1111111111101111111111111111111110111111
1111111111111111111111111110111011011111
1111101111111111111101111111111111101111
1111101111111111111101111111111111110111
1111111111111111111110111111111111111011
1111111110111111111111111111111111111101
1111110111111110111111111111111111111110
47
01111111111111111111111111111111111111111011111
10111111111111111111010111111111111111111111111
11011111111111110111111111111111111111111111111
11101111111111101111111101111111111111111111111
11110111111111111111111111111111111101011111111
11111011111111111111110111111111111111111111111
11111101111111011101111111111111111111111111111
11111110111110111111111011111111111111111111111
11111111011111111111111111111111111111101111111
11111111101111111111111110111111110111111111111
11111111110111111011111111111111111111110111111
11111111111011111111111111111011111111111111110
11111111111101111111111111111111111111111111011
11111110111110111111111111111111111111111111111
11111101111111011111111111110111111111111111111
11101111111111101111111101111111111111111111111
11011111111111110111111111111111111111111111111
11111111110111111011111111111111111111111101111
11111101111111111101111111111111111111111111111
11111111111111111110111111111111011111111111111
10111111111111111111011111111111111111111111111
11111111111111111111101111111111001111111111111
10111011111111111111110111111111111111111111111
11111110111111111111111011111111111111111111111
11101111111111101111111101111111111111111111111
11111111101111111111111110111111110111111111111
11111111111111111111111111011111111111111011111
11111111111111111111111111101011111111111111111
11111111111111011111111111110111111111111111111
11111111111011111111111111101011111111111111111
11111111111111111111111111111100111111111111101
11111111111111111111111111111100111111111110111
11111111111111111110101111111111011111111111111
11111111111111111111101111111111101111111111111
11111111101111111111111110111111110111111111111
11111111111111111111111111111111111011101111111
11110111111111111111111111111111111100111111111
11111111111111111111111111111111111100011111111
11110111111111111111111111111111111110011111111
11111111011111111111111111111111111011101111111
11111111110111111111111111111111111111110101111
01111111111111111111111111011111111111111011111
11111111111111111011111111111111111111110101111
11111111111111111111111111111110111111111110101
11111111111101111111111111111111111111111111011
11111111111111111111111111111101111111111110101
11111111111011111111111111111111111111111111110
36
011111111101111111111111011111111111
101111111111111111111111111111111101
110111111111111111111011111011111111
111011111111111111011111111101111111
111101111111111011111111111111111111
111110110111111111111101111111111111
111111001111111111111111111111111111
111111001111111111111111111111111011
111110110111111111111111111110111111
111111111011101111111110111111111111
011111111100111111111111111111111111
111111111100111111111111111111111111
111111111111011111111011111011111111
111111111011101111111110111111111111
111111111111110101111111111111011111
111101111111111011111111111111111111
111111111111110101111111111111111111
111111111111111110111111101111101111
111011111111111111011111111111111111
111111111111111111101111111111111110
111111111111111111110111111111111110
110111111111011111111011111111111111
111110111111111111111101111111111111
111111111011101111111110111111111111
011111111111111111111111011111111111
111111111111111110111111101111111111
111111111111111111111111110101111111
110111111111011111111111111011111111
111011111111111111111111110101111111
111111110111111111111111111110111111
111111111111110111111111111111011111
111111111111111110111111111111101111
111111111111111111111111111111110011
111111101111111111111111111111110011
101111111111111111111111111111111101
111111111111111111100111111111111110
35
01111111011011111111111111111111111
10111111011111111111111111111111111
11011111111111111111111110111111111
11101101111111111111111111111111111
11110111101111111111111111111111111
11111011111111111111110111111111111
11101101111111111111111111111101111
11111110111111111111111101111111111
00111111011111111111111111111111111
11110111101111111110111111111111111
11111111110111111101111111111011111
01111111111011111111111111111111111
11111111111101111111111111111101111
11111111111110101011111111111111111
11111111111111011111111111001111111
11111111111110100111111111111111111
11111111111111100111101111111111111
11111111111110111011111011111111111
11111111110111111101111111111111111
11111111101111111110011111111111111
11111111111111111110011111111111111
11111111111111110111101011111111111
11111011111111111111110111111110111
11111111111111111011101011111111111
11111110111111111111111101111111111
11011111111111111111111110111111110
11111111111111011111111111011111111
11111111111111011111111111101111011
11111111111111111111111111110111101
11111111110111111111111111111011111
11111101111101111111111111111101111
11111111111111111111110111111110111
11111111111111111111111111101111011
11111111111111111111111111110111101
11111111111111111111111110111111110
38
01111111111101111011111111111111111111
10111111111111111111111111111111111011
11011101111111111111111111111111111111
11101111111111111111111011111111101111
11110111111111111111111110111111111111
11111011111111111110111111011111111111
11011101111111111111111111111111111111
11111110111111111111111111111111011111
11111111011111101111111111111111111111
11111111101111111111111111111110111111
11111111110111110111111111111111111111
11111111111011111111101111111111111111
01111111111101111011111111111111111111
11111111111110111111111111111111111110
11111111111111011111111101111111111111
11111111011111101111111111111110111111
11111111110111110111111111111111111111
01111111111101111011111111111111111111
11111111111111111101111111110111111111
11111011111111111110110111111111111111
11111111111111111111011110111111111111
11111111111011111111101111111111111101
11111111111111111110110111111111111111
11101111111111111111111011111101111111
11111111111111011111111101101111111111
11110111111111111111011110111111111111
11111011111111111111111111011111111111
11111111111111111111111101101111111111
11111111111111111101111111110111111011
11111111111111111111111111111011110111
11111111111111111111111011111101101111
11111111101111101111111111111110111111
11111110111111111111111111111111011110
11101111111111111111111111111101101111
11111111111111111111111111111011110111
10111111111111111111111111110111111011
11111111111111111111101111111111111101
11111111111110111111111111111111011110
29
01111111111111111111111111110
10011111011111111111111111111
10011111111111111111111111111
11101111111111111011111111111
11110110111111101111111111111
11111011111111011111111011111
11111101111101111111111111111
11110110111111111111111111111
10111111011111110111111111111
11111111100111111111111111111
11111111100111111110111111111
11111111111011101111111111111
11111101111101111111111111111
11111111111110111111111011111
11111011111111011111111111111
11110111111011101111111111111
11111111011111110111111111111
11101111111111111011111110111
11111111111111111101011111111
11111111110111111110111111111
11111111111111111101011111111
11111111111111111111101101110
11111111111111111111110111011
11111011111110111111111011111
11111111111111111111101101111
11111111111111111011111110111
11111111111111111111110111001
11111111111111111111111111001
01111111111111111111101111110
47
01111110111111111111111111111011111111111111111
10111101111111101111111111111111111111111111111
11001111111111111111111111111111111111110111111
11001111111111111111111110111111111111111111111
11110011111111111111111111111111111111111111111
11110011111111111111111111111111111111111111111
10111101111111111111111111111111111101111111111
01111110111111111111111111111111111111111111111
11111111011111111111111111111111111010111111111
11111111101111111111111111111111011110111111111
11111111110111111110111111111111111111111111111
11111111111011111111111111111110111111111111111
11111111111101111111111111111110111111111110111
11111111111110110101111111111111111111111111111
11111111111111011111111111101111111111111111011
10111111111111101111111111111111111101111111111
11111111111110110101111111111111111111111111111
11111111111111111011101111111111111111111111111
11111111111110110101111111111111111111111111111
11111111110111111110111111111111111111101111111
11111111111111111111011111110111111111111111111
11111111111111111011101011111111111111111111111
11111111111111111111110111111111111111110111110
11111111111111111111101011011111111111111111111
11111111111111111111111101111111111111111110101
11101111111111111111111110111111111111111111111
11111111111111111111111011011111110111111111111
11111111111111011111111111101011111111111111111
11111111111111111111011111110111111111111111111
01111111111111111111111111101011111111111111111
11111111111111111111111111111101111111111101111
11111111111001111111111111111110111111111111111
11111111101111111111111111111111011111111111111
11111111111111111111111111111111101111101101111
11111111111111111111111111011111110111111011111
11111111011111111111111111111111111011011111111
11111101111111101111111111111111111101111111111
11111111001111111111111111111111111110111111111
11111111111111111111111111111111111011011111111
11111111111111111110111111111111101111101111111
11011111111111111111110111111111111111110111111
11111111111111111111111111111111110111111011111
11111111111111111111111111111101101111111101111
11111111111101111111111101111111111111111110111
11111111111111011111111111111111111111111111011
11111111111111111111111101111111111111111111101
11111111111111111111110111111111111111111111110
46
0111011111111111111111111111111111111111111111
1011111111011111110111111111111111111111111111
1101111111111111111111111111111111101111111111
1110111111111111111111111111111111111110111111
0111011111111111111111111111011111111111111111
1111101111111101111111111111111111111111111111
1111110111111111101011111111111111111111111111
1111111011111111111111111111101111111111111011
1111111100111111111111111111111111011111111111
1111111100111111111111111111111111111011111111
1011111111011111111111111011111111111111111111
1111111111101110111111111111111111111111111111
1111111111110111111111111110101111111111111111
1111111111111011111011111111111111111111111111
1111101111111101111111011111111111111111111111
1111111111101110111111111111111111111111111111
1111111111111111011111111101111111111011111111
1111110111111111101111111111110111111111111111
1011111111111111110111111111111111111111111111
1111110111111011111011111111111111111111111111
1111111111111111111101111111111111111111101101
1111111111111111111110111111111110111111111111
1111111111111101111111001111111111111111111111
1111111111111111111111001111111111111111011111
1111111111111111111111110111110111111111111111
1111111111011111111111111011111011111111111111
1111111111111111011111111101111111011111111111
1111111111110111111111111110111111110111111111
1111011111111111111111111111011111111111111101
1111111011110111111111111111101111111111111111
1111111111111111101111110111110111111111111111
1111111111111111111111111011111001111111111111
1111111111111111111111111111111001111111111111
1111111111111111111110111111111110111111110111
1111111101111111111111111101111111011111111111
1101111111111111111111111111111111101101111111
1111111111111111111111111110111111110111111111
1111111110111111011111111111111111111011111111
1111111111111111111111111111111111101101110111
1110111111111111111111111111111111111110111111
1111111111111111111111101111111111111111011110
1111111111111111111101111111111111111111101111
1111111111111111111111111111111110111101110111
1111111011111111111111111111111111111111111011
1111111111111111111101111111011111111111111101
1111111111111111111111111111111111111111011110
49
0111111111111101111111111111111111111101111111111
1011101111111111111111111111111111111111111111111
1101111111111101111111111111111111111111111111111
1110111111111111111111111111111110111111111111111
1111011111111111111111111110101111111111111111111
1011101111111111111111111111111111111111111111111
1111110111111111111111111011111111111110111111111
1111111011111111110111111111111111111111111111111
1111111101111111111111111111101111111111111111111
1111111110011111011111111111111111111111111111111
1111111110011111011111111111111111111111111111111
1111111111101111111011111111111111111111111111111
1111111111110111111111111111111101111111111111111
1111111111111011111111111111111111110111111110111
0101111111111101111111111111111111111111111111111
1111111111111110111111101111111111111111111111111
1111111110011111011111111111111111111111111111111
1111111111111111101111111111111111111111101011111
1111111011111111110111111111111111111111111111111
1111111111101111111011111110111111111111111111111
1111111111111111111101111111111111111111101111111
1111111111111111111110100111111111111111111111111
1111111111111111111111011111011111111111110111111
1111111111111110111110101111111111111111111111111
1111111111111111111110110111111110111111111111111
1111110111111111111111111011111111111111111111111
1111111111111111111111111101111111101111111111011
1111011111111111111011111110111111111111111111111
1111111111111111111111011111010111111111111111111
1111011101111111111111111111101111111111111111111
1111111111111111111111111111010111111111111101111
1111111111111111111111111111111011110111111110111
1111111111110111111111111111111101111101111111111
1110111111111111111111110111111110111111111111111
1111111111111111111111111111111111011111111101111
1111111111111111111111111101111111101110111111111
1111111111111011111111111111111011110111111111111
1111111111111111111111111111111111111011111111110
0111111111111111111111111111111101111101111111111
1111110111111111111111111111111111101110111111111
1111111111111111111111111111111111111111011111101
1111111111111111101101111111111111111111101111111
1111111111111111111111011111111111111111110111111
1111111111111111101111111111111111111111111011110
1111111111111111111111111111110111011111111101111
1111111111111011111111111111111011111111111110111
1111111111111111111111111101111111111111111111011
1111111111111111111111111111111111111111011111101
1111111111111111111111111111111111111011111011110
40
0111111111111111111011111111111111111111
1011111111111111101111111111111111111111
1101111111111110111111111111111111111111
1110111111110111111111111111111111111101
1111011111111111111011111111101111111111
1111101111110111111111111111111101111111
1111110111111111111101110111111111111111
1111111011111011111111111011111111111111
1111111101111111011111110111111111111111
1111111110111111111111011111110111111111
1111111111011101111111111111110111111111
1111111111101111111111111111111111110111
1110101111110111111111111111111111111111
1111111011111011111111111111111110111111
1111111111011101111110111111111111111111
1101111111111110111111111111111110111111
1111111101111111011111111111111111011111
1011111111111111101111111111111111111111
1111111111111111110111111111111111111101
0111011111111111111011111111111111111111
1111110111111111111101111111111111111111
1111111111111101111110111111111111111111
1111111110111111111111011111111111111111
1111111111111111111111101111111011101111
1111110101111111111111110111111111111111
1111111011111111111111111011111111111111
1111111111111111111111111101111111111011
1111111111111111111111111110111111111110
1111111111111111111111111111011111101011
1111011111111111111111111111101111111110
1111111110011111111111111111110111111111
1111111111111111111111101111111011111111
1111101111111111111111111111111101111111
1111111111111010111111111111111110111111
1111111111111111011111111111111111011111
1111111111111111111111101111011111101111
1111111111101111111111111111111111110111
1111111111111111111111111101011111111011
1110111111111111110111111111111111111101
1111111111111111111111111110101111111110
31
0111111111111111011111111111011
1011111111111111111111111111011
1101111110111111111111111111111
1110111111111111111101111111111
1111011101111111111111111111111
1111101111111111110111111111110
1111110111111111111110111011111
1111111011111100111111111111111
1111011101111111111111111111111
1101111110111111111111111101111
1111111111011111111111011111111
1111111111101111111011111111111
1111111111110011111111111110111
1111111111110011111111111111111
1111111011111100111111111111111
1111111011111100111111111111111
0111111111111111011111111111111
1111111111111111101110111011111
1111101111111111110111110111111
1111111111101111111001111111111
1110111111111111111001111111111
1111110111111111101110111111111
1111111111011111111111011111111
1111111111111111111111101111101
1111111111111111110111110111110
1111110111111111101111111011111
1111111110111111111111111101111
1111111111110111111111111110111
0011111111111111111111111111011
1111111111111111111111101111101
1111101111111111111111110111110
38
01111111111111110011111111111111111111
10011111111111111111111111111111110111
10011111111111111111111111111111111111
11101111111101111111111111101111111111
11110111111111111111111111111110111111
11111011111111111111111011111111111111
11111101111111111101111110111111111111
11111110111110111111101111111111111111
11111111011101111111111111101111111111
11111111100111011111111111111111111111
11111111100111011111111111111111111111
11111111111011111111011111111111111111
11101111011101111111111111111111111111
11111110111110111111111111110111111111
11111111100111011111111111111111111111
11111111111111101111111111111011101111
01111111111111110011111111111111111111
01111111111111110011111111111111111111
11111101111111111101110111111111111111
11111111111111111110111111111111011111
11111111111011111111011111111111111111
11111110111111111111101111110111111111
11111111111111111101110110111111111111
11111011111111111111111011111111011111
11111111111111111111111101111111111101
11111101111111111111110110111111111111
11111111111111111111111111011111101111
11101111011111111111111111101111111111
11111111111110111111101111110111111111
11111111111111101111111111111011111111
11111111111111111111111111111100111111
11110111111111111111111111111100111111
11111111111111111110111011111111011111
11111111111111101111111111011111101111
10111111111111111111111111111111110111
11111111111111111111111111111111111010
11111111111111111111111101111111111101
11111111111111111111111111111111111010
49
0111111111111111111111111111110011111111111111111
1011111111111110111111111111111111111111110111111
1101111111111111111111111011111111111111111111111
1110111111111111111111111111111101111111111111111
1111011111111111111111110111111111111111011111111
1111101111111110111111111111111111111111110111111
1111110111111111111111111111111110111111111111111
1111111011111111011111111111111111101111111111111
1111111101111111111111110111111111111111011111111
1111111110111111111111111111111111111111111111110
1111111111011101111111111111111111111111111111111
1111111111101011111111111111111111111111111111111
1111111111110111111110111111111111011111111111111
1111111111101011101111111111111111111111111111111
1111111111011101111111101111111111111111111111111
1011101111111110111111111111111111111111111111111
1111111011111111010111111111111111111111111111111
1111111111111011101111111111111111111111111111111
1111111111111111010111111111111111111111111111111
1111111111111111111011111111111111111111111101101
1111111111111111111101111111111111111111111111110
1111111111110111111110111111111111011111111111111
1111111111111111111111011110011111111111111111111
1111111111111101111111101111111111111111111111011
1111011101111111111111110111111111111111111111111
1101111111111111111111111011111111111111111111111
1111111111111111111111111101111111111111101111111
1111111111111111111111011110101111111111111111111
1111111111111111111111011111001111111111111111111
1111111111111111111111111110001111111111111111111
0111111111111111111111111111110011111111111111111
0111111111111111111111111111110011111111111111111
1110111111111111111111111111111101111111111111111
1111110111111111111111111111111110111111111111111
1111111111110111111110111111111111011111111111111
1111111011111111111111111111111111101111111111111
1111111111111111111111111111111111110100111111111
1111111111111111111111111111111111111011111101101
1111111111111111111111111111111111110100111111111
1111111111111111111111111111111111110100111111111
1111011101111111111111111111111111111111011111111
1111111111111111111111111101111111111111101111111
1011101111111111111111111111111111111111110111111
1111111111111111111111111111111111111111111010111
1111111111111111111011111111111111111011111101111
1111111111111111111111111111111111111111111010111
1111111111111111111111101111111111111111111111011
1111111111111111111011111111111111111011111111101
1111111110111111111101111111111111111111111111110
27
011111111111111101111111111
101111111111001111111111111
110111110111111111111111111
111001110111111111111111111
111001111111111111111111111
111110111111110111111111111
111111011101111111111111111
111111101111111111111111011
110011110111111111111111111
111111111010111111111111111
111111011101111111111111111
111111111010111110111111111
101111111111001111111111111
101111111111001111111111111
111110111111110111101111111
111111111111111001111111111
011111111111111001111111111
111111111110111110111111101
111111111111111111010101111
111111111111110111101111111
111111111111111111010011111
111111111111111111110001111
111111111111111111011001111
111111111111111111111110110
111111101111111111111111011
111111111111111110111111101
111111111111111111111110110
47
01111111111111111011111111111111111111111111111
10111111111111111110111111111111111111111111011
11011111110111111111111111111111101111111111111
11101111111111111111111110111111111111111111111
11110111111111111111111111111111110111111111111
11111011111111111111111111111111111111111011111
11111101111101111111111111111111111111111101111
11111110111111101111111111111111111111101111111
11111111011111111111111111111111111111111111101
11111111101111110111111111111101111111111111111
11011111110111111111111111111110111111111111111
11111111111011111111111111111111111111110111111
11111101111101111111111111111111111111111101111
11111111111110111111101111111111111011111111111
11111111111111011110111111111111111111111110111
11111110111111101111111111011111111111111111111
11111111101111110111111101111111111111111111111
01111111111111111011111111101111111111111111111
11111111111111111101111111011111111111101111111
10111111111111011110111111111111111111111111111
11111111111111111111011111111111011111111111111
11111111111110111111101111111111111011111111111
11111111111111111111110111111011111111111111111
11111111111111111111111011111111111111011111110
11111111111111110111111101111101111111111111111
11101111111111111111111110111111111111111111111
11111111111111101101111111011111111111111111111
11111111111111111011111111101111111111111111111
11111111111111111111111111110111011110111111111
11111111111111111111110111111011111101111111111
11111111101111111111111101111101111111111111111
11111111110111111111111111111110101111111111111
11111111111111111111011111110111011111111111111
11011111111111111111111111111110101111111111111
11110111111111111111111111111111110111111111101
11111111111110111111101111111111111011111111111
11111111111111111111111111111011111101111111111
11111111111111111111111111110111111110111111111
11111111111111111111111011111111111111011111110
11111110111111111101111111111111111111101111111
11111111111011111111111111111111111111110111111
11111011111111111111111111111111111111111011111
11111101111101111111111111111111111111111101111
11111111111111011111111111111111111111111110011
10111111111111111111111111111111111111111110011
11111111011111111111111111111111110111111111101
11111111111111111111111011111111111111011111110
26
01110111111111111111111111
10111111011111111111111111
11011111111111110111111111
11101111111111101111111111
01110111111101111111111111
11111011111111111111101111
11111101111111111111011101
11111110111101111111111111
10111111011111111111111111
11111111101111111111111110
11111111110110111111111011
11111111111011111110111111
11110110111101111111111111
11111111110110011111111111
11111111111110011101111111
11101111111111101111111111
11011111111111110111111111
11111111111111111010111111
11111111111111011101110111
11111111111011111010111111
11111101111111111111011111
11111011111111111111101110
11111111111111111101110011
11111111110111111111110011
11111101111111111111111101
11111111101111111111101110
29
01111111111111110111111111111
10101111111111111111111111111
11011111111111111111111110111
10101111111111011111111111111
11110111111111011111111111111
11111011111111111111111111101
11111101111101111111111111111
11111110111111111101111101111
11111111011111111111111011111
11111111101111111111111111101
11111111110111111111111111011
11111111111011111111011111110
11111101111101111111111111111
11111111111110101111111111111
11100111111111011111111111111
11111111111110101111111111111
01111111111111110111111011111
11111111111111111011110111111
11111110111111111101111101111
11111111111111111110111111011
11111111111011111111001111111
11111111111111111111001111110
11111111111111111011110111111
11111111011111110111111011111
11111110111111111101111101111
11011111111111111111111110111
11111111110111111110111111011
11111011101111111111111111101
11111111111011111111101111110
20
01111010111111111111
10111101111111111111
11011111111111111101
11101101111111111111
11110111011111111110
01111011111111011111
10101101111111111111
01111110111111111111
11110111011111111011
11111111101111100111
11111111110011111111
11111111110011111111
11111111111100111111
11111111111100111111
11111011111111011111
11111111101111101111
11111111101111110111
11111111011111111011
11011111111111111101
11110111111111111110
46
0111111111111101111111111111111110111111111111
1011011111111111111111111111111111111111111111
1101011111011111111111111111111111111111111111
1110111111111111111111110111111111111111111111
1001011111111111111111111111111111111111111111
1111101111111111111111111101111111111101111111
1111110111111111111111111110111111110111111111
1111111011111111111111011111111111111111111111
1111111101111111111101111111111111111111111111
1111111110111111111111111111101111111111111111
1101111111011111111111111111111111111111111111
1111111111101111111011111111111111101111111111
1111111111110111110111111111111111011111111111
1111111111111011111111011111111111111111111101
0111111111111101111111111111111110111111111111
1111111111111110111111111111111101111111111111
1111111111111111011111111011111111111111111111
1111111111111111101111111111111111111111111110
1111111111110111110111111111111111111011111111
1111111111101111111011111111111111111111101111
1111111101111111111101111111011111111111111111
1111111111111111111110111111111111111111111011
1111111011111011111111011111111111111111111111
1111111111111111111111101111110111111111111111
1110111111111111111111110111111111111111111111
1111111111111111011111111011111111111111111111
1111101111111111111111111101111111111111111111
1111110111111111111111111110111111111111111111
1111111111111111111101111111011111111111111111
1111111110111111111111111111101111110111111111
1111111111111111111111101111110011111111111111
1111111111111111111111111111110011111111111111
1111111111111110111111111111111101111111111111
0111111111111101111111111111111110111111111111
1111111111110111111111111111111111011011111111
1111111111101111111111111111111111101111101111
1111110111111111111111111111101111110111111111
1111111111111111110111111111111111011011111111
1111101111111111111111111111111111111101111110
1111111111111111111111111111111111111110011011
1111111111111111111111111111111111111110011111
1111111111111111111011111111111111101111101111
1111111111111111111111111111111111111111110101
1111111111111111111110111111111111111110111011
1111111111111011111111111111111111111111110101
1111111111111111101111111111111111111101111110
42
011111111111111111111111100111111111111111
101111111111111111111111011111111111101111
110111111111111111111111111110111111111111
111011111111111101111111111111111111111111
111101111111111110111111111111111111111111
111110111111111111111111111101101111111111
111111011111111111111101111111101111111111
111111101111111110111111111111111111111111
111111110111111111111111111111110111111111
111111111011111111111111100111111111111111
111111111101111011111111111111111111111111
111111111110110111111111111111111011111111
111111111111011111111111111111011111111111
111111111111101111011111111111111111111011
111111111110110111111111111111111111111110
111111111101111011110111111111111111111111
111011111111111101111111111111111111111111
111101101111111110111111111111111111111111
111111111111101111011111111111111111111111
111111111111111111101011111111111111111101
111111111111111011110111111111111111111111
111111111111111111101011111111111111111101
111111011111111111111101111111111111111111
111111111111111111111110111111111111110111
101111111111111111111111011111111111111111
011111111011111111111111101111111111111111
011111111011111111111111110111111111111111
111111111111111111111111111011110110111111
111110111111111111111111111101111111111111
110111111111111111111111111110111111111011
111111111111011111111111111111011111111111
111110011111111111111111111111101111111111
111111110111111111111111111011110111111111
111111111110111111111111111111111011011111
111111111111111111111111111111111101101111
111111111111111111111111111011111110111111
111111111111111111111111111111111011011111
101111111111111111111111111111111101101111
111111111111111111111110111111111111110111
111111111111101111111111111110111111111011
111111111111111111101011111111111111111101
111111111111110111111111111111111111111110
41
01111111111110111101111111111111111111111
10101111111111111111111111111111101111111
11011111111111111111111111111111110011111
10101111111111111111111111111111111110111
11110111011101111111111111111111111111111
11111011111111111110101111111111111111111
11111101111011111111111111111111111111111
11111110111111110111111111111111111111111
11110111011111111111111101111111111111111
11111111101111011111111111111111111111111
11111111110111111111111111111011011111111
11111101111011111111111111111111111111111
11110111111101111111110111111111111111111
01111111111110111110111111111111111111111
11111111101111011111111110111111111111111
11111111111111101111111111111111111110111
11111110111111110111111111111111111111111
11111111111111111011111111101111111111111
01111111111111111101101111111111111111111
11111011111110111110111111111111111111111
11111111111111111111011111111101111111101
11111011111111111101101111111111111111111
11111111111101111111110111111111111111111
11111111111111111111111011011111111111111
11111111011111111111111101111111111111111
11111111111111011111111110111111111111111
11111111111111111111111011011111111111111
11111111111111111011111111101111111111110
11111111111111111111111111110100111111111
11111111110111111111111111111011111111111
11111111111111111111011111110101111111111
11111111111111111111111111110110111111111
11111111110111111111111111111111011111011
10111111111111111111111111111111101111111
11011111111111111111111111111111110111111
11011111111111111111111111111111111001111
11111111111111111111111111111111111001111
11101111111111101111111111111111111110111
11111111111111111111111111111111011111011
11111111111111111111011111111111111111101
11111111111111111111111111101111111111110
44
01111111111111111101111111111111111111111111
10111111111111111111111111011111111111111110
11011111101111111111111111111111110111111111
11101111111111111111111101111111111111111111
11110111111111111111111111111111111111011111
11111011111111101111111111111111111111111111
11111101111111111111111011111111111111111111
11111110111110111111111111111101111111111111
11111111011011111111111111111111111101111111
11011111101111111111111111111111111111111111
11111111110111111111111111111111111111110111
11111111011011111111111111111111111111111111
11111111111101111111111111011111111111111110
11111110111110111111111111111111111110111111
11111111111111011101111111111111111111111111
11111011111111101111111011111111111111111111
11111111111111110111111111111111110111111111
11111111111111111011110111111111111101111111
01111111111111011101111111111111111111111111
11111111111111111110111110101111111111111111
11111111111111111111011111111111111111111101
11111111111111111111101111111011111111101111
11111111111111111011110111111111111111111111
11111101111111101111111011111111111111111111
11101111111111111111111101111111111111111111
11111111111111111110111110101111111111111111
10111111111101111111111111011111111111111111
11111111111111111110111110101111111111111111
11111111111111111111111111110111011111111111
11111111111111111111101111111011111111111111
11111110111111111111111111111101111111111111
11111111111111111111111111111110111111110111
11111111111111111111111111110111011111111111
11111111111111111111111111111111101110111111
11011111111111110111111111111111110111111111
11111111111111111111111111111111111011111011
11111111011111111011111111111111111101111111
11111111111110111111111111111111101110111111
11110111111111111111111111111111111111011111
11111111111111111111101111111111111111101101
11111111110111111111111111111110111111110111
11111111111111111111111111111111111011111011
11111111111111111111011111111111111111101101
10111111111101111111111111111111111111111110
35
01111011111111111111111111101111111
10111111111111111111110111111111111
11011111111111111111110111111111111
11101111111110111111111111111111111
11110111101111111111111101111111111
01111011111111111111111111111111111
11111101111111111111011111111111111
11111110111111101111111111111111111
11111111011111111111111110111111111
11110111101111111111111111111011111
11111111110111111111111011111111111
11111111111011111111111111101111111
11111111111101111011111111111111101
11101111111110111111101111111111111
11111111111111011111111111011111111
11111110111111101111111111110111111
11111111111111110100111111111111111
11111111111101111011111111111101111
11111111111111110101111111111111111
11111111111111110110111111111111011
11111101111111111111011111111111111
11111111111110111111101011111111111
10011111111111111111110111111111111
11111111110111111111101011111111111
11110111111111111111111101111111111
11111111011111111111111110111111111
11111111111111011111111111011111111
01111111111011111111111111101111111
11111111111111101111111111110111111
11111111101111111111111111111010111
11111111111111111011111111111101111
11111111111111111111111111111010111
11111111111111111110111111111111011
11111111111101111111111111111111100
11111111111111111111111111111111100
46
0111111101111111111111111111111111111111111111
1011111111111111101111111111111111111111111011
1101111111111111111101111111011111111111111111
1110111111111111011111111111111111111111111111
1111011111101111111111111011111111111111111111
1111101111111111111111111111111111111111110111
1111110111111111111111111111111111011111111111
1111111011111111111111111111110111111111111111
0111111101111111111111111111111111111111111101
1111111110111110111111101111111111111111111111
1111111111001111111111111011111111111111111111
1111011111001111111111111111111111111111111111
1111111111110111111111111111111111111111111110
1111111111111011111101111111111111111111111111
1111111111111101111111111111101111111111111111
1111111110111110111111111111111111111111111111
1110111111111111011111111111111111111111111111
1011111111111111101110111111111111111111111111
1111111111111111110111111111111111101111011111
1111111111111111111011111111111110111110111111
1101111111111011111101111111111111111111111111
1111111111111111101110111111111111111111111011
1111111111111111111111011111111001111111111111
1111111110111111111111100111111111111111111111
1111111111111111111111100111111111111101111111
1111011111011111111111111011111111111111111111
1111111111111111111111111101101111111111111111
1111111111111111111111111110111110110111111111
1101111111111111111111111111011111111111111111
1111111111111101111111111101101111111111111111
1111111011111111111111111111110111111111101111
1111111111111111111111011111111001111111111111
1111111111111111111111011111111001111111111111
1111111111111111111011111110111110111111111111
1111110111111111111111111111111111011111111111
1111111111111111110111111111111111101011111111
1111111111111111111111111110111111110111111111
1111111111111111111111111111111111101011111111
1111111111111111111111110111111111111101111111
1111111111111111111011111111111111111110111111
1111111111111111110111111111111111111111011111
1111111111111111111111111111110111111111101111
1111101111111111111111111111111111111111110111
1011111111111111111110111111111111111111111011
1111111101111111111111111111111111111111111101
1111111111110111111111111111111111111111111110
42
011111111111111111111011111111111111111111
101111110111111111111111111111110111111111
110111111111111111110111111111111111111111
111011111111111111111111011110111111111111
111101111111111111111111011110111111111111
111110111111111111111101111111111111111101
111111011111111111111111111111111101111111
111111101111111110111111101111111111111111
101111110111111111111111111111111111111111
111111111011111111101111111111111111111111
111111111101111111111111110111111111111111
111111111110111111111111111111111111111011
111111111111011111111111111111011111111111
111111111111101111111111111111101111111111
111111111111110111111111111111111110111111
111111111111111011111111111011111111111111
111111111111111101110111111111111111111110
111111101111111110111111111111111111111111
111111111111111111011111110111111110111111
111111111011111111101111111111111111111111
110111111111111101110111111111111111111111
011111111111111111111011111111111111111111
111110111111111111111101111111111111111101
111111111111111111111110111111111111101111
111001111111111111111111011111111111111111
111111101111111111111111101111111111111111
111111111101111111011111110111111111111111
111111111111111011111111111011111111111111
111111111111111111111111111101111111111110
111001111111111111111111111110111111111111
111111111111011111111111111111011111110111
111111111111101111111111111111101101111111
101111111111111111111111111111110111111111
111111111111111111111111111111111011111011
111111011111111111111111111111101101111111
111111111111110111011111111111111110111111
111111111111111111111111111111111111010111
111111111111111111111110111111111111101111
111111111111111111111111111111011111010111
111111111110111111111111111111111011111011
111110111111111111111101111111111111111101
111111111111111101111111111101111111111110
