50
1
0
29
01111111111111111111110111111
10111111111111111111111111111
11011111111111111111111111111
11101101111111111111111111011
11110110111111111101111111111
11111011111111111111111111111
11101101111111111111111111011
11110110111111011111111111111
11111111011111111110111110111
11111111101111111111011111111
11111111110111101111111111110
11111111111011111111111111111
11111111111101111111111111111
11111111111110101111111111110
11111110111111011101111111111
11111111110110101111111111111
11111111111111110111111111111
11111111111111111011111111111
11110111111111011101111111111
11111111011111111110111111111
11111111101111111111011111101
11111111111111111111101111111
01111111111111111111110111111
11111111111111111111111011111
11111111111111111111111101111
11111111011111111111111110111
11101101111111111111111111011
11111111111111111111011111101
11111111110110111111111111110
36
011111101011111111111111111111111111
101111111111111111011111111111011111
110111111111111111111111111101111111
111011111111111111011111111111011111
111101111111111111111111111111111111
111110111111111111111110111111111111
111111011101111111111011111111111111
011111101111111111111111101111111111
111111110111111111101111111011111111
011111111011111111111111101111111111
111111011101111111111111111111110111
111111111110011111111111011111111111
111111111110011111111111011111111111
111111111111101111111111111111111111
111111111111110111111111111111111111
111111111111111011111111111111101011
111111111111111101111111111111111111
111111111111111110111111111111111111
101011111111111111011111111111111111
111111110111111111101111111111111111
111111111111111111110111111111111111
111111011111111111111011111111110111
111111111111111111111101111111111111
111110111111111111111110111111111111
111111111110011111111111011111111111
111111101011111111111111101111111111
111111111111111111111111110101111111
111111110111111111111111111011111111
110111111111111111111111110101111111
111111111111111111111111111110111111
101011111111111111111111111111011111
111111111111111011111111111111101011
111111111101111111111011111111110111
111111111111111011111111111111101011
111111111111111111111111111111111101
111111111111111111111111111111111110
47
01111111111111111101111111111111111111110111111
10111111111111111111111111111111111111111011111
11011111111111101110111111111111111111111111111
11101111110111111111111111111111111101111111111
11110111111111111111111111111111111111111111111
11111010111111111111111111111111111111111111111
11111101111111101110111111111111111111111111111
11111010111111111111111111111111111111111111111
11111111011111111111111111111111111111111111111
11111111101111111111111111111101111110111111111
11101111110111111111111111111111111101111111111
11111111111011111111101110111111111111111111111
11111111111101011111111111111111011111111111111
11111111111110111111111111111111111111111101011
11111111111101011111111111111111011111111111111
11011101111111101111111111111111111111111111111
11111111111111110111111111111111111111111111111
11111111111111111011111111111111111111111111111
01111111111111111101111111111111111111111111111
11011101111111111110111111111111111111111111111
11111111111111111111011011111111111111111111111
11111111111011111111101111111111111111111111101
11111111111111111111110111111111111111111111111
11111111111111111111011011111111111111111111111
11111111111111111111111101111110111111111111111
11111111111011111111111110111111111111111111101
11111111111111111111111111011111111111111111111
11111111111111111111111111101111111111111110110
11111111111111111111111111110111111111111111111
11111111111111111111111111111001111110111111111
11111111101111111111111111111001111111111111111
11111111111111111111111101111110111111101111111
11111111111101011111111111111111011111111111111
11111111111111111111111111111111101111111111111
11111111111111111111111111111111110111111111111
11111111111111111111111111111111111011111111111
11101111110111111111111111111111111101111111111
11111111101111111111111111111011111110111111111
11111111111111111111111111111111111111011110110
11111111111111111111111111111110111111101111111
01111111111111111111111111111111111111110111111
10111111111111111111111111111111111111111011111
11111111111110111111111111111111111111111101011
11111111111111111111111111101111111111011110111
11111111111110111111111111111111111111111101011
11111111111111111111101110111111111111111111101
11111111111111111111111111101111111111011111110
25
0111111111111111111111111
1011111101101111111111111
1101111111111111111111111
1110111111111110111111111
1111011111111111111111111
1111101111111111111111101
1111110111111111111111111
1111111011111111011111111
1011111101111111101111111
1111111110111111111111111
1111111111011111111111111
1011111111101111101111111
1111111111110110111111111
1111111111111011111110011
1111111111111101111111111
1110111111110110111111111
1111111011111111011111111
1111111101101111101111111
1111111111111111110111111
1111111111111111111011101
1111111111111111111101111
1111111111111011111110011
1111111111111011111110011
1111101111111111111011101
1111111111111111111111110
45
011111111111111111111111111111111111111111111
101111111111111111111111111111111111011111011
110111111111111111111111111111111111111111111
111011111111111111111111111111011111111111111
111101111111111111110111111111111111111111111
111110111110111101111111111111111111111111111
111111001111111111111111111111111111111111111
111111000111111111111111111111111111111111111
111111100111111111111111111111111111111111111
111111111001111111111111111111111111111011111
111111111001111111101111111111111111111111111
111110111110111111111111111111110111111111111
111111111111011111111111111111011111111111111
111111111111101111111111111111111111111111111
111111111111110111111111111111111101111101111
111111111111111011111111111111111111111111111
111110111111111101111111110111111111111111111
111111111111111110111101111101111111111111111
111111111111111111011110111111111111110111111
111111111101111111101111111111111111111011111
111101111111111111110111111111111111111111111
111111111111111111111011111111111111111111111
111111111111111110111101111101111111111111111
111111111111111111011110111111111111110111111
111111111111111111111111011111111111111111111
111111111111111111111111101110111111111111110
111111111111111101111111110111110111111111111
111111111111111111111111111011101111111111110
111111111111111110111101111101111111111111111
111111111111111111111111101110101111111111111
111011111111011111111111111111011111111111111
111111111111111111111111111010101111111111111
111111111110111111111111110111110111111111111
111111111111111111111111111111111011111111111
111111111111110111111111111111111101111101111
111111111111111111111111111111111110011111011
101111111111111111111111111111111110011111111
111111111111111111111111111111111111101111111
111111111111111111011110111111111111110111111
111111111011111111101111111111111111111011111
111111111111110111111111111111111101111101111
111111111111111111111111111111111111111110111
101111111111111111111111111111111110111111011
111111111111111111111111111111111111111111101
111111111111111111111111101011111111111111110
24
011101111111111111111111
101111011111111111111111
110111111111111111111111
111011111111111111011111
011101111111111111111111
111110111111111111111111
101111011111110111111111
111111100111111101111111
111111100011111111111111
111111110011111111111110
111111111101111111111111
111111111110111111011111
111111111111011111111111
111111111111101111111111
111111011111110111111111
111111111111111011111111
111111101111111101110111
111111111111111110111111
111011111110111111011111
111111111111111111101111
111111111111111101110110
111111111111111111111011
111111111111111111111101
111111111011111111110110
27
011111111111111111111111111
101111111111111111111111101
110111111111111110111111111
111011111111111111111111111
111101111111111111111111111
111110101111110111111111111
111111010111111101111111111
111110101111111111111111111
111111010111111101111111111
111111111011101111110111111
111111111101111111111111111
111111111110101111110111111
111111111111011111111111111
111111111010101111111111111
111110111111110111111111111
111111111111111010111111111
111111010111111101111111111
110111111111111010111111111
111111111111111111011111111
111111111111111111101111111
111111111010111111110111111
111111111111111111111011011
111111111111111111111101111
111111111111111111111110111
111111111111111111111011011
101111111111111111111111101
111111111111111111111111110
18
011101111111111111
101111111111011111
110111111111111111
111011111111111111
011101111111111110
111110111111111111
111111011111111111
111111101111111111
111111110111111111
111111111011111111
111111111101111111
111111111110111111
101111111111011111
111111111111101111
111111111111110101
111111111111111001
111111111111110001
111101111111111110
35
01111111111111111111111111111011111
10011111111111111110111111111111111
10011111111110111111111111111111111
11101111111111111111111111111111111
11110010111111111111111111111111111
11110011111111111111111111111111111
11111101111111111111111110111111111
11110110111111111111011111111111111
11111111011111111111111111111111111
11111111100011111111111111111111111
11111111100011111111111111111111111
11111111100011111111111111111111111
11111111111101111011111111111111111
11011111111110111110111111111111111
11111111111111011111111111110111101
11111111111111101111111111111111111
11111111111111110111111111111011110
11111111111101111011111111111110111
11111111111111111101111111111111110
10111111111110111110111111111111111
11111110111111111111011111111111111
11111111111111111111101111111111111
11111111111111111111110111111111111
11111111111111111111111011111111111
11111111111111111111111101110111101
11111101111111111111111110111111111
11111111111111111111111111011111111
11111111111111111111111111101111111
11111111111111011111111101110111111
01111111111111110111111111111011111
11111111111111111111111111111101111
11111111111111111011111111111110111
11111111111111111111111111111111011
11111111111111011111111101111111101
11111111111111110101111111111111110
42
011111111111111011111111111111111111111101
101111111111110111111111101111111111111111
110111111111111111111111111111111111111111
111011111111111111111111111111111111111111
111101110110111111111111111111111111111111
111110101111111111111111111111111111011111
111111011111111111111111111111011101111111
111110101111111111111111111111110111111111
111101110110111111111111111111111111111111
111111111011111111111110111111101111111111
111111111101011111111011111111111111111111
111101110110111111111111111111111111111111
111111111101011111111111011111111111111111
111111111111101111111111111111111111111111
101111111111110111111111111011111111111111
011111111111111011111111111111111111111111
111111111111111101111111111111111111111111
111111111111111110111111111111111111111111
111111111111111111011111111111111111101111
111111111111111111101111111111111110111111
111111111111111111110111111111011101111111
111111111101111111111011111111111111111111
111111111111111111111101111101111111111111
111111111011111111111110111111101111111111
111111111111011111111111011111111111111111
101111111111111111111111101011111111111111
111111111111111111111111110111111111111111
111111111111110111111111101011111111111111
111111111111111111111101111101111111111111
111111111111111111111111111110111111111111
111111011111111111110111111111011111111111
111111111011111111111110111111101111111111
111111101111111111111111111111110111011111
111111111111111111111111111111111011111111
111111011111111111110111111111111101111111
111111111111111111101111111111111110110111
111110111111111111111111111111110111011111
111111111111111111011111111111111111101101
111111111111111111111111111111111110110111
111111111111111111111111111111111111111011
011111111111111111111111111111111111101101
111111111111111111111111111111111111111110
31
0011111111111111111111111111101
0011111111111111111111111111111
1101110111011111111111111111111
1110111111111111111111011111111
1111011111111101111111111111110
1111101111111111111111111111111
1101110111011111111111111111111
1111111011111111111011111101111
1111111101111111111101111111111
1111111110111111111111011111111
1101110111011111111111111111111
1111111111101101111111111111110
1111111111110111111111111111111
1111111111111011111011111111111
1111011111101101111111111111111
1111111111111110111111111111111
1111111111111111011111111111111
1111111111111111101111111110101
1111111111111111110111111111111
1111111011111011111011111111111
1111111101111111111101111111111
1111111111111111111110111111111
1110111110111111111111011111111
1111111111111111111111101111111
1111111111111111111111110111111
1111111111111111111111111011111
1111111011111111111111111101111
1111111111111111101111111110111
1111111111111111111111111111011
0111111111111111101111111111101
1111011111101111111111111111110
30
011111111111111111111110110111
101111111111111111111111111111
110111111111101111011111111111
111011111011111111111111111111
111101111111111111111111111101
111110111111111111111111111111
111111011111111111111110111111
111111101111111110111111111111
111111110111111111111111111111
111011111010111111111111111111
111111111101111101011111111111
111111111010111111111111111111
111111111111011111101111111111
110111111111101111111111111110
111111111111110111111111111111
111111111111111011111111111111
111111111101111101111111111110
111111101111111110110111111111
110111111101111111011111111111
111111111111011111100111111111
111111111111111110100111111111
111111111111111111111011111111
111111111111111111111101111111
011111011111111111111110111111
111111111111111111111111011111
111111111111111111111111101111
011111111111111111111111110111
111111111111111111111111111011
111101111111111111111111111101
111111111111101101111111111110
33
011111111111111111111111111111111
101111111111111111111101111111111
110111111011111111111111111111111
111011111111101111101111111111111
111101111111111111111111111111110
111110011111111111111111111111111
111110010111111111111111111111111
111111100111011111111111111111111
111111000111111111111111111111111
110111111011111111111011111111111
111111111101111111111111111111111
111111111110101111101111111111111
111111101111011111111111111111111
111011111110101111111111111111111
111111111111110111111111111111111
111111111111111011111111111111101
111111111111111101111011111111111
111111111111111110111111111111101
111111111111111111011111111111111
111011111110111111101111111111111
111111111111111111110111111111111
111111111011111101111011111111111
101111111111111111111101111111111
111111111111111111111110001111111
111111111111111111111110001111111
111111111111111111111110001111111
111111111111111111111111110111111
111111111111111111111111111011111
111111111111111111111111111101111
111111111111111111111111111110111
111111111111111111111111111111011
111111111111111010111111111111101
111101111111111111111111111111110
24
011111111111111111111111
101111111111111111111111
110111111111111111111110
111011111111111111111111
111101111111101111111111
111110111111011111111111
111111011111111111111111
111111101111111101111110
111111110111111111111111
111111111011111011110111
111111111101111111111111
111111111110111110101111
111110111111011011111111
111101111111101111111111
111111111111110111111111
111111111011011011111111
111111101111111101111111
111111111110111110111111
111111111111111111011111
111111111110111111101111
111111111011111111110111
111111111111111111111011
111111111111111111111101
110111101111111111111110
34
0101111111111111110111111111111111
1011111101111111111110111111111111
0101111111111111111111111111111011
1110111111111111111111111111111111
1111011111111111111111111110111111
1111101111111011111111111111111111
1111110111111111101111111111111110
1111111011001111111111111111111111
1011111101111111111110111111111111
1111111110111111111111111111111111
1111111011011111111111111111111111
1111111011101111111111111111111111
1111111111110111111111111111111111
1111101111111011111111111011111111
1111111111111101111111111111111111
1111111111111110111111111101111111
1111111111111111011111111111010111
1111110111111111101111111111111111
0111111111111111110111111111111011
1111111111111111111011111111111111
1111111111111111111101111111010111
1011111101111111111110111111111111
1111111111111111111111011111111111
1111111111111111111111101111111111
1111111111111111111111110111111111
1111111111111011111111111011111111
1111111111111110111111111101111111
1111011111111111111111111110111111
1111111111111111011101111111011111
1111111111111111111111111111101111
1111111111111111011101111111110111
1101111111111111110111111111111011
1111111111111111111111111111111101
1111110111111111111111111111111110
41
01111111111111111111111111111111111111111
10111111111111111111111111111111111111111
11011111111111111111111111111111111111101
11101111111111111111111111111111111111111
11110111111111111111111111111001111111111
11111011111111111111111111111001111111111
11111101111111101111111110111111111111111
11111110110111111101111111111111111111111
11111111011111111111111111111111111111111
11111111101111111111111111101111111111111
11111110110111110111111111111111111111111
11111111111011011111111111111111111110111
11111111111101111111111111101111111111111
11111111111110111111111111011110111111111
11111111111011011111111111111111111110111
11111101111111101111111110111111111111111
11111111110111110101111111111111111111111
11111111111111111011111111111111111111111
11111110111111110101111111111111111111111
11111111111111111110011111111111111111011
11111111111111111110011111111111111111111
11111111111111111111101011110111111111111
11111111111111111111110111111111111111111
11111111111111111111101001111111111111111
11111111111111111111111001110111111111111
11111101111111101111111110111111111111111
11111111111110111111111111011111111111111
11111111101101111111111111101111111111111
11111111111111111111101101110111111111111
11110011111111111111111111111011111111111
11110011111111111111111111111101111111111
11111111111110111111111111111110111111111
11111111111111111111111111111111011111111
11111111111111111111111111111111101101111
11111111111111111111111111111111110111111
11111111111111111111111111111111111011111
11111111111111111111111111111111101101111
11111111111011011111111111111111111110111
11111111111111111110111111111111111111011
11011111111111111111111111111111111111101
11111111111111111111111111111111111111110
30
011111111111111111101111111111
101111111111110111111111111111
110011111111111101111111111111
110011111111111101111111111111
111101111111111111110111111110
111110111111110111111111111111
111111011111111111110111111110
111111101111011111111111111111
111111110111111111111111111111
111111111011111111111111111111
111111111101111111111111111111
111111111110111111111111111111
111111101111011111111111111111
111111111111101111111111111111
101110111111110111111111111111
111111111111111011111111111111
110011111111111101111111111111
111111111111111110111011110111
111111111111111111001111111111
011111111111111111001111111111
111101011111111111110111111111
111111111111111110111011111111
111111111111111111111101111111
111111111111111111111110111111
111111111111111111111111011111
111111111111111111111111101111
111111111111111110111111110111
111111111111111111111111111001
111111111111111111111111111001
111101011111111111111111111110
50
01111111111111111111111011111111111111111111011111
10111111111111111111111111111111101110111111111111
11011111111111111111111111111111111111111110111111
11101111111111111111111111111111101111111111111110
11110111111111011111111111111011111111111111111111
11111011011111011111111111111111111111111111111111
11111101111111101111101111111111111111111111111111
11111110111110111110111111111111111111111111111111
11111011011111111111111111111011111111111111111111
11111111101111111111111111111111111111111111111111
11111111110111111111111111111111111111110111111111
11111111111011111111111111111111111111111111111111
11111111111101111111111111111111111111111111111111
11111110111110111111111111111111011111111111111111
11110011111111011111111111111111111111111111111111
11111101111111101111101111111111111111111111111111
11111111111111110111111111111111111111111110111111
11111111111111111011111111111111111111111111111111
11111111111111111101111111111111111111111111111101
11111110111111111110111111111111011111111111111111
11111111111111111111011111111111111111111111111101
11111101111111101111101111111111111111111111111111
11111111111111111111110111111111111111111101111111
01111111111111111111111011111111110111111111111111
11111111111111111111111101111111111111111111111011
11111111111111111111111110111110111011111111111111
11111111111111111111111111011111111111111111111111
11111111111111111111111111101111111111111101111111
11111111111111111111111111110111111111111111111111
11110111011111111111111111111011111111111111111111
11111111111111111111111111111101111101111111101111
11111111111111111111111110111110111011111111111111
11111111111110111110111111111111011111111111111111
10101111111111111111111111111111101111111111111111
11111111111111111111111011111111110111111111011111
11111111111111111111111110111110111011111111111111
11111111111111111111111111111101111101111111101111
10111111111111111111111111111111111110111111111110
11111111111111111111111111111111111111011111111111
11111111111111111111111111111111111111101111111111
11111111110111111111111111111111111111110111111111
11111111111111111111111111111111111111111011111111
11111111111111111111110111101111111111111101111111
11011111111111110111111111111111111111111110111111
01111111111111111111111111111111110111111111011111
11111111111111111111111111111101111101111111101111
11111111111111111111111111111111111111111111110111
11111111111111111111111101111111111111111111111011
11111111111111111101011111111111111111111111111101
11101111111111111111111111111111111110111111111110
29
01111111111111111111011111111
10111111111111111011111111111
11011111111101111111101111111
11101111111111110111110111111
11110111111111111011111111111
11111011111111111111111111111
11111101111111111111111011111
11111110111111111111111111111
11111111011111111111111111111
11111111101111101110111111111
11111111110111111111111111111
11111111111011111111111111111
11011111111101110111111111111
11111111111110111101111111111
11111111111111011101111111111
11111111101111101111111111111
11101111111101110111111111111
10110111111111111011111111111
11111111111110011101111111111
11111111101111111110111111111
01111111111111111111011111111
11011111111111111111100111111
11101111111111111111100111111
11111101111111111111111011111
11111111111111111111111101111
11111111111111111111111110111
11111111111111111111111111011
11111111111111111111111111101
11111111111111111111111111110
32
01111111111111111111111111011111
10111111111111111111111111111111
11011111111111111111111111101111
11101111111111111110111111111111
11110111111111111111111111111111
11111011111111111111111111111111
11111101111111111111111111111111
11111110111111111111111111101111
11111111011111111111111111111111
11111111101111111111101111111111
11111111110111011111111111111101
11111111111011111111111111111111
11111111111101111111111111111111
11111111111110110111110111111111
11111111110111011111111111111101
11111111111111101111111111111011
11111111111110110111011111111111
11111111111111111011111111111011
11111111111111111101111111111111
11101111111111111110111111111111
11111111111111110111010111111111
11111111101111111111101011111111
11111111111110111111010111111111
11111111111111111111101011111111
11111111111111111111111101110111
11111111111111111111111110111111
01111111111111111111111111011111
11011110111111111111111111101111
11111111111111111111111101110111
11111111111111101011111111111011
11111111110111011111111111111101
11111111111111111111111111111110
23
01111111111111111111111
10111111111111111111111
11011111110111111111111
11101111111111111111111
11110110111111111111111
11111011111111111111111
11111101011111111111111
11110110111111111110111
11111101011111111111011
11111111101111111111111
11011111110111111101111
11111111111011111111110
11111111111101111111101
11111111111110111111111
11111111111111011111111
11111111111111101111111
11111111111111110111111
11111111111111111011111
11111111110111111101111
11111110111111111110111
11111111011111111111011
11111111111101111111101
11111111111011111111110
50
01111111111111111111111111111111111111011111111111
10111111111111111111111111111111101111101111111111
11011111111111111111111111111111111111111101111110
11101111111111111111111111111111111011111111111111
11110111111001111111111111111111111111111111111111
11111011110111111111111111111111111111111111111111
11111101111111111111101111111111111111111111111111
11111110111111111111111111111111111111111111111111
11111111011111111111111111111111111111111111111111
11111111101111111110111111111111111111011111111111
11111011110111110111111111111111111111111111111111
11110111111011111111111111111111111111111111111111
11110111111100111111111111111111111111111111111111
11111111111100111111111111111111111111111111111111
11111111111111011111111111111111110111111011111111
11111111111111101111111111111111111111111111111111
11111111110111110111111111111110111111111111111111
11111111111111111011111111111111111110111111111111
11111111111111111101111111111101111111111111111111
11111111101111111110111111111111111111111111111111
11111111111111111111010101111111111111111111111111
11111101111111111111101111111111111101111111111111
11111111111111111111010111110111111111111111111111
11111111111111111111111011111111111110111111111111
11111111111111111111011101110111111111111111111111
11111111111111111111111110111111111111111111101111
11111111111111111111111111011111111111111111111111
11111111111111111111111111101101111111111111111111
11111111111111111111110101110111111111111111111111
11111111111111111111111111111011111111111101111110
11111111111111111101111111101101111111111111111111
11111111111111110111111111111110111111111111111111
11111111111111111111111111111111011111111111111111
10111111111111111111111111111111101111111111111101
11111111111111011111111111111111110111111011111111
11101111111111111111111111111111111011111111111111
11111111111111111111101111111111111101111111111111
11111111111111111011111011111111111110111111111111
01111111101111111111111111111111111111011111111111
10111111111111111111111111111111111111101111111111
11111111111111111111111111111111111111110111111111
11111111111111011111111111111111110111111011111111
11011111111111111111111111111011111111111101111111
11111111111111111111111111111111111111111110111111
11111111111111111111111111111111111111111111011111
11111111111111111111111110111111111111111111101111
11111111111111111111111111111111111111111111110111
11111111111111111111111111111111111111111111111011
11111111111111111111111111111111101111111111111101
11011111111111111111111111111011111111111111111110
46
0111111111111111011111111111111111111111111101
1011110111111111110111111111111111111111111111
1101111111110111111111111111111111111111111111
1110101111111111111111111111111111111111111111
1111011111111111111111110111111111111111111111
1110101111111111111111111111111111111101111111
1011110111111111111111111111111111111011111111
1111111011110111111111111111111111111111111111
1111111101111111111111111111111111111110111111
1111111110111011111111111111111111111111101111
1111111111011111111111111111111111111111111111
1111111111101111111111111011111111111111111111
1101111011110111111111111111111111111111111111
1111111110111011111111111111111111111111111111
1111111111111101111111111111111111111111111111
1111111111111110111111111111111111111111111111
0111111111111111011111111111111111111111111101
1111111111111111101111111111111111111111111111
1011111111111111110111111111111111111011111111
1111111111111111111011111111111111111111111111
1111111111111111111101101111111111111111111111
1111111111111111111110111111111111111111110111
1111111111111111111111011111111111111111111111
1111111111111111111101101111111111101111111111
1111011111111111111111110111111111111111111110
1111111111101111111111111010111111111111111111
1111111111111111111111111101111111111111111110
1111111111111111111111111010111111111111111111
1111111111111111111111111111011011111111111111
1111111111111111111111111111101111111111111111
1111111111111111111111111111110111111111111111
1111111111111111111111111111011011111111111111
1111111111111111111111111111111101111111111011
1111111111111111111111111111111110101111111111
1111111111111111111111111111111111011111111111
1111111111111111111111101111111110101111111111
1111111111111111111111111111111111110111101111
1111110111111111110111111111111111111011111111
1111101111111111111111111111111111111101111111
1111111101111111111111111111111111111110111111
1111111111111111111111111111111111111111011111
1111111110111111111111111111111111110111101111
1111111111111111111110111111111111111111110011
1111111111111111111111111111111101111111110011
0111111111111111011111111111111111111111111101
1111111111111111111111110101111111111111111110
45
011111111111111111111111111111111111111111111
101111111111111111101111111111111111111111111
110111111111111111111111111111111111111011111
111011111111111111111111101111111111111111111
111101111111111111111111011111111111111111111
111110111101111111111111111111111111110111111
111111011111111111011111111011111111111111111
111111101111111111111111111111111111111111111
111111110111111111111101111111111110111111111
111111111011111111111111111111111111111111111
111110111101111111111111111111111111111111111
111111111110111111111111111110111111111111011
111111111111011111111111111111101111111111111
111111111111101111111111111111111111111111111
111111111111110111111011111101111111111111111
111111111111111001111111111111111111111111111
111111111111111001101111111111111111111111111
111111111111111110111111111111111111111111111
111111011111111111011111111110111111111111111
101111111111111101101111111111111111111111111
111111111111111111110111011111111111111111111
111111111111110111111011111111111111111111111
111111110111111111111101111111111111111111111
111111111111111111111110111111111111110111111
111101111111111111110111011111111111111111111
111011111111111111111111101111111111111111111
111111111111111111111111110111111110111111111
111111011111111111111111111011111111111111011
111111111111110111111111111101111111111111111
111111111110111111011111111110111111111111111
111111111111111111111111111111011111111111111
111111111111011111111111111111101111111111111
111111111111111111111111111111110111111111111
111111111111111111111111111111111011001111111
111111111111111111111111111111111101111111111
111111110111111111111111110111111110111111111
111111111111111111111111111111111011011111111
111111111111111111111111111111111011101101111
111110111111111111111110111111111111110111111
110111111111111111111111111111111111111010111
111111111111111111111111111111111111101101111
111111111111111111111111111111111111111010111
111111111110111111111111111011111111111111011
111111111111111111111111111111111111111111101
111111111111111111111111111111111111111111110
48
011111111111111111111111111111111111111111111111
101111111111111111111111111111011111111110111111
110111111111111111111111111111111111111111111111
111011111111111111111111111111011111111111111111
111101111111110111111111110111111111111111111111
111110111111111111111111101111111111111111111111
111111011111111111111011111111111111111111111111
111111101111111111111111111111111111111111111111
111111110111011111111111111111111111111011111111
111111111011111111111111111111110111111111111111
111111111101111111111111111111111111111111011111
111111111110111111111111111111111111111111101111
111111110111011111111111111111111111111011111111
111111111111101111111111111111111111111111111110
111101111111110111111111111011111111111111111111
111111111111111011111111111111111111111111111111
111111111111111101111111111111111111111111111111
111111111111111110111111111111111111111111111111
111111111111111111011011111111111111111111111111
111111111111111111101111111111111111011111111111
111111111111111111110110111111111111111111111111
111111011111111111011011111111111111111111111111
111111111111111111111101111111111111101111111011
111111111111111111110110111111111111111101111111
111111111111111111111111011111111111111111111111
111110111111111111111111101111111111111111011111
111101111111111111111111110011111111111111111111
111111111111110111111111110011111111111111111111
111111111111111111111111111101111111110111111111
111111111111111111111111111110111111111111110111
101011111111111111111111111111011111111111111111
111111111111111111111111111111101111111111111111
111111111011111111111111111111110111111111111111
111111111111111111111111111111111011111111111011
111111111111111111111111111111111101011111111111
111111111111111111111111111111111110111111111111
111111111111111111101111111111111101011111111111
111111111111111111111101111111111111101111111111
111111111111111111111111111101111111110111111110
111111110111011111111111111111111111111011111111
111111111111111111111110111111111111111101111111
101111111111111111111111111111111111111110111111
111111111101111111111111101111111111111111011111
111111111110111111111111111111111111111111101111
111111111111111111111111111110111111111111110111
111111111111111111111101111111111011111111111011
111111111111111111111111111111111111111111111101
111111111111101111111111111111111111110111111110
39
011111111111111111111111111111111111111
101111111110111111110111111111111111111
110111111111111111101111111111111111111
111011111111111111111111111111101111111
111101111111111111111111011111111111111
111110111111111111111111111111111111101
111111011111111111111111111111111111111
111111101111111111111111101111111111111
111111110111111111111111111111111111111
111111111011111111111111111101111111111
111111111101111111111111111111111111011
101111111110110111111111111111111111111
111111111111011111111111111111111111111
111111111111101111111111111111111110111
111111111110110111111111111111111111111
111111111111111011111111111101111011111
111111111111111101111111110111111111111
111111111111111110111111111111111111111
111111111111111111011111011111111111111
110111111111111111101110111111111111111
101111111111111111110111111111111111111
111111111111111111111011111111111111111
111111111111111111111101111011111111111
111111111111111111101110111111111111111
111101111111111111011111011111111111111
111111101111111111111111100111111111111
111111111111111101111111100111111111111
111111111111111111111101111011011111111
111111111011111011111111111101111111111
111111111111111111111111111110111111111
111111111111111111111111111011011111111
111011111111111111111111111111101111111
111111111111111111111111111111110111111
111111111111111011111111111111111011111
111111111111111111111111111111111101111
111111111111101111111111111111111110101
111111111101111111111111111111111111011
111110111111111111111111111111111110101
111111111111111111111111111111111111110
50
01111111111111111111111111111101111111111111111111
10111111111111111111111011111111111011111111111111
11011111111111111111111111111111111111111111111111
11101010111111111111111111111111111111111111111111
11110110111011111111111111111111111111111111111111
11101011111111111111111111111111111111111111111111
11111101111110111111111111111111111011111111111111
11100110111111111111111111111111111111111111111111
11111111011111111111111111111111111111011111111111
11111111101111111111111111111111111111111111111111
11111111110111111111111011111111111111111111111111
11110111111011111011111111111111111111111111111111
11111111111101111111111111111111111111111111111111
11111101111110111111111111111111111111111111111111
11111111111111011111111111111111111111111101101111
11111111111111101111111111101111111111111111111111
11111111111111110111011111111111111111111110111111
11111111111011111011111111111111111111111111111111
11111111111111111101111111111111101111111111111011
11111111111111111110111111111111111111101111111011
11111111111111110111010111111111111111111111111111
11111111111111111111101111111101110111111111111111
11111111111111111111010111111111011111111111111111
10111111110111111111111011111111111111111111111111
11111111111111111111111101111111111111111111111111
11111111111111111111111110111111111111111111111111
11111111111111111111111111011111110111111111110111
11111111111111101111111111101111111111111111111111
11111111111111111111111111110111111111111111111111
11111111111111111111111111111011111111111111111111
01111111111111111111101111111101111111111111111111
11111111111111111111111111111110111111111111111111
11111111111111111111110111111111011110111111111111
11111111111111111101111111111111101111111111111111
11111111111111111111101111011111110111111111111111
10111101111111111111111111111111111011111111111111
11111111111111111111111111111111111101110111111111
11111111111111111111111111111111011110111111111111
11111111011111111111111111111111111111011111111111
11111111111111111110111111111111111111101111011111
11111111111111111111111111111111111101110111111110
11111111111111111111111111111111111111111011111111
11111111111111011111111111111111111111111101111111
11111111111111110111111111111111111111111110111111
11111111111111111111111111111111111111101111011111
11111111111111011111111111111111111111111111101110
11111111111111111111111111011111111111111111110111
11111111111111111100111111111111111111111111111011
11111111111111111111111111111111111111111111111101
11111111111111111111111111111111111111110111101110
41
01111111111111111110111111111111111111111
10111111111111111111111111011111111111111
11011111111111111111111111111111111111111
11101111111111111111111111111111111111111
11110111111111011101111111111111111111111
11111011111111110111111111111111111101111
11111101111111111111111111111111111111111
11111110111111111111111111111111111111111
11111111011100111111111111111111111111111
11111111101011111111111111111101111111111
11111111110111111111111111111111111111111
11111111101011111111111111110111111111111
11111111011101111111111111111111111111111
11111111011110111111111111111111111111111
11110111111111011111111111111111111011111
11111111111111101111111111111111111111111
11111011111111110111111111111111111101111
11111111111111111011111111111111111111111
11110111111111111101111111111111111011111
01111111111111111110111111111111111111110
11111111111111111111011111111111111110111
11111111111111111111101111111111111111110
11111111111111111111110111111111011111111
11111111111111111111111011111111111111111
11111111111111111111111101011011111111111
11111111111111111111111110111110111111111
10111111111111111111111101011111111111111
11111111111111111111111111101111111111111
11111111111011111111111111110101111111111
11111111111111111111111101111011111111111
11111111101111111111111111110101111111111
11111111111111111111111110111110111111111
11111111111111111111110111111111001111111
11111111111111111111111111111111001111111
11111111111111111111111111111111110111011
11111111111111011101111111111111111011111
11111011111111110111111111111111111101111
11111111111111111111011111111111111110111
11111111111111111111111111111111110111011
11111111111111111111111111111111111111101
11111111111111111110101111111111111111110
48
011111111111111111111111101111111011111111111111
101111111111111111101111111111111111111111111111
110111111111110111111011111111111111111111111111
111011100111111111111111111111111111111111111111
111101111111111111111111111111111111101111111111
111110011111111111111111111110111111111111111111
111110011111111111111111111111110111111111111111
111011101111111111111111111111011111111111111111
111011110111111111111111111111011111111111111111
111111111011111111111111111111111111111111111111
111111111101111111111111111111111111111111111111
111111111110111111111111111111111111111111111111
111111111111011111111111111111111111111111111111
111111111111101111111111111111111110111111111111
110111111111110111111011111111111111111111111111
111111111111111010111111111111111111011111111111
111111111111111101111111111111111111111110111111
111111111111111010111111111111111111011111111111
111111111111111111011111111111111111111110111011
101111111111111111101111111111111110111111111111
111111111111111111110110111111111111111111111111
110111111111110111111011111111111111111111111111
111111111111111111111101111111101111111111110111
111111111111111111110110111111111111111111111110
111111111111111111111111011111111111111111111111
011111111111111111111111101111111111111111111111
111111111111111111111111110111101111111111110111
111111111111111111111111111001111111111111111111
111111111111111111111111111001111111111111111111
111110111111111111111111111110110111111111111111
111111100111111111111111111111011111111111111111
111111111111111111111101110111101111111111111111
111111011111111111111111111110110111111111111111
011111111111111111111111111111111011111111111111
111111111111111111111111111111111101111111111111
111111111111101111101111111111111110111111111111
111111111111111010111111111111111111011111111111
111101111111111111111111111111111111101111111111
111111111111111111111111111111111111110101111111
111111111111111111111111111111111111111011111111
111111111111111111111111111111111111110101111111
111111111111111101011111111111111111111110111111
111111111111111111111111111111111111111111011111
111111111111111111111111111111111111111111101111
111111111111111111111101110111111111111111110111
111111111111111111011111111111111111111111111011
111111111111111111111111111111111111111111111101
111111111111111111111110111111111111111111111110
37
0111111111111111111111111111111111111
1011101111111111111111111111111111111
1101111111111111111111111111111101111
1110111111101111111111111110111111111
1111011111111111111111111111111111111
1011101111111111111111111111111111111
1111110111111111111111111111110111101
1111111011111011111111111111111110111
1111111101111111111111111111101111111
1111111110111111111111111111111111111
1111111111011111111111111111111111111
1110111111101111111111111110111111111
1111111111110111111111111111111111111
1111111011111011110111111111111111111
1111111111111101111111111111111111011
1111111111111110111111111111111111111
1111111111111111011111111111111111111
1111111111111111101111111111111111111
1111111111111011110111111111111111111
1111111111111111111001111111111111111
1111111111111111111001111111111111111
1111111111111111111110011111111101111
1111111111111111111110011111111111111
1111111111111111111111101111011111111
1111111111111111111111110111111111111
1111111111111111111111111011111111011
1111111111111111111111111101111111111
1110111111101111111111111110111111111
1111111111111111111111101111011111111
1111111101111111111111111111101011111
1111110111111111111111111111110111110
1111111111111111111111111111101011111
1101111111111111111110111111111101111
1111111011111111111111111111111110111
1111111111111101111111111011111111011
1111110111111111111111111111111111100
1111111111111111111111111111110111100
36
011111111111111111111111111101111111
101111111111111111111111111111111111
110111111111111111111011111111111111
111011111111111111101110111111111111
111101111111111111111111011111111111
111110111111110011111111111111111111
111111011111111111111111111111011111
111111101011111111111111111111111111
111111110111111111111111101111101111
111111101011111111111101111111111111
111111111101111111111111111111111111
111111111110111111011111111111111111
111111111111011111111111111111111111
111111111111101111111101111111111111
111110111111110111111110111111111111
111110111111111011101111111111111111
111111111111111101111111111111111111
111111111111111110111111111111111111
111111111110111111011111111111111111
111011111111111011101111111111111111
111111111111111111110111111101111111
110111111111111111111011111111111111
111111111011101111111101111111111111
111011111111110111111110111111111111
111101111111111111111111011111011111
111111110111111111111111101111111111
111111111111111111111111110111111111
111111111111111111111111111011111111
011111111111111111110111111101111111
111111111111111111111111111110111111
111111011111111111111111011111011111
111111110111111111111111111111101111
111111111111111111111111111111110111
111111111111111111111111111111111010
111111111111111111111111111111111101
111111111111111111111111111111111010
39
011111111111101111111111111111111111111
101111111111111111111111101111111111111
110111111111111111111111111111111111111
111011111111011111111111111111111111111
111101111101111111111111111111111111111
111110110111111111111110111111111111111
111111010111111111111111111111111111111
111111101111111111111111111111111111111
111110010111111111111111111111111111111
111111111011101111111111111111111111111
111101111101111111111111111111111111111
111111111110111111111111111111111111111
111011111111011111111111111111111111111
011111111011101111111111111111111111111
111111111111110111111111111111111111011
111111111111111011111011111111111111111
111111111111111101111111111111111111111
111111111111111110111111101111111111111
111111111111111111011111011110111111111
111111111111111111101111111111111111111
111111111111111111110111111111111111111
111111111111111011111011111111110111111
111111111111111111111101111111111111111
111110111111111111111110111111111111111
111111111111111111011111011011111111111
101111111111111110111111101111111111111
111111111111111111111111110111011110111
111111111111111111111111011010111111111
111111111111111111111111111101111111111
111111111111111111011111111010111111111
111111111111111111111111110111011110111
111111111111111111111111111111101011111
111111111111111111111011111111110101111
111111111111111111111111111111101011111
111111111111111111111111111111110101111
111111111111111111111111110111011110111
111111111111110111111111111111111111011
111111111111111111111111111111111111101
111111111111111111111111111111111111110
30
011111111111111111111111111111
101111111110111111111111110111
110111111111111111111111111111
111011111111111111110111111111
111101111111111111011111101111
111110101111111111111111111111
111111011111111111111111111111
111110101111111111111111111111
111111110111111111111111011111
111111111001111111111110111111
111111111001111111111111111111
101111111110111111111111111111
111111111111011111111111111111
111111111111101111111111101111
111111111111110111111110111111
111111111111111011111111011111
111111111111111101111111111111
111111111111111110111111111101
111101111111111111011111111111
111111111111111111101111111111
111011111111111111110111111111
111111111111111111111011111111
111111111111111111111101111111
111111111011110111111110111111
111111110111111011111111011111
111101111111101111111111101111
101111111111111111111111110111
111111111111111111111111111011
111111111111111110111111111101
111111111111111111111111111110
45
011111111111111111111111111111111101111111111
101111111111111011111111111110111111111111111
110111110111111111111111111111111111111101111
111011110111111111111111111111111111111111111
111100111111111111111111111111111111111111111
111100111111111111111111111101111111111111111
111111011111111111111111111111111111111111111
111111101111111111101111111110111111111111111
110011110111111111111111111111111111111111111
111111111011111111111111111111111111111111111
111111111101111111111111111111111110111111111
111111111110111111111111111111111111111111111
111111111111011101111111111111011111111111111
111111111111101111111111111111111111111111111
111111111111110111111111111111111111111111111
101111111111111011111111111111111111111111111
111111111111011101111111111111111111111110111
111111111111111110111111111111111111101111111
111111111111111111011101110111111111111111111
111111101111111111101111111111111111111111111
111111111111111111110111111111111111111111111
111111111111111111111011111111111111011111111
111111111111111111011101111111111111111111011
111111111111111111111110111111111111111111111
111111111111111111111111011111111111111111111
111111111111111111111111101111111111011111111
111111111111111111011111110111111111111111111
111111111111111111111111111011111111111110111
111110111111111111111111111101111111111111111
101111101111111111111111111110111111111111111
111111111111011111111111111111011111111111111
111111111111111111111111111111101111111111111
111111111111111111111111111111110111111111101
111111111111111111111111111111111011111011111
011111111111111111111111111111111101111111111
111111111101111111111111111111111110111011111
111111111111111111111011101111111111011111111
111111111111111110111111111111111111101111111
111111111111111111111111111111111111110111111
111111111111111111111111111111111010111011111
110111111111111111111111111111111111111101111
111111111111111101111111111011111111111110111
111111111111111111111101111111111111111111010
111111111111111111111111111111110111111111101
111111111111111111111111111111111111111111010
45
011011111111111101111111111111111111111111111
101111111111111111111110111111111111111111111
110111111111111111111111111111011111111111111
011011111111111011111111111111111111111111111
111101111111111111111111111111111111111111111
111110111111111110111111111111101111111111111
111111011111111111111111111111111111111111111
111111101111101111110111111111111111111111111
111111110111111111111111111111111111111111111
111111111011111111111011111111110111111111111
111111111101111111111111111111111101111110111
111111111110011111111111111111111111110111111
111111111110011111111111110111111111111111111
111111101111101111111111111111111111111111111
111111111111110111111111111111111111111111111
111011111111111011111111111101111111111111111
011111111111111101111111111111111111111111111
111110111111111110111111111111111111111111111
111111111111111111011111111111111101111101111
111111111111111111101111111110111111111111101
111111101111111111110111111111111111111111111
111111111011111111111011111111111111111111111
111111111111111111111101111111111111111111111
101111111111111111111110111111111111111111111
111111111111111111111111011111111111111111111
111111111111111111111111101111111111111111111
111111111111011111111111110111111111111111111
111111111111111111111111111011111111111111101
111111111111111011111111111101111111111111111
111111111111111111101111111110111111111111111
110111111111111111111111111111011111111111111
111110111111111111111111111111101111111111111
111111111011111111111111111111110111111111111
111111111111111111111111111111111011111111111
111111111101111111011111111111111101111111111
111111111111111111111111111111111110111111011
111111111111111111111111111111111111011111111
111111111111111111111111111111111111101111110
111111111110111111111111111111111111110111111
111111111111111111111111111111111111111011111
111111111111111111011111111111111111111101111
111111111101111111111111111111111111111110111
111111111111111111111111111111111110111111011
111111111111111111101111111011111111111111101
111111111111111111111111111111111111101111110
27
011101111111011111111111111
101110111111111110111111111
110111111111111111111111111
111011111111111110111111101
011101111011111111111111111
101110111111111111111111111
111111011111111111111111111
111111100111111111101111111
111111100111111101111111111
111101111011011111111111111
111111111101111111111111111
111111111110111111111111111
011111111011011111111111111
111111111111101111111111111
111111111111110111010111111
111111111111111011111111101
111111110111111101101111111
101011111111111110111111111
111111111111110111010111111
111111101111111101101111111
111111111111110111010111111
111111111111111111111011111
111111111111111111111101111
111111111111111111111110111
111111111111111111111111011
111011111111111011111111101
111111111111111111111111110
34
0111111110111111111111111101111111
1011111111111111111111111111111111
1101111011111111111111111111110111
1110111111111111111111111111111111
1111011111101110111111111111111111
1111101111111111111111111111111111
1111110111111111111111111111111111
1101111001111111111111111111111111
1111111001111111111111111111111011
0111111110111111111111110111111111
1111111111011111111111111111111011
1111011111101111110111111111111111
1111111111110111111111111111111111
1111111111111011101111111111101111
1111111111111101111111111111111111
1111011111111110110111111111111111
1111111111111111011010111111111111
1111111111111011101111111011111111
1111111111101110110111111111111111
1111111111111111011010111111111111
1111111111111111111101101111111110
1111111111111111011010111111111111
1111111111111111111111011111111111
1111111111111111111101101111111110
1111111110111111111111110101111111
1111111111111111101111111011101111
0111111111111111111111110101111111
1111111111111111111111111110111111
1111111111111111111111111111011111
1111111111111011111111111011101111
1101111111111111111111111111110111
1111111101011111111111111111111011
1111111111111111111111111111111101
1111111111111111111101101111111110
45
011111111111111111111111111111111110111111111
101111111111111111111110111111111111111111101
110111111111111111111111111111111111111111111
111011111101111111111111111111111111111111111
111101111111111011111111111111111111111101111
111110111111111111111111111111101101111111111
111111011111111011111111111111111111111101111
111111101111111111111111111111111111111111111
111111110111111111111111111111111111111111111
111111111011111110101111111111111111111111111
111011111101111111111111111111111111111111111
111111111110111111111111111111111111111111111
111111111111011111111011111111111111111110111
111111111111101111111110111111111111111111101
111111111111110111111111111101111011111111111
111101011111111011111111111111111111111111111
111111111111111101111111111111111110101111111
111111111011111110101111111111111111111111111
111111111111111111011111111111111111111111111
111111111011111110101111111111111111111111111
111111111111111111110111111111111111111111111
111111111111011111111011111111111111111110111
111111111111111111111101111111111111111111111
101111111111101111111110111111111111111111111
111111111111111111111111011111111111111111111
111111111111111111111111100111011111111111111
111111111111111111111111100111110111111111111
111111111111111111111111111011111111111111111
111111111111110111111111111101111111111111011
111111111111111111111111111110111111111011111
111111111111111111111111101111010111111111111
111110111111111111111111111111101101111111111
111111111111111111111111110111010111111111111
111111111111110111111111111111111011111111011
111110111111111111111111111111101101111111111
011111111111111101111111111111111110111111111
111111111111111111111111111111111111011111111
111111111111111101111111111111111111101111110
111111111111111111111111111111111111110111110
111111111111111111111111111110111111111011111
111101011111111111111111111111111111111101111
111111111111011111111011111111111111111110111
111111111111111111111111111101111011111111011
101111111111101111111111111111111111111111101
111111111111111111111111111111111111100111110
23
01111111111111111111111
10011111111111111111101
10011111111011111111111
11101111111111111111011
11110111111111111111111
11111011011111111101111
11111101111111111111111
11111110111111111111111
11111011001111111111111
11111111001111111101111
11111111110111111111111
11011111111011111111111
11111111111101111110110
11111111111110111111111
11111111111111011111111
11111111111111101111111
11111111111111110111111
11111111111111111011111
11111011101111111101111
11111111111101111110110
11101111111111111111001
10111111111111111111001
11111111111101111110110
43
0111101101111111111111111111111111111111111
1011111111111111111111111111111111111111111
1101111111101111111111111111111111111111110
1110111111111111111111111111111111111111111
1111011111111101111111111111111111101111111
0111101111111111111111111111111111111011111
1111110111111111111111111111111111111110011
1111111011111111101111111111111111111111101
0111111101111111111011111111111111111111111
1111111110111111111111111111111111111111111
1111111111011111111101111111111111111111111
1101111111101111111111111111111111111111110
1111111111110111111111111111111111111111111
1111111111111011111111111111111111111111111
1111011111111101111110111111111111111111111
1111111111111110111111111111111111111111111
1111111111111111011101111011111111111111111
1111111011111111101111111111111111111101111
1111111111111111110111111111100111111111111
1111111101111111111011111111111111111011111
1111111111011111011101111111111111111111111
1111111111111101111110110111111111111111111
1111111111111111111111011001111111111111111
1111111111111111111111101111111111111111111
1111111111111111111110110111111111101111111
1111111111111111011111011011111111111111111
1111111111111111111111011101111111111111111
1111111111111111111111111110111111111111111
1111111111111111111111111111011001111111111
1111111111111111110111111111100111111111111
1111111111111111110111111111100111111111111
1111111111111111111111111111011011011111111
1111111111111111111111111111011101011111111
1111111111111111111111111111111110111111111
1111111111111111111111111111111001011111111
1111011111111111111111110111111111101111111
1111111111111111111111111111111111110111111
1111101111111111111011111111111111111011111
1111111111111111101111111111111111111101101
1111110111111111111111111111111111111110011
1111110111111111111111111111111111111110011
1111111011111111111111111111111111111101101
1101111111101111111111111111111111111111110
22
0111111111111111110101
1011101111110111111111
1101111110111111111111
1110111111111111111111
1111011111111111111111
1011101111011111111111
1111110111111111111111
1111111011111111111111
1111111101111111111111
1101111110111111111110
1111101111011011111111
1111111111101111111111
1011111111110110111111
1111111111011010111111
1111111111111101111111
1111111111110010111111
1111111111111111011111
1111111111111111101111
0111111111111111110110
1111111111111111111011
0111111111111111111101
1111111110111111110110
25
0111111101101111111111111
1011111111111111111111111
1101111111110111111111011
1110111110111111111111111
1111011111111110111110111
1111101111111110111110111
1111110111111111111111111
1111111011111111111111111
0111111101111111111111110
1110111110101111111111111
1111111111011101111111111
0111111110101111111111111
1101111111110111111111011
1111111111111011111111111
1111111111011101111111111
1111001111111110111111111
1111111111111111011111111
1111111111111111101111111
1111111111111111110111111
1111111111111111111011111
1111111111111111111101111
1111001111111111111110111
1101111111110111111111011
1111111111111111111111101
1111111101111111111111110
16
0111111111111111
1011111111111111
1101111111111111
1110111111111111
1111011111111101
1111101111111111
1111110101111101
1111111011111111
1111110100111111
1111111100101111
1111111111011111
1111111110101111
1111111111110111
1111111111111011
1111010111111101
1111111111111110
21
011111111111111111111
101111011111111110111
110111111111101111011
111011111111101111011
111101110111111111110
111110111111111111111
101111011110111111111
111111101111111111111
111101110111111111110
111111111011111111111
111111111101111111111
111111011110111110111
111111111111011111111
110011111111101111111
111111111111110111111
111111111111111011111
111111111111111101111
101111111110111110111
110011111111111111011
111111111111111111101
111101110111111111110
28
0111111111101111111110111111
1011101110111111111111111111
1101111111111111110111011111
1110111111111111111111111111
1111011111111111111111111111
1011101110111111111111111111
1111110111111111111111110011
1111111011101111111110111111
1111111101111111111111111111
1011101110111111111111111111
1111111111011111111111111111
0111111011101111111111111111
1111111111110101111111111110
1111111111111011111111111111
1111111111110101111111111110
1111111111111110110111011111
1111111111111111011111110011
1111111111111111101111111111
1101111111111110110111111111
1111111111111111111011111111
1111111111111111111101111111
0111111011111111111110111111
1101111111111110111111011111
1111111111111111111111101111
1111110111111111011111110111
1111110111111111011111111011
1111111111111111111111111101
1111111111110101111111111110
39
011101110111111111111111111111111111111
101111111111111111111111111111111111111
110111111111110111111111111111110111111
111011111111111111111111111111111111111
011101111111111111111111111111011111111
111110111111111111111111111111111111111
111111011111111111111111111111101111110
111111101101111111111111101111111111111
011111110111111111111111111111011111111
111111111011111111111111110111111101111
111111101101111111111111101111111111111
111111111110111011111111111111111111101
111111111111001101111111111111111111111
111111111111001101111111111111111111111
110111111111110111111111111101111111111
111111111110111011111111111111111111101
111111111111001101111111111111111111111
111111111111111110011111111111111111111
111111111111111110011111111111111111111
111111111111111111101111111111111111111
111111111111111111110111111111111111111
111111111111111111111011110111111101111
111111111111111111111101111111111011111
111111111111111111111110111111111111111
111111111111111111111111011111111111111
111111101101111111111111101111111111111
111111111011111111111011110111111111111
111111111111111111111111111011101111110
111111111111110111111111111101110111111
111111111111111111111111111110111111111
111101110111111111111111111111011111111
111111011111111111111111111011101111111
110111111111111111111111111101110111111
111111111111111111111101111111111011111
111111111011111111111011111111111101111
111111111111111111111111111111111110111
111111111111111111111111111111111111011
111111111110111011111111111111111111101
111111011111111111111111111011111111110
17
00110111111111111
00101111111111111
11011111111111111
10100111111111111
01100111111111111
11111011111111111
11111101111111111
11111110111111111
11111111011111111
11111111100101111
11111111100101111
11111111111011111
11111111100101111
11111111111110111
11111111111111011
11111111111111101
11111111111111110
50
00111111111111111111111111111111111111111011111111
00111111111111111111111111111110111111111111111111
11011111111111111111111111111111111111111111111111
11101111111110111111111111111111111111111111101111
11110111111111111011111111111111101111111111111111
11111011111111111111111111111111111111111111111110
11111101111111111111111111111111111110111111111011
11111110111111111111111111111111111111111111111111
11111111011111111111110111111111111111111111011111
11111111101111011111111111111111111011111111111111
11111111110111111111111111111111111101111111011111
11111111111010111111111111101111111111111111111111
11111111111101111111111111101111111111111111101111
11101111111010111111111111111111111111111111111111
11111111101111011111111111111111111111111111111101
11111111111111101111101111111111111011111111111111
11111111111111110111111111111110110111111111111111
11110111111111111010111111111111111111111111111111
11111111111111111101111111111111011110111111111111
11111111111111111010111111111111111111011111111111
11111111111111111111011111111111111111111111111111
11111111111111101111101111111111111111111111111101
11111111011111111111110011111111111111111111111111
11111111111111111111110011111111111101111111111111
11111111111111111111111101111111111111111111111111
11111111111111111111111110111111111111110111111111
11111111111111111111111111011111111111111111111111
11111111111001111111111111101111111111111111111111
11111111111111111111111111110111111111111111111111
11111111111111111111111111111011111111111111111111
11111111111111111111111111111101111111111111111111
10111111111111110111111111111110111111111111111111
11111111111111111101111111111111011111111110111111
11110111111111111111111111111111101111111111110111
11111111111111110111111111111111110111111011111111
11111111101111101111111111111111111011111111111111
11111111110111111111111011111111111101111111111111
11111101111111111101111111111111111110111111111111
11111111111111111110111111111111111111011111110111
11111111111111111111111111111111111111101111111111
11111111111111111111111110111111111111110111111111
01111111111111111111111111111111110111111011111111
11111111111111111111111111111111111111111101111111
11111111111111111111111111111111011111111110111011
11111111010111111111111111111111111111111111011111
11101111111101111111111111111111111111111111101111
11111111111111111111111111111111101111011111110111
11111101111111111111111111111111111111111110111011
11111111111111011111101111111111111111111111111101
11111011111111111111111111111111111111111111111110
37
0111111101111111111111111111011111111
1011111111111111111111111111111111111
1101100111111111111111111111111111111
1110111111111111111110111111111111101
1111011111111111111101111111111110111
1101101111111111111111111111101111111
1101110111111111111111111111101111111
1111111011111111111111111111111111111
0111111101111111101111111111111111111
1111111110111111111111111111111111111
1111111111011111111101111111111011111
1111111111100111111011111111111111111
1111111111100011111111111111111111111
1111111111110011110111111111111111111
1111111111111101111111111111111111111
1111111111111110111111111110111101111
1111111111111111011111111111111111111
1111111101111111101111111111011111111
1111111111111011110011111111111111111
1111111111101111110011111111111111111
1111011111011111111101111111111111111
1110111111111111111110111111111111101
1111111111111111111111011111110111011
1111111111111111111111101111111111111
1111111111111111111111110111111111111
1111111111111111111111111011111111111
1111111111111111111111111101111111111
1111111111111110111111111110111101111
0111111111111111101111111111011111111
1111100111111111111111111111101111111
1111111111111111111111011111110111011
1111111111011111111111111111111010111
1111111111111110111111111110111101111
1111011111111111111111111111111010111
1111111111111111111111011111110111011
1110111111111111111110111111111111101
1111111111111111111111111111111111110
