50
41
01111111111111111111110111111111111111111
10111111111110111111111111111111111101111
11011111111101111111111111111111111111111
11101111011111111111111111111111111110111
11110111111111111111111111011111111111111
11111011011111111111111111111111111111111
11111101111111111111111101111111111111111
11111110111011111111111111111111111111111
11101011011111111111111111111111111111111
11111111101111111111111101111111111111111
11111111110111111111111111111111110111111
11111110111011111111111111111111111111111
11011111111101111111111111110111111111111
10111111111110111111111111111111111111111
11111111111111011111111111111111111111100
11111111111111101111111111111111111111011
11111111111111110111111111101111111111110
11111111111111111011111111111111111110111
11111111111111111101111111111111111011111
11111111111111111110111111011111101111111
11111111111111111111011111101111111111101
11111111111111111111101111111111011111111
01111111111111111111110111111111111111111
11111111111111111111111011111110111111111
11111101101111111111111101111111111111111
11111111111111111111111110111111101111111
11110111111111111110111111011111111111111
11111111111111110111011111101111111111111
11111111111101111111111111110111111111111
11111111111111111111111111111001111111111
11111111111111111111111111111001111111111
11111111111111111111111011111110011111111
11111111111111111111101111111110011111111
11111111111111111110111110111111101111111
11111111110111111111111111111111110111111
11111111111111111101111111111111111011011
10111111111111111111111111111111111101111
11101111111111111011111111111111111110111
11111111111111101111111111111111111011011
11111111111111011111011111111111111111101
11111111111111010111111111111111111111110
44
01111011111111111111111111111111111111111111
10111111111111111011111111111111111111111111
11011111111111111111111010111111111111111111
11101111111111111111111111101111111101111111
11110111111111111111111111111111111111111110
01111011111111111111111111111111111111111111
11111101111110111111111111111011111111111111
11111110111111111111111111011111110111111111
11111111011111111111111111111111101111111111
11111111101111111111111111111111111011111111
11111111110110111111111111111011111111111111
11111111111011111111111111111111111110111111
11111111111101111111011111111111111111111111
11111101110110111111111111111111111111111111
11111111111111011111111111111111111111110111
11111111111111101111111111111111111111111101
11111111111111110111111111111111111011111111
10111111111111111011111111111110111111111111
11111111111111111101111111110111111111101111
11111111111111111110111111111111111111101111
11111111111101111111011111111111111111111111
11111111111111111111101111110111111111111111
11111111111111111111110111111111011111111111
11011111111111111111111011111111111111111101
11111111111111111111111101111110111111111111
11011111111111111111111110111111111111111111
11111110111111111111111111011111111111111011
11101111111111111111111111101111111101111111
11111111111111111101101111110111111111111111
11111101110111111111111111111011111111111111
11111111111111111111111111111101101111111111
11111111111111111011111101111110111111111111
11111111111111111111110111111111011111111111
11111111011111111111111111111101101111111111
11111110111111111111111111111111110111111111
11111111101111110111111111111111111011111111
11101111111111111111111111101111111101111111
11111111111011111111111111111111111110111111
11111111111111111111111111111111111111010111
11111111111111111100111111111111111111101111
11111111111111011111111111111111111111010111
11111111111111111111111111011111111111111011
11111111111111101111111011111111111111111101
11110111111111111111111111111111111111111110
35
01111111111111110111111111111111111
10111111111111111111011111111111111
11011111111111110101111111111111111
11101111111111101111111011111111111
11110111011111111111111111111101111
11111011111111111111111111011111111
11111101111111111111111110111111111
11111110111111111111011111110111111
11110111011111111111111111111111111
11111111101111101111111111111111111
11111111110111111111101111111110111
11111111111010111111111111111111111
11111111111101111111111111111111011
11111111111010111111111111111111111
11111111111111011111111111101111111
11101111101111101111111111111111111
01011111111111110111111111111111111
11111111111111111011111011111111111
11011111111111111101111111111111111
11111111111111111110111111111111110
10111110111111111111011111111111111
11111111110111111111101111111111111
11111111111111111111110111111111110
11101111111111111011111011111111111
11111111111111111111111101111111101
11111101111111111111111110111110111
11111011111111111111111111011111111
11111111111111011111111111101011111
11111110111111111111111111110111111
11111111111111111111111111101011111
11110111111111111111111111111101111
11111111110111111111111110111110111
11111111111101111111111111111111011
11111111111111111111111101111111101
11111111111111111110110111111111110
47
01111111111111111111111011110111111111111111111
10111111111111111111111111101111111111111111011
11011011111111111111111111111111111111101111111
11101111111111111111111011111111111111111111111
11110111111111011111111111111111101111111111111
11011011111111111111111111111111111111110111111
11111101111111111111111111111011111111111111111
11111110111111111111111101111111111111111111111
11111111011111111111111111111011111110111111111
11111111101111111111111101111111111111110111111
11111111110111111111111111111110111111111111111
11111111111011111111111111111111011111111111111
11111111111101111111101111111111111111111111111
11111111111110111111111111111111111101111111111
11110111111111011111111111111111111111111111111
11111111111111101111111111111111110111111111111
11111111111111110111111111111111110111111110111
11111111111111111011111111111111111101111111101
11111111111111111101111111011111111111111111111
11111111111111111110110111111111111111111111110
11111111111111111111011110111111111111111111111
11111111111101111111101111111111111111111111111
11111111111111111110110111111111111111111111111
01101111111111111111111011111111111111111111111
11111110101111111111111101111111111111111111111
11111111111111111111011110111111111111111101111
11111111111111111101111111011111011111111111111
10111111111111111111111111101111111111111111111
01111111111111111111111111110111111111111111111
11111101011111111111111111111011111111111111111
11111111111111111111111111111101111111011111111
11111111110111111111111111111110111111111110111
11111111111011111111111111011111011111111111111
11110111111111111111111111111111101111111101111
11111111111111100111111111111111110111111111111
11111111111111111111111111111111111011111111101
11111111111110111011111111111111111101111111111
11111111011111111111111111111111111110111011111
11111111111111111111111111111101111111011111111
11011111111111111111111111111111111111101111111
11111011101111111111111111111111111111110111111
11111111111111111111111111111111111110111011111
11111111111111111111111110111111101111111101111
11111111111111110111111111111110111111111110111
10111111111111111111111111111111111111111111011
11111111111111111011111111111111111011111111101
11111111111111111110111111111111111111111111110
17
01101111111101111
10111100111111111
11010111011111111
01101111111111111
11010111110111111
11111011101011111
10111101111111011
10111110111111011
11011111010111111
11111011101111111
11110111010111111
11111011111001111
01111111111001111
11111111111110100
11111100111111011
11111111111110100
11111111111110100
24
011111111111101111011111
100111111111111111111110
100111111111111110111111
111011111111011111111101
111101111011111111110111
111110100111111111111111
111111011110111111101111
111110100111111111111111
111110100111111111111111
111101111011111111110111
111111111101111001111111
111111011110111111111011
111011111111011011111111
011111111111100111111111
111111111111100111011111
111111111101011011111111
111111111101111101111111
110111111111111110111110
011111111111110111011111
111111011111111111101011
111101111011111111110111
111111111110111111101011
111011111111111111111101
101111111111111110111110
35
01111111111111111111111101111011111
10111111111111111111111111110111111
11011111110111111111111011111111111
11101111111111111111011111111111111
11110111111111111111111110111101111
11111011111111111111101111111111011
11111101111101111111111111101111111
11111110111111110111111111111111101
11111111011111111011110111111111111
11111111101111111111111110111101111
11011111110111111111111111111111110
11111111111011111111101111111111011
11111101111101101111111111111111111
11111111111110111111111111011110111
11111111111111010101111111111111111
11111111111101101111111111101111111
11111110111111010111111111111111111
11111111011111111011110111111111111
11111111111111011100111111111111111
11111111111111111100111111111111111
11101111111111111111011111111111111
11111011111011111111101111111111111
11111111011111111011110111111111111
11011111111111111111111011111111110
01111111111111111111111101111011111
11110111101111111111111110111111111
11111111111110111111111111011110111
11111101111111101111111111101111111
10111111111111111111111111110111111
01111111111111111111111101111011111
11110111101111111111111111111101111
11111111111110111111111111011110111
11111011111011111111111111111111011
11111110111111111111111111111111101
11111111110111111111111011111111110
13
0101111110111
1001110111111
0001111111111
1110111011011
1111011110111
1111101111100
1011110111111
1110111001111
1111111001011
0111011110111
1110111101011
1111101111100
1111101111100
46
0111111111111111111110111111110111111111111111
1011111011111111111111111111111111111111111111
1101101111111111111111111111111011111111111111
1110111111110111111110111111111111111111111111
1111011111111101111111111101111111111111111111
1101101111111111111111111111111111111111111110
1111110111111111110111111111111111111110111111
1011111011111111111111111111111111111111111111
1111111101111111111111111111101101111111111111
1111111110011111111111111101111111111111111111
1111111110011111101111111111111111111111111111
1111111111101111111111111111111111111111111011
1110111111110111111111111111111111110111111111
1111111111111011110111111111111111111111111111
1111011111111101101111111111111111111111111111
1111111111111110111111111110111111111111011111
1111111111111111011111111110111111101111111111
1111111111011101101111111111111111111111111111
1111110111111011110111111111111111111111111111
1111111111111111111011111111011111111111111111
1111111111111111111101011111111101111111111111
0110111111111111111110111111111111111111111111
1111111111111111111101011011111111111111111111
1111111111111111111111100111111110111111111111
1111111111111111111111100111111111011111111111
1111111111111111111111011011101111111111111111
1111011110111111111111111101111111111111111111
1111111111111110011111111110111111111111111111
1111111111111111111011111111011111111110111111
1111111101111111111111111011101111111111111111
0111111111111111111111111111110111110111111111
1101111111111111111111111111111011111111111101
1111111101111111111101111111111101111111111111
1111111111111111111111101111111110111111101111
1111111111111111111111110111111111011101111111
1111111111111111011111111111111111101111110111
1111111111110111111111111111110111110111111111
1111111111111111111111111111111111111011111100
1111111111111111111111111111111111011101101111
1111110111111111111111111111011111111110111111
1111111111111110111111111111111111111111010111
1111111111111111111111111111111110111101101111
1111111111111111111111111111111111101111010111
1111111111101111111111111111111111111111111011
1111111111111111111111111111111011111011111101
1111101111111111111111111111111111111011111110
33
011111111111111111101110111111111
101111111111101111111111111111101
110111111110101111111111111111111
111001111111111111111111101111111
111001111111011111111111111111111
111110111111111011111111111101111
111111011111111101111111111011111
111111101111111110110111111111111
111111110011111111111011111111111
111111110011110111111111111111111
111111111101111111111111111110011
110111111110111111111111111111101
111101111111011111111111101111111
100111111111101111111111111111111
111111111011110111111011111111111
111110111111111011111111111101111
111111011111111101111111011111111
111111101111111110110111111111111
111111111111111111011111011011111
011111111111111111101110111111111
111111101111111110110111111111111
111111110111110111111011111111111
111111111111111111111101110111110
011111111111111111101110111111111
111111111111111101011111011111111
111011111111011111111111101111111
111111111111111111111101110111011
111111011111111111011111111011111
111110111111111011111111111101111
111111111101111111111111111110111
111111111101111111111111110111011
101111111110111111111111111111101
111111111111111111111101111111110
12
001111111101
001111110111
110110011111
111001101111
111001011111
110110101111
110101011111
111010101111
101111110110
111111111010
011111111101
111111110010
15
011111111111001
101110101111111
110101111011111
111011111111110
110101110111111
101110111101111
111111011110111
101111101101111
111101110111110
110111111011111
111110101101111
111111011110111
011111111111001
011111111111001
111011110111110
6
010110
101011
010101
101010
110101
011010
50
01111111111111111111111111111111111111111111110111
10111111111111111111111111111111011111111111111011
11011101111111111111111111111111111111111101111111
11101111111111011111111111111111101111111111111111
11110111101111111110111111111111111111111111111111
11111011011111111111101111111111111111111111111111
11011101111111111111111111101111111111111111111111
11111110111111111111111111111111111111111111100111
11111011011111111111111111101111111111111111111111
11110111101110111111111111111111111111111111111111
11111111110111111111111111111111111101111111111110
11111111111011101111111111111111111111111111111011
11111111111101111111110111111111101111111111111111
11111111101110111111111111111111111111111111101111
11101111111111011111111111111011111111111111111111
11111111111011101111011111111111111111111111111111
11111111111111110101111111111110111111111111111111
11111111111111111011111111111111111111110101111111
11111111111111110101111111111111111111101111111111
11110111111111111110111111111111111011111111111111
11111111111111101111011111111111111110111111111111
11111011111111111111101111111111111111011111111111
11111111111101111111110111111101111111111111111111
11111111111111111111111011111101111111111111111111
11111111111111111111111100111111111111011111111111
11111111111111111111111100111111111111101111111111
11111111111111111111111111010111111011111111111111
11111101011111111111111111101111111111111111111111
11111111111111111111111111010111111111111110111111
11111111111111011111111111111011111111110111111111
11111111111111111111110011111101111111111111111111
11111111111111110111111111111110111111111011111111
10111111111111111111111111111111010111111111111111
11101111111101111111111111111111101111111111111111
11111111111111111111111111111111010111111110111111
11111111111111111110111111011111111011111111111111
11111111110111111111111111111111111101111111011111
11111111111111111111011111111111111110111111111110
11111111111111111111101101111111111111011111111111
11111111111111111101111110111111111111101111111111
11111111111111111011111111111011111111110111111111
11111111111111111111111111111110111111111011111111
11011111111111111011111111111111111111111101111111
11111111111111111111111111110111110111111110111111
11111111111111111111111111111111111101111111011101
11111110111110111111111111111111111111111111101111
01111110111111111111111111111111111111111111110111
10111111111011111111111111111111111111111111111011
11111111111111111111111111111111111111111111011101
11111111110111111111111111111111111110111111111110
50
01111111111111111111111111101011111111111111111111
10111111111111111111111111011111111111111111111111
11011111111111111111111111111111111111111111001111
11100011111111111111111111111111111111111111111111
11100111111111111111111111111111101111111111111111
11101011111011111111111111111111111111111111111111
11111101111111111101111111111111111011111111111111
11111110011111111111101111111111111111111111111111
11111110011111101111111111111111111111111111111111
11111111100111111111111111111111111111111111111110
11111111100111111111111111111111101111111111111111
11111011111011110111111111111111111111111111111111
11111111111101111111111111111111010111111111111111
11111111111110111111110111111111111111111110111111
11111111111111011111111111111111111111001111111111
11111111011111101111111111111111111111111101111111
11111111111011110111111101111111111111111111111111
11111111111111111011111111111110111011111111111111
11111101111111111101111111111101111111111111111111
11111111111111111110111011111111111111111111110111
11111111111111111111011111011111111111111111111011
11111110111111111111101111111111111111011111111111
11111111111110111111110111111111110111111111111111
11111111111111111110111011111101111111111111111111
11111111111111110111111101111011111111111111111111
11111111111111111111111110100111111111111111111111
10111111111111111111011111011111111111111111111111
01111111111111111111111110101111111111111111111111
11111111111111111111111110110111111111110111111111
01111111111111111111111101111011111111111111111111
11111111111111111101111011111101111111111111111111
11111111111111111011111111111110111111111111111101
11111111111101111111111111111111011101111111111111
11110111110111111111111111111111101111111111111111
11111111111101111111110111111111110111111111111111
11111101111111111011111111111111111011111111111111
11111111111111111111111111111111011101111111101111
11111111111111111111111111111111111110111101111011
11111111111111011111101111111111111111011111111111
11111111111111011111111111111111111111101011111111
11111111111111111111111111110111111111110111111111
11111111111111111111111111111111111111101010111111
11111111111111101111111111111111111110111101111111
11111111111110111111111111111111111111111010111111
11011111111111111111111111111111111111111111011101
11011111111111111111111111111111111101111111101111
11111111111111111110111111111111111111111111110110
11111111111111111111011111111111111110111111111011
11111111111111111111111111111110111111111111011101
11111111101111111111111111111111111111111111110110
11
01111110011
10110111101
11011001111
11100111101
10100111111
11011001111
11011001111
01111110110
01111111010
10101111101
11111110010
18
011111111101111101
101111111101111101
110111110111111110
111001111111011111
111001111111110111
111110001111111111
111110011011111111
111110101011111111
110111110111111110
111111001011111111
001111111101111111
111111111110101011
111011111111010111
111111111110101011
111101111111010111
111111111110101011
001111111111111101
110111110111111110
29
01111111111011111011111111111
10111111011111111111111111111
11011111110111011111111111111
11100111111111111111101111111
11100011111111111111111111111
11110011111111111111101111111
11111101111111101111111111101
11111110111111111111111011011
10111111011111111111111111111
11111111101111111111111110111
11011111110111111111110111111
01111111111010111111111111111
11111111111101111101011111111
11111111111010111011111111111
11011111111111011111110111111
11111101111111101111111111101
11111111111111110111111101110
01111111111110111011111111111
11111111111101111101011111111
11111111111111111110111101110
11111111111101111101011111111
11101011111111111111101111111
11111111110111011111110111111
11111110111111111111111011011
11111111111111110110111101111
11111111101111111111111110111
11111110111111111111111011011
11111101111111101111111111101
11111111111111110110111111110
7
0011110
0011110
1101001
1110001
1100011
1100101
0011110
40
0111111110111111111111110111111111111111
1011111111011111111111011111111111111111
1101111101111111111111111111110111111111
1110111110111110111111111111111111111111
1111011111111111111110111111111111111101
1111101111111110111111110111111111111111
1111110111111111111011111111111111101111
1111111011111011111111111111111011111111
1101111101111011111111111111111111111111
0110111110111111111111111111111111111111
1011111111011111111111111111111101111111
1111111111101111111111111111111111111011
1111111111110111111111111011111110111111
1111111001111011111111111111111111111111
1111111111111101111111101111111111111110
1110101111111110111111111111111111111111
1111111111111111011111111101111111111111
1111111111111111101111111011011111111111
1111111111111111110011111111111111110111
1111110111111111110011111111111111111111
1111111111111111111101111111111111100111
1111011111111111111110101111111111111111
1011111111111111111111011110111111111111
1111111111111101111110101111111111111111
0111101111111111111111110111111111111111
1111111111110111101111111011111111111111
1111111111111111011111111101111111111111
1111111111111111111111011110111111011111
1111111111111111101111111111001111111111
1111111111111111111111111111001110111111
1101111111111111111111111111110011111111
1111111011111111111111111111110011111111
1111111111011111111111111111111101011111
1111111111110111111111111111101110111111
1111111111111111111111111110111101011111
1111110111111111111101111111111111101111
1111111111111111110101111111111111110111
1111111111101111111111111111111111111011
1111011111111111111111111111111111111100
1111111111111101111111111111111111111100
27
011011111111111111110111111
100111111101111111111111111
100111111101111111111111111
011011111111101111111111111
111101011111111111101111111
111110111110111110111111111
111101011111110111111111111
111111101011111111111111011
111111110111111110111110111
111111101011111111111111110
100111111101111111111111111
111110111110111111111110111
111111111111001111110111111
111011111111001111111111111
111111011111110111101111111
111111111111111001111111101
111111111111111001111111101
111110110111111110111111111
111111111111111111011001111
111101111111110111101111111
011111111111011111110111111
111111111111111111011001111
111111111111111111011001111
111111110110111111111110111
111111101111111111111111010
111111111111111001111111101
111111111011111111111111010
46
0111011111111111111111111111111011111111111111
1011111111111111111111111111111111111111110101
1101111111111111111110011111111111111111111111
1110110111111111111111111101111111111111111111
0111011111111111111111111111111101111111111111
1111101111111111111111111011111111111011111111
1110110111111111111111111101111111111111111111
1111111011111111111111111111001111111111111111
1111111101111011110111111111111111111111111111
1111111110111111111111101111111111011111111111
1111111111001111111111111111111111111111111101
1111111111001111111111111111111111111111110111
1111111111110111111011111110111111111111111111
1111111101111011111111111111111111111111101111
1111111111111101111111111111111111111111111010
1111111111111110010111111111111111111111111111
1111111111111110011111111111111111111111101111
1111111111111111101111110111110111111111111111
1111111101111110110111111111111111111111111111
1111111111110111111011111111111111111101111111
1111111111111111111101110111111111110111111111
1101111111111111111110011111111111111111111111
1101111111111111111110011111111111111111111111
1111111110111111111111101111111111011111111111
1111111111111111101101110111111111111111111111
1111101111111111111111111011111111111011111111
1110110111111111111111111101111111111111111111
1111111111110111111111111110111111101111111111
1111111011111111111111111111011111111111011111
1111111011111111111111111111101111111111011111
1111111111111111101111111111110111110111111111
0111111111111111111111111111111001111111111111
1111011111111111111111111111111001111111111111
1111111111111111111111111111111110101101111111
1111111110111111111111101111111111011111111111
1111111111111111111111111110111110101111111111
1111111111111111111101111111110111110111111111
1111101111111111111111111011111111111011111111
1111111111111111111011111111111110111101111111
1111111111111111111111111111111111111110111010
1111111111111111111111111111001111111111011111
1111111111111011011111111111111111111111101111
1011111111101111111111111111111111111111110111
1111111111111101111111111111111111111110111011
1011111111011111111111111111111111111111111101
1111111111111101111111111111111111111110111110
49
0111110111111111111111111111101111111111111111111
1011111111011111111111111111111111111111111110111
1101111111111111111111011111111111111111011111111
1110111111111111111111111111110111111111111111011
1111011111110111111111111111111111111111111101111
1111101111111111111101111111111111101111111111111
0111110111111111111111111111111111111111101111111
1111111011111101111111111111111111111111111111011
1111111101111111111110111111111111111101111111111
1111111110111111001111111111111111111111111111111
1011111111001111111111111111111111111111111111111
1111111111001111111011111111111111111111111111111
1111011111110111111111111111111101111111111111111
1111111111111011111111111111111111011110111111111
1111111011111101111111111111111111111111111111101
1111111111111110111111101111111111111111111011111
1111111110111111011111111101111111111111111111111
1111111110111111101111111111111111111110111111111
1111111111111111110111111111111011111111110111111
1111111111101111111011111111111110111111111111111
1111101111111111111101111111111111110111111111111
1111111101111111111110111111111111111101111111111
1101111111111111111111011111111111111111011111111
1111111111111110111111100111111111111111111111111
1111111111111111111111100011111111111111111111111
1111111111111111111111110011111111111111111011111
1111111111111111011111111101111111011111111111111
1111111111111111111111111110101111111111101111111
1111111111111111111111111111011110111111111110111
0111111111111111111111111110101111111111111111111
1110111111111111111111111111110111111111111111101
1111111111111111110111111111111011111111110111111
1111111111110111111111111111111101111111111101111
1111111111111111111011111111011110111111111111111
1111111111111011111111111101111111011111111111111
1111101111111111111111111111111111101011111111111
1111111111111111111101111111111111110111111111110
1111111111111111111111111111111111101011111111110
1111111101111111111110111111111111111101111111111
1111111111111011101111111111111111111110111111111
1101111111111111111111011111111111111111011111111
1111110111111111111111111110111111111111101111111
1111111111111111110111111111111011111111110111111
1111111111111110111111111011111111111111111011111
1111011111111111111111111111111101111111111101111
1011111111111111111111111111011111111111111110111
1110111011111111111111111111111111111111111111011
1111111111111101111111111111110111111111111111101
1111111111111111111111111111111111110011111111110
6
001110
001101
110001
110010
100101
011010
9
011011101
100111111
100111111
011011101
111100011
111100110
111101010
011011101
111110010
50
01111110111111111111111101111111111111111111111111
10101111111111111110111111111111111111111111111111
11011111111111111111111110110111111111111111111111
10101111111111111011111111111111111111111111111111
11110111111110111111111111111111111111111110111111
11111011111111011111110111111111111111111111111111
11111101111111111111111111101111111111111011111111
01111110111111111111111111111111111101111111111111
11111111011111111111111111111111111011111101111111
11111111101111111111111111011111111111111110111111
11111111110111111111111111111011111111101111111111
11111111111011111111111111111110111011111111111111
11111111111101111111111111111101111111111111011111
11110111111110111111111111111111111110111111111111
11111011111111011111111111111111111110111111111111
11111111111111101111111111111111101111101111111111
11111111111111110111111111111111111111111011111101
11101111111111111011111111110111111111111111111111
11111111111111111101011111111111110111111111111111
10111111111111111110111011111111111111111111111111
11111111111111111101011111111110111111111111111111
11111111111111111111101111111111011111111111111110
11111011111111111111110111111111011111111111111111
11111111111111111110111011111111111111111101111111
01111111111111111111111101111111111111111111111011
11011111111111111111111110111111111111111111110111
11111111101111111111111111011111101111111111111111
11111101111111111111111111101101111111111111111111
11011111111111111011111111110111111111111111111111
11111111110111111111111111111011111111111111101111
11111111111101111111111111101101111111111111111111
11111111111011111111011111111110111111111111111111
11111111111111111111100111111111011111111111111111
11111111111111101111111111011111101111111111111111
11111111111111111101111111111111110111111111111101
11111111011011111111111111111111111011111111111111
11111110111111111111111111111111111101110111111111
11111111111110011111111111111111111110111111111111
11111111111111111111111111111111111111010111101111
11111111110111101111111111111111111111101111111111
11111111111111111111111111111111111101010111111111
11111101111111110111111111111111111111111011111111
11111111011111111111111011111111111111111101111111
11110111101111111111111111111111111111111110111111
11111111111101111111111111111111111111111111010111
11111111111111111111111111111011111111011111101111
11111111111111111111111110111111111111111111010111
11111111111111111111111101111111111111111111111010
11111111111111110111111111111111110111111111111101
11111111111111111111101111111111111111111111111010
50
01111111111111111111111111111100111111111111111111
10111111111111111111111111110011111111111111111111
11010111111111111111111111111111111011111111111111
11101111111111111011111111111111111111110111111111
11010111111111111111111111111111111110111111111111
11111011110111111111111111111111111111111111110111
11111101111111111111111111111111111101011111111111
11111110111101111111111111111111111011111111111111
11111111010111111101111111111111111111111111111111
11111111101111111111111111110111011111111111111111
11111011010111111111111111111111111111111111111111
11111111111011101111111111111111101111111111111111
11111110111101111111111111011111111111111111111111
11111111111110011111111011111111111111111111111111
11111111111110011110111111111111111111111111111111
11111111111011101111111110111111111111111111111111
11111111111111110111111111111011110111111111111111
11101111111111111011111111111111111111111111111011
11111111011111111101111111111111111111101111111111
11111111111111011110111101111111111111111111111111
11111111111111111111010111111110111111111111111111
11111111111111111111101111111111111111111111111100
11111111111111111111010111111111111111111110111111
11111111111110111111111011111111011111111111111111
11111111111111111110111101111111111111111111110111
11111111111111101111111110111111110111111111111111
11111111111101111111111111011111111111111111011111
11111111111111111111111111101111111111111101101111
10111111101111111111111111110111111111111111111111
10111111111111110111111111111011111111111111111111
01111111111111111111111111111101101111111111111111
01111111111111111111011111111110111111111111111111
11111111101111111111111011111111011111111111111111
11111111111011111111111111111101101111111111111111
11111111111111110111111110111111110111111111111111
11011110111111111111111111111111111011111111111111
11111101111111111111111111111111111101111011111111
11110111111111111111111111111111111110111111101111
11111101111111111111111111111111111111011111111110
11111111111111111101111111111111111111101111011111
11101111111111111111111111111111111111110110111111
11111111111111111111111111111111111101111001111111
11111111111111111111111111101111111111111001111111
11111111111111111111110111111111111111110110111111
11111111111111111111111111011111111111101111011111
11111111111111111111111111101111111110111111101111
11111011111111111111111101111111111111111111110111
11111111111111111011111111111111111111111111111001
11111111111111111111101111111111111111111111111001
11111111111111111111101111111111111111011111111110
20
01111110111111111111
10111111111101111111
11010111111111011111
11101111111111111111
11010111111111111011
11111011101111111111
11111101110110111111
01111110111111111111
11111111010110111111
11111011101111110111
11111101010111111111
11111111111001111111
10111111111001111111
11111101011110111111
11011111111111011011
11111111111111101100
11111111101111110111
11110111111111011011
11111111111111101100
11111111111111101100
27
011111110111111111111111110
101111101111111111011111111
110111111111110111111111101
111011111111101111110111111
111101110111111111111111110
111110111111111111111001111
111111011111111111101111011
101111101111111111011111111
011101110111111111111111111
111111111011111111101111011
111111111101111101111111111
111111111110111110111111111
111111111111011111111111111
111011111111101111110111111
110111111111110111111111111
111111111111111001111111111
111111111101111001111111111
111111111110111110111111111
101111101111111111011111111
111111011011111111101111111
111011111111101111110111111
111110111111111111111010111
111110111111111111111100111
111111111111111111111000111
111111011011111111111111011
110111111111111111111111101
011101111111111111111111110
38
01111111111111111111111111111011101111
10110111111111111111111111111111111111
11011111111111111111111110111111110111
11101101111111111111111111111111011111
10110111111111111111111111111111111111
11111011111111111111111111111100111111
11101101111111111111111111111111111111
11111110111111111111111111011111111111
11111111001111110111111111111111111111
11111111001111111111111011111111111111
11111111110111111111111111110111111011
11111111111011111011111111101111111111
11111111111101111111101111111111111111
11111111111110111111110111111111111110
11111111111111011111110111111111111110
11111111111111101111111101111111111101
11111111011111110111111011111111111111
11111111111011111011111111101111111111
11111111111111111101111101111111111101
11111111111111111110111111110111111011
11111111111111111111011111111111111111
11111111111101111111101111111111111111
11111111111110011111110111111111111111
11111111101111110111111011111111111111
11111111111111101101111101111111111111
11011111111111111111111110111111110111
11111110111111111111111111011111111111
11111111111011111011111111101111111111
11111111110111111110111111110111111111
01111111111111111111111111111011111111
11111011111111111111111111111100111111
11111011111111111111111111111100111111
11101111111111111111111111111111011111
01111111111111111111111111111111101111
11011111111111111111111110111111110111
11111111110111111110111111111111111011
11111111111111101101111111111111111101
11111111111110011111111111111111111110
16
0111110111111101
1011110111111101
1101111011111111
1110111100111111
1111001111111111
1111001111011111
0011110111111111
1101111011111111
1110111100111111
1110111100111111
1111101111011111
1111111111101111
1111111111110010
1111111111110011
0011111111111101
1111111111110110
49
0111111111111111110101111111111111111111111111111
1011111111111111111111111111111111111111111111111
1101110111111111111011111111111111111111111111111
1110101111111111110111111111111111111111111111111
1111011111111111111111111111111111111111111101101
1110101111111101111111111111111111111111111111111
1101110111111111111111111111111011111111111111111
1111111011111111111111110111111111111111111111111
1111111101111111011111111111111111111111111111111
1111111110111111111111111111111011111111101111111
1111111111011111111111101111111111111111111110111
1111111111101111111111111111111111111011011111111
1111111111110111111111111111111111111111111111110
1111111111111011101110111111111111111111111111111
1111101111111101111101111111111111111111111111111
1111111111111110111110111111101111111111111111111
1111111101111111011111111111111111111111111111111
1111111111111011101111111011111111111111111111111
0110111111111111110111111111111111111111111111111
1101111111111111111011111111111111111111101111111
0111111111111101111101111111111111111111111111111
1111111111111010111110111111111111111111111111111
1111111111111111111111011111111101111111110111111
1111111111011111111111101111111101111111111111111
1111111011111111111111110111111111111110111111111
1111111111111111101111111011101111111111111111111
1111111111111111111111111101111111101101111111111
1111111111111111111111111110110111111111111111111
1111111111111111111111111111011111110111111011111
1111111111111110111111111011101111111111111111111
1111111111111111111111111110110111111111111111111
1111110110111111111111111111111011111111111111111
1111111111111111111111001111111101111111111111111
1111111111111111111111111111111110111111111111110
1111111111111111111111111111111111011111111111011
1111111111111111111111111101111111100111111111111
1111111111111111111111111111011111100111111111111
1111111111101111111111111111111111111011111101111
1111111111111111111111111101111111111101111011111
1111111111111111111111110111111111111110111111111
1111111111101111111111111111111111111111011111101
1111111110111111111011111111111111111111101111111
1111111111111111111111011111111111111111110110111
1111111111111111111111111111011111111101111011111
1111011111111111111111111111111111111011111101111
1111111111011111111111111111111111111111110110111
1111111111111111111111111111111111011111111111011
1111011111111111111111111111111111111111011111101
1111111111110111111111111111111110111111111111110
36
011111111111111111110111111111110111
101111101111111111111101111111111111
110111111111110111111111111111111110
111011111111111111111111011110111111
111101111111111110111111111111111111
111110111011111111101111111111111111
111111011011111111101111111111111111
101111101111111111011111111111111111
111111110101111111111111111011111111
111110011011111111111111111111111111
111111110101111111111111111011111111
111111111110111111111111111111101011
111111111111011111111110110111111111
111111111111101111110111111111110111
110111111111110111111111111111111110
111111111111111011111111111111111111
111111111111111101111011111111101111
111101111111111110111111111111111111
111111101111111111011111111101111111
111110011111111111101111111111111111
011111111111101111110111111111111111
111111111111111101111011111111111011
101111111111111111111101111101111111
111111111111011111111110111111111111
111011111111111111111111011111111111
111111111111111111111111101111011101
111111111111011111111111110111111111
111111110101111111111111111011111111
111111111111111111011101111101111111
111011111111111111111111111110111111
111111111111111111111111101111011101
111111111110111101111111111111101111
011111111111101111111111111111110111
111111111110111111111011111111111011
111111111111111111111111101111011101
110111111111110111111111111111111110
15
010111111111011
101111111101110
010111011111111
111011001111111
111101111111101
111110110111111
110011011111111
111011101111011
111110110011111
111111110011111
101111111101111
111111111110111
011111101111011
111101111111101
101111111111110
18
011101111111011111
100110111111111111
100111111111111110
111011111111111101
011101111111011111
101110111111111110
111111011111111011
111111101111111111
111111110011111111
111111110011101111
111111111101110111
111111111110110111
011101111111011111
111111111011101111
111111111100110111
111111011111111011
111011111111111101
110110111111111110
9
011011111
100111111
100111110
011011111
111101111
111110011
111110001
111111001
110111110
26
01111111111111111111111101
10111011111111101111111111
11011111111111111111010111
11101111111111111110111111
11110111011110111111111111
10111011111111111111101111
11111101101111111011111111
11111110101111111011111111
11110111011111111111111111
11111100101111111111111111
11111111110111111110111110
11111111111011110111111111
11111111111101111111111110
11110111111110011111111111
11111111111110011111111111
10111111111111101111101111
11111111111011110111111111
11111100111111111011111111
11111111111111111101111111
11101111110111111110111111
11011111111111111111010111
11111011111111101111101111
11011111111111111111010111
11111111111111111111111001
01111111111111111111111001
11111111110101111111111110
33
011111111110110111111111111111111
101111111111111111111111111111001
110101111111111111111111111011111
111011111111111101111111110111111
110101111111111111111111111111111
111110111101111111111111111101111
111111011111111111111111111110111
111111101111111111111111111111111
111111110111111111111111101111111
111111111011111111111111111111001
111110111101111111011111111111111
011111111110110111111111111111111
111111111111011111111111111110110
111111111111101011101111111111111
011111111110110111111111111111111
111111111111101011111011111111111
111011111111111101111111110111111
111111111111111110111110011111111
111111111101111111011111111101111
111111111111101111100111111111111
111111111111111111100111111111111
111111111111111011111011111111111
111111111111111111111100011111111
111111111111111110111100111111111
111111111111111110111101011111111
111111110111111111111111101111111
111011111111111101111111110111111
110111111111111111111111111011111
111110111111111111011111111101111
111111011111011111111111111110111
101111111011111111111111111111011
101111111011111111111111111111101
111111111111011111111111111111110
44
01111111110111111111111111111111111011111111
10111110111111111111111111111111111101111111
11011111111111111111111101011111111111111111
11101011111111111111111111111111101111111111
11110111111101111111111111110111111111111111
11101011111111111111111111111111111111111111
11111100111111111111111111111111111101111111
10111100111111111111111111111111111111111111
11111111011111111111111111111111111111111011
11111111101111111011111111111111111111111110
01111111110111111111111111111111111011111111
11111111111011111111111111111110111111111111
11110111111101111111111111111111111111110111
11111111111110111111111111111011111110111111
11111111111111011101111011111111111111111111
11111111111111101111111111111111111111111101
11111111111111110111101111111111111111111111
11111111101111111011111111111111111111111110
11111111111111011100111111111111111111111111
11111111111111111100111011111111111111111111
11111111111111111111011101111111111111111111
11111111111111110111101111111111111111111111
11111111111111111111110111101111011111111111
11111111111111011110111011111111111111111111
11011111111111111111011101111111111111111111
11111111111111111111111110111111111111111101
11011111111111111111111111011111111111111111
11111111111111111111110111101111011111111111
11110111111111111111111111110111111111110111
11111111111110111111111111111011111111101111
11111111111111111111111111111101111111111111
11111111111011111111111111111110111111111111
11111111111111111111110111101111011111111111
11101111111111111111111111111111100111111111
11111111111111111111111111111111100111011111
01111111110111111111111111111111111011111111
10111101111111111111111111111111111101111111
11111111111110111111111111111111111110101111
11111111111111111111111111111111110111011111
11111111111111111111111111111011111110101111
11111111111101111111111111110111111111110111
11111111011111111111111111111111111111111011
11111111111111101111111110111111111111111101
11111111101111111011111111111111111111111110
22
0111111111111101111111
1011110101111111111111
1101111111111111010111
1110111111111111011111
1111011111110111111011
1111101111101111111111
1011110111111011111111
1111111011111111110111
1011111101111011111111
1111111110111101111111
1111111111011111101111
1111101111101111101111
1111011111110111111011
1111110101111011111111
0111111110111101111111
1111111111111110111101
1100111111111111011111
1111111111001111101111
1101111011111111110111
1111011111110111111011
1111111111111110111101
1111111111111111111110
42
011111111111111111011111111111111101111111
101111111111110111111111111011111111111111
110111111111101111111110111111111111111111
111011111111111111111011111111111111111110
111101111101111111111101111111111111111111
111110101011111111111111111111111111111111
111111011111111011111111111111110111111111
111110101011111111111111111111111111111111
111111110111111111111111101101111111111111
111110101011111111111111111111111111111111
111101111101111111111111111111111110111111
111111111110111101111111011111111111111111
111111111111011011111111111110111111111111
110111111111101111111111111111111111110111
101111111111110111111111111011111111111111
111111011111011011111111111111111111111111
111111111110111101111111111111111111111011
111111111111111110111111111111111011111111
011111111111111111011111111111111101111111
111111111111111111101110111111111111110111
111111111111111111110111111111111111101101
111011111111111111111011111111111111111111
111101111111111111111101111111111110111111
110111111111111111101110111111111111111111
111111111110111111111111011111011111111111
111111110111111111111111101111111111111111
111111111111111111111111110111111111111110
101111111111110111111111111011111111111111
111111110111111111111111111101111111111111
111111111111011111111111111110110111111111
111111111111111111111111011111011111111111
111111111111111111111111111111101111111111
111111011111111111111111111110110111111111
111111111111111110111111111111111011111111
011111111111111111011111111111111101111111
111111111101111111111101111111111110111111
111111111111111111111111111111111111001101
111111111111111111110111111111111111001111
111111111111101111101111111111111111110111
111111111111111101111111111111111111111011
111111111111111111110111111111111111011101
111011111111111111111111110111111111111110
21
011110111110111111111
101111111111011111011
110111011111111111111
111011111011111111111
111101110111111111111
011110101111111111111
110111011111111110111
111110101111111111101
111101110111111111111
111011111011101111111
111111111101111101111
011111111110110111111
101111111111011111111
111111111011101101111
111111111110110111101
111111111111111011011
111111111101101101111
111111011111111110111
101111111111111011011
111111101111110111101
111111111111111111110
24
011111111110111111111111
100111111111111011111111
100111111111111111111111
111011101111011111111111
111101110111111111111111
111110111111111110111111
111111011011111111111101
111011101111111101111111
111101110111111111111111
111111011011111111111111
111111111101111111111011
011111111110111111111111
111011111111011101111111
111111111111101110111011
111111111111110111110110
101111111111111011011111
111111101111011101111111
111110111111101110111111
111111111111111011011111
111111111111111111101111
111111111111110111110110
111111111101101111111011
111111011111111111111101
111111111111110111110110
15
011101111111111
101111111111011
110111111110111
111011111111101
011101111111111
111110111110110
111111010111101
111111101111110
111111010111111
111111111011111
111111111101011
110110111110111
101111111101011
111011011111101
111110101111110
25
0111111101111111111111111
1011111111111111110111111
1101111111111101111111111
1110111111111111111111111
1111011111111111111110110
1111100111110111111111111
1111100111111011111111111
1111111011111111111111011
0111111101111111111111101
1111111110111111110111111
1111111111011110101111111
1111111111101111011101111
1111101111110011111111111
1111110111110011111111111
1101111111111101111111111
1111111111011110111011111
1111111111101111011111111
1111111111011111101011111
1011111110111111110111111
1111111111111110101011111
1111111111101111111101111
1111011111111111111110110
1111111011111111111111011
1111111101111111111111101
1111011111111111111110110
32
01011111111111011111111111111111
10011111111111011111111111111111
00011111111111111111111111111111
11101111011111111110111111111111
11110111111111111111111100111111
11111011101111111111111111111101
11111101111111111111111111111111
11111110111111111111101111111011
11101111011111111111111111011111
11111011101111111111111111111111
11111111110111111111111111111110
11111111111011111101111011111111
11111111111101111111111111110111
11111111111110111011111111111111
00111111111111011111111111111111
11111111111111101011111111111111
11111111111111110111111111111110
11111111111110101011111111111111
11111111111011111101111011111111
11101111111111111110111111011111
11111111111111111111010111111111
11111110111111111111101111111011
11111111111111111111010111111111
11111111111011111101111011111111
11110111111111111111111101101111
11110111111111111111111110101111
11111111011111111110111111011111
11111111111111111111111100101111
11111111111101111111111111110111
11111110111111111111101111111011
11111011111111111111111111111101
11111111110111110111111111111110
43
0011111111111111111111111111111111111111111
0011111111111111111111111111111111111111111
1101111111111111111111111111111111101101111
1110111111111111111111111111111111111111111
1111011111101111111111101111111111111111111
1111101111111111111111111111111111110111111
1111110111111111111111111111111101011111111
1111111011111001111111111111111111111111111
1111111101111111111011110111111111111111111
1111111110111111011111111111111111111110111
1111111111011111111111111101111111111111111
1111011111101111111111111111011111111111111
1111111111110111111111111011111111111011111
1111111011111001111111111111111111111111111
1111111011111001111111111111111111111111111
1111111111111110111101111111111111111111111
1111111110111111011111111111111111111110111
1111111111111111101111111111111111101101111
1111111111111111110111111111111011111111111
1111111101111111111011111111111111111111110
1111111111111110111101011111111111111111111
1111111111111111111110111111111111111111101
1111111111111111111101011111111111111111111
1111011111111111111111101111011111111111111
1111111101111111111111110111111111111111110
1111111111110111111111111011111111111111111
1111111111011111111111111101111111111111111
1111111111111111111111111110101111111111011
1111111111101111111111101111011111111111111
1111111111111111111111111110101110111111111
1111111111111111111111111111110111110111111
1111111111111111110111111111111011111111111
1111110111111111111111111111111101011111111
1111111111111111111111111111101110111111011
1111110111111111111111111111111101011111111
1101111111111111101111111111111111101111111
1111101111111111111111111111110111110111111
1111111111110111111111111111111111111011111
1101111111111111101111111111111111111101111
1111111110111111011111111111111111111110111
1111111111111111111111111110111110111111011
1111111111111111111110111111111111111111101
1111111111111111111011110111111111111111110
21
001111111111111011111
001111111111111011111
110111111111111101111
111011111111111110111
111101111111111110111
111110110111111111111
111111011111111111010
111111101111111111010
111110110111111111101
111111111011110111111
111111111101101111111
111111111110111101111
111111111111011111111
111111111101101111111
111111111011110111111
001111111111111011111
110111111110111101111
111001111111111110111
111111001111111111011
111111110111111111101
111111001111111111110
41
01111111111111111111111111111111101111101
10111111111111111101101111111111111111111
11011111111111111111111111101111111111110
11101111111111101111111111111101111111111
11110111111101111111111111111011111111111
11111011111110111111111111111111111111011
11111101111111111111110111111111111110111
11111110111111111111111111011111111011111
11111111011111111111111111111111111111111
11111111101111111101101111111111111111111
11111111110111111111011111111111111101111
11111111111011110111111111111111111111011
11110111111101111111111111111011111111111
11111011111110110111111111111111111111111
11111111111111011011111111111111111111111
11101111111111101111111111111110111111111
11111111111010110111111111111111111111111
11111111111111011011111111111111011111111
10111111101111111101111111111111111111111
11111111111111111110111011111111111111111
11111111110111111111011111111111111111111
10111111101111111111101111111111111111111
11111101111111111111110111111111111110111
11111111111111111110111011111111111111111
11111111111111111111111101011111111011111
11111111111111111111111110111100111111111
11111110111111111111111101011111111111111
11011111111111111111111111101111111111110
11111111111111111111111111110111110111111
11110111111101111111111111111011111111111
11101111111111111111111110111101111111111
11111111111111101111111110111110111111111
11111111111111111011111111111111011111111
01111111111111111111111111111111101111111
11111111111111111111111111110111110111111
11111110111111111111111101111111111011111
11111111110111111111111111111111111101111
11111101111111111111110111111111111110111
11111011111011111111111111111111111111011
01111111111111111111111111111111111111101
11011111111111111111111111101111111111110
20
00111111101111111111
00111111110111111111
11011111110111111101
11101111111111110111
11110111111111101111
11111001111111111111
11111001111111111111
11111110011111111011
11111110011111111111
01111111101111111101
10011111110111111111
11111111111011110111
11111111111101011110
11111111111110111111
11111111111101011111
11110111111111101111
11101111111011110111
11111110111111111011
11011111101111111101
11111111111101111110
