50
23
01111011111111111111111
10111101111111101111111
11010111111111111111101
11101110111111111111111
11010111111111111111111
01111011111111111111111
10111101111111111111111
11101110111111111111111
11111111010111111101111
11111111101111111011111
11111111010111111111110
11111111111011111110111
11111111111101111011111
11111111111110111111111
11111111111111010111011
10111111111111101111111
11111111111111010111011
11111111101101111011111
11111111011111111101110
11111111111011111110111
11111111111111010111011
11011111111111111111101
11111111110111111101110
14
01111111110111
10010111111111
10011111111111
11101110111111
10110111111111
11111010111111
11111101111110
11101010111111
11111111011110
11111111101111
01111111110111
11111111111001
11111111111001
11111101011110
41
01111111110111111111111111111111111111111
10111111111111111111111110111111111111111
11011111111111111011111111101111111111111
11101011111011111111111111111111111111111
11110111101111111111111111110111111111111
11101011111111111111111111111111111111011
11111101101111111111111111111111111111111
11111110111111111111111111111111011111111
11111111011101111111101111111111111111111
11110101101111111111111111111111111111111
01111111110111111111111111111111110111111
11101111111011111111111111111111111111111
11111111011101111111111111111111111111111
11111111111110111111111101011111111111111
11111111111111010111111111111111011111111
11111111111111101111110111111111111111111
11111111111111010111111111111111111111111
11011111111111111011011111111111111111111
11111111111111111101111111111111111110111
11111111111111111110110111111111111111111
11111111111111111011011111101111111111111
11111111011111111111101111111111111111111
11111111111111101110110111111111111111111
11111111111111111111111011111111111011110
11111111111110111111111101011111111111111
10111111111111111111111110111111101111111
11111111111110111111111101011111111111111
11011111111111111111011111101111111111111
11110111111111111111111111110111111111111
11111111111111111111111111111011111011110
11111111111111111111111111111101111111101
11111111111111111111111111111110101111111
11111110111111011111111111111111011111111
11111111111111111111111110111110101111111
11111111110111111111111111111111110111111
11111111111111111111111011111011111011111
11111111111111111111111111111111111101111
11111111111111111101111111111111111110111
11111011111111111111111111111111111111011
11111111111111111111111111111101111111101
11111111111111111111111011111011111111110
48
010111111111111111111111111111111111111111111111
101111111111111111111111111111111111111111111111
010111111111111111111111111111111011111111111111
111010111111111111110111111111111111111111111111
111101111111111111111111111111111111111111111101
111010111111111111111111111111111111111111111011
111111011111111101111111111111111111111111011111
111111101111111111111111111111111111111011111111
111111110111111111111111111111111110111101111111
111111111011111101111111111111111111111111011111
111111111101111111011111111111111111111111111111
111111111110111111111111111111111111111111111110
111111111111011111111111111111111111011111111111
111111111111101110111111101111111111111111111111
111111111111110111101111111111111111011111111111
111111111111111011111011111111111111111111111111
111111011011111101111111111111111111111111111111
111111111111101110111111111011111111111111111111
111111111101111111011111111111111111111111111111
111111111111110111101111111111111111111111111111
111011111111111111110111111111111111111111111011
111111111111111011111011111111111111111111111111
111111111111111111111101111111101111111111110111
111111111111111111111110011101111111111111111111
111111111111111111111110011101111111111111111111
111111111111101111111111101111111111111111111111
111111111111111111111111110111101111111111111111
111111111111111110111111111011111111111111111111
111111111111111111111110011101111111111111111111
111111111111111111111111111110111111111011111111
111111111111111111111111111111011111111111111110
111111111111111111111101110111101111111111111111
111111111111111111111111111111110101101111111111
110111111111111111111111111111111011111111111111
111111111111111111111111111111110101101111111111
111111110111111111111111111111111110110111111111
111111111111010111111111111111111111011111111111
111111111111111111111111111111110101101111111111
111111111111111111111111111111111110110101111111
111111101111111111111111111110111111111011111111
111111110111111111111111111111111111110101111111
111111111111111111111111111111111111111110101101
111111011011111111111111111111111111111111011111
111111111111111111111111111111111111111110101111
111111111111111111111101111111111111111111110111
111110111111111111110111111111111111111111111011
111101111111111111111111111111111111111110111101
111111111110111111111111111111011111111111111110
37
0111111111111111111111101011111111111
1011111111111011111111110111111111111
1101011111111111111111111111111111111
1110111101111111111111111111111101111
1101011111111111111111111111111111110
1111101111111101110111111111111111111
1111110111111110111111111111111111011
1111111011111111111111111111011011111
1110111101111111111011111111111111111
1111111110110111111111011111111111111
1111111111001111111111111111111111111
1111111111001111111111111111111111111
1111111110110111111111111111111111111
1011111111111011111111110111111111111
1111101111111101111111111111111111111
1111110111111110011111111111111111111
1111111111111110011111111111111111011
1111111111111111101111111111111111111
1111101111111111110101111111111111111
1111111101111111111011111111111111111
1111111111111111110101111111111111111
1111111111111111111110111111101111101
1111111110111111111111011111111111111
0111111111111111111111101111111111111
1011111111111011111111110111111111111
0111111111111111111111111011111111111
1111111111111111111111111100111111111
1111111111111111111111111100111111111
1111111011111111111111111111011111111
1111111111111111111110111111101110111
1111111111111111111111111111110011111
1111111011111111111111111111110011111
1110111111111111111111111111111101111
1111111111111111111111111111101110111
1111110111111111011111111111111111011
1111111111111111111110111111111111101
1111011111111111111111111111111111110
36
011111111111111111111111111011111111
101111111111111111111111111111111110
110111111111111111111110111111111111
111011110111111111111111111111111111
111101111111111101111111111111111111
111110111111111110111111111111111111
111111011101111111111111111111110111
111111101111111111101111111111011111
111011110111111111111111111111111101
111111111011111101111111111111111111
111111011101111111111111111111111111
111111111110111111111101111111111111
111111111111011111110111011111111111
111111111111101111111110111111111111
111111111111110111111111111111111111
111111111111111011111111011111111111
111101111011111101111111111111111111
111110111111111110111111111110111111
111111111111111111011111110111111111
111111101111111111101111111111111011
111111111111011111110111111111111111
111111111111111111111011111101111011
111111111110111111111101111111111110
110111111111101111111110111111111111
111111111111011011111111011111111111
111111111111111111111111101110111111
111111111111111111011111110111111111
011111111111111111111111111011111111
111111111111111111111011111101011111
111111111111111110111111101110111111
111111101111111111111111111101011111
111111111111111111111111111111100111
111111011111111111111111111111100111
111111111111111111101011111111111011
111111110111111111111111111111111101
101111111111111111111101111111111110
39
011111111111111111111110111111111111111
101111111111111111111111111111111111110
110111111111111111011111111111111111111
111011111111111110111111111111111111111
111101111111011111111111111111111110111
111110101111111111111111101111111111111
111111011111111111111011111111111111111
111110101111111111111111111111111111111
111111110111111111111111111110111101111
111111111011111111110111111111111111111
111111111101111111111111111110111101111
111111111110111111111111111011111111111
111101111111011111111111111111111110111
111111111111101111111111111111111111110
111111111111110111111111111111011111111
111111111111111011111101111111111111111
111111111111111101111111111111111111111
111011111111111110111111110111111111111
110111111111111111001111111111111111111
111111111111111111001111111111111111111
111111111011111111110111111111111111111
111111011111111111111011111101111111111
111111111111111011111101111111110111111
011111111111111111111110111111111111111
111111111111111111111111010111111111111
111110111111111111111111101111111111101
111111111111111110111111010111111111111
111111111110111111111111111011111011111
111111111111111111111011111101111111111
111111110101111111111111111110111111111
111111111111110111111111111111011111111
111111111111111111111111111111101011111
111111111111111111111101111111110111011
111111111111111111111111111011101011111
111111110101111111111111111111111101111
111101111111011111111111111111111110111
111111111111111111111111111111110111011
111111111111111111111111101111111111101
101111111111101111111111111111111111110
30
011111111011111111111111111111
101011011111111111111111111111
110111111111011111111111110111
101011111111111111111111111111
111100111111111101111111111111
111100111111111111111111111111
101111011111111111111111111111
111111101111111111111111111011
111111110111111111111110111111
011111111011111111111111111111
111111111101101111111101111111
111111111110111111110111111111
110111111111010111111111111111
111111111101101111111111111111
111111111111010111111111111111
111111111111111011111011111111
111101111111111101111111011111
111111111111111110111111111111
111111111111111111011111111101
111111111111111111101110101111
111111111110111111110111111110
111111111111111011111011111101
111111111101111111111101111111
111111110111111111101110111111
111111111111111101111111011111
111111111111111111101111101111
110111111111111111111111110111
111111101111111111111111111011
111111111111111111011011111101
111111111111111111110111111110
48
011111111111111111111111101111111111111111111111
101111111111111111111111111111111111110111111111
110111111111111111101111111011111111111111111111
111011111111111111111111111101111111111111111011
111101111101111111111111111101111111111111111111
111110111111111111111111111111111011111111111111
111111011110111111111111111111111111111111111111
111111101111111111110111111111111111111111011111
111111110011111111111111111111111011111111111111
111111110011110111111111111111111111111111111111
111101111101111111111111111111101111111111111111
111111011110111111111111111111110111111111111111
111111111111011011111111111111111111111111111101
111111111111101111111111111111111111111110111111
111111111011110111111111111111111110111111111111
111111111111011010111111111111111111111111111111
111111111111111101111111111111011111111111111111
111111111111111010111111111111111111111111110111
111111111111111111011111110111110111111111111111
110111111111111111101111011111111111111111111111
111111101111111111110011111111111111111111111111
111111111111111111110011111111111111111111011111
111111111111111111111101111111111111111100111111
111111111111111111111110111111111111001111111111
111111111111111111101111011111111111111111111111
011111111111111111111111101111111111111111111111
111111111111111111011111110110111111111111111111
110111111111111111111111111011011111111111111111
111001111111111111111111111101111111111111111111
111111111111111111111111110110111111111111111111
111111111111111101111111111011011111111111111111
111111111101111111111111111111101111111111111111
111111111110111111011111111111110111111111111111
111110110111111111111111111111111011111111111111
111111111111111111111111111111111101111111111111
111111111111110111111111111111111110111111111111
111111111111111111111110111111111111001111111111
111111111111111111111110111111111111001111111111
101111111111111111111111111111111111110101111111
111111111111111111111111111111111111111011110111
111111111111111111111101111111111111110101111111
111111111111101111111101111111111111111110111111
111111101111111111111011111111111111111111011111
111111111111111111111111111111111111111111101110
111111111111111110111111111111111111111011110111
111011111111111111111111111111111111111111111011
111111111111011111111111111111111111111111111101
111111111111111111111111111111111111111111101110
47
01111111111111111111110011111111111111111111111
10111111111110111011111111111111111111111111111
11011101111111111111111110111111111111111111111
11101111111111011111111111111111111111111111110
11110111111111111111101111111111111111111011111
11111011111111111111111111111111111101111111111
11011101111111111111111111101111111111111111111
11111110111111111100111111111111111111111111111
11111111011111111111111111111111011111101111111
11111111101111111111111110111111111111111111111
11111111110111111111111111111111111110111111011
11111111111011111111111111111111101111111110111
11111111111101111111111111111111111111111111111
10111111111110111111110111111111111111111111111
11101111111111011111111111111111111111111111111
11111111111111100111111111111111111111110111111
11111111111111100111111111111111111111111111110
10111111111111111011111011111111111111111111111
11111110111111111101111111111111111111101111111
11111110111111111110111111111111111111111111111
11111111111111111111011111111111111111111111101
11110111111111111111101111111111111111111111011
01111111111110111111110111111111111111111111111
01111111111111111011111011111111111111111111111
11111111111111111111111101111101111111111101111
11011111101111111111111110111111111111111111111
11111111111111111111111111011011111111011111111
11111101111111111111111111100111111111111111111
11111111111111111111111111100111111111111111111
11111111111111111111111111011011111111111111111
11111111111111111111111101111101111101111111111
11111111111111111111111111111110111011111111111
11111111011111111111111111111111011111111111111
11111111111011111111111111111111101111111111111
11111111111111111111111111111111110111111101111
11111111111111111111111111111110111011111111111
11111011111111111111111111111101111101111111111
11111111110111111111111111111111111110111111111
11111111111111111111111111011111111111011110111
11111111011111111101111111111111111111101111111
11111111111111101111111111111111111111110111111
11110111111111111111111111111111111111111011111
11111111111111111111111101111111110111111101111
11111111111011111111111111111111111111011110111
11111111110111111111101111111111111111111111011
11111111111111111111011111111111111111111111101
11101111111111110111111111111111111111111111110
50
01111111111111111111111111111111101111011111111111
10111111111111111111110111111111111111111111101111
11011111111111111111111111111111111111111110111011
11101011111111111111111111111101111111111111111111
11110111111111111111111011111111111011111111111111
11101011111111111111111111111111111111111101111111
11111101111111111111111111110111111111111111111111
11111110111111111111111111111111111011111111110111
11111111010111111111111111111111111111101111111111
11111111101011111111111101111111111111111111111111
11111111010111111111111111111111111111101111111111
11111111101011111111111111111111110111111111111111
11111111111101111111111111111101111111111111111111
11111111111110111111111111111111111101111111111111
11111111111111011111011111111111111111111111111111
11111111111111101111111111111111111111110111111011
11111111111111110111111111111111111111111111111101
11111111111111111011111111111111111111111111111111
11111111111111111101111111111111110111111111111111
11111111111111111110111110111111111111111111111101
11111111111111011111011111111111111111111111111111
11111111111111111111101111111111111111111111110111
10111111111111111111110111111111111111111111111111
11110111111111111111111011111111111111111111111111
11111111101111111111111101111111111111111111011111
11111111111111111110111110111111111111111011111111
11111111111111111111111111011111111110111111111111
11111111111111111111111111101111111111111011111111
11111101111111111111111111110011111111111111111111
11111111111111111111111111110011111111111111101111
11101111111101111111111111111101111111111111111111
11111111111111111111111111111110101111011111111111
11111111111111111111111111111111011111110111111111
01111111111111111111111111111110101111111111111111
11111111111011111101111111111111110111111111111111
11110110111111111111111111111111111011111111111111
11111111111110111111111111111111111101111111111111
11111111111111111111111111011111111110111111111111
01111111111111111111111111111110111111011111111111
11111111010111111111111111111111111111101111111111
11111111111111101111111111111111011111110111111111
11111111111111111111111110101111111111111011111111
11111011111111111111111111111111111111111101111110
11011111111111111111111111111111111111111110111111
11111111111111111111111101111111111111111111011111
10111111111111111111111111111011111111111111101111
11111110111111111111101111111111111111111111110111
11011111111111101111111111111111111111111111111011
11111111111111110110111111111111111111111111111101
11111111111111111111111111111111111111111101111110
41
01101111111111111111111111111101111111111
10111111011111111111111111111111111111111
11011111111111111111101111111110111111111
01101111111111111111111101111111111111111
11110111111111111111111111111111111111011
11111011111111111111111111101111111110111
11111101111111111111011111111111111111111
11111110111111101111111111111111111111111
10111111011111111111111111111111111111111
11111111101101110111111111111111111111111
11111111110111011111011111111111111111111
11111111111011111111111111111111011111101
11111111101101111111111111111111111111111
11111111111110111111110111111110111111111
11111111110111011111111111111111111101111
11111110111111101111111111110111111111111
11111111101111110111111111111111110111111
11111111111111111011111011110111111111111
11111111111111111101111111111111111111111
11111111111111111110111110111111110111111
11111101110111111111011111111111111111111
11011111111111111111101111111111111111111
11111111111110111111110111111011111111111
11111111111111111011111011111111111111110
11101111111111111111111101111111111111111
11111111111111111110111110111111111111111
11111111111111111111111111011111111101111
11111011111111111111111111101111011111111
11111111111111101011111111110111111111111
11111111111111111111110111111011111111111
01111111111111111111111111111101111111011
11011111111110111111111111111110111111111
11111111111011111111111111101111011111111
11111111111111111111111111111111101011111
11111111111111110110111111111111110111111
11111111111111111111111111111111101011111
11111111111111011111111111011111111101111
11111011111111111111111111111111111110111
11110111111111111111111111111101111111011
11111111111011111111111111111111111111101
11111111111111111111111011111111111111110
32
01110111111111111111111111111111
10111111111111111111101111111111
11011111111111111111111111111101
11101111110111111111011111111111
01110011111111111111111111111111
11110011111111111111111111111111
11111101011111111111111111111111
11111110111111110111110111111111
11111101011111111111111111110111
11111111101011111111111111111011
11101111110110111111111111111111
11111111101011111111111111111111
11111111111101101111111110111111
11111111110110111111011111111111
11111111111111010111111111111111
11111111111101101111111110111111
11111110111111010111111111111111
11111111111111111011111011111110
11111111111111111101111011111110
11111111111111111110111111101111
11101111111110111111011111111111
10111111111111111111101111111111
11111110111111111111110111111111
11111111111111111001111011111111
11111111111111111111111101111111
11111111111101101111111110111111
11111111111111111111111111010111
11111111111111111110111111101111
11111111011111111111111111010111
11111111101111111111111111111011
11011111111111111111111111111101
11111111111111111001111111111110
39
011111111111101101111111111111111111111
101111111111111111111111101101111111111
110111111111111111111101111011111111111
111011111111111111111111111111111111111
111101111101111011111111111111111111111
111110111111101111111111111111111111111
111111011111111111101111111111111110111
111111101111111111111111111111111111101
111111110111011111111111111111111111011
111111111011111110111111111111111111111
111101111100111111111111111111111111111
111111111100111011111111111111111111111
111111110111011111111111111111111111011
011110111111101111111111111111111111111
111111111111110111110111111111111111111
111101111110111011111111111111111111111
011111111111111101111111111111111111111
111111111011111110111111011111111111111
111111111111111111011111110110111111111
111111011111111111101111111111111110111
111111111111110111110111111111111111111
111111111111111111111001111011111111111
110111111111111111111001111111111111111
111111111111111111111110111111011111111
111111111111111110111111011111111111111
101111111111111111111111101111111101111
111111111111111111011111110111111111111
110111111111111111111011111011111111111
101111111111111111111111111101111101111
111111111111111111011111111110111111111
111111111111111111111110111111011111111
111111111111111111111111111111100111111
111111111111111111111111111111100111111
111111111111111111111111111111111011110
111111111111111111111111101101111101111
111111011111111111101111111111111110111
111111110111011111111111111111111111011
111111101111111111111111111111111111100
111111111111111111111111111111111011100
50
01111101111111111111111111111111111111111111111111
10111111111101111111111111111111111111111111111111
11011111111101111111111111111111111111111111111111
11101111111111111110111111111111111111111111011111
11110111111111111111111111111101111111111111111011
11111011111111111111111111111111011111111111111111
01111101111111111111111111111111111101111111111111
11111110111111111111111111111111111110111111111111
11111111011111111111111111111101111111111111111011
11111111101111111111111111111111111111111010111111
11111111110111111111111111111111111101111111111111
11111111111011111111111011111111110111111111111111
10011111111101111111111111111111111111111111111111
11111111111110111111111111111111111111011111111111
11111111111111011111111111111111111111110111111110
11111111111111101111111110111111111011111111111111
11111111111111110111111111100111111111111111111111
11111111111111111011111111111111111111101111111111
11111111111111111101111111111111111111110111111110
11101111111111111110111111111111111111111111110111
11111111111111111111011101111011111111111111111111
11111111111111111111101111111111111111111010111111
11111111111111111111110111111110111111111111111111
11111111111011111111111011111111110111111111111111
11111111111111111111011101111011111111111111111111
11111111111111101111111110111111111011111111111111
11111111111111111111111111011111101111111111111111
11111111111111110111111111101111111111111111101111
11111111111111110111111111110111111111111111101111
11111111111111111111011101111011111111111111111111
11110111011111111111111111111101111111111111111111
11111111111111111111110111111110111111111111111101
11111011111111111111111111111111011111111111111111
11111111111111111111111111011111101111111111111111
11111111111011111111111011111111110111111111111111
11111111111111101111111110111111111011111111111111
11111101110111111111111111111111111101111111111111
11111110111111111111111111111111111110111111111111
11111111111110111111111111111111111111011111111111
11111111111111111011111111111111111111101111111111
11111111111111011101111111111111111111110111111111
11111111101111111111101111111111111111111011111111
11111111111111111111111111111111111111111101111111
11111111101111111111101111111111111111111110111111
11101111111111111111111111111111111111111111011111
11111111111111111111111111100111111111111111101111
11111111111111111110111111111111111111111111110111
11110111011111111111111111111111111111111111111011
11111111111111111111111111111110111111111111111101
11111111111111011101111111111111111111111111111110
28
0011111111111111111111111110
0011111111111111111111111111
1101111111111111111011111111
1110110111011111111111111111
1111011111111111111110111111
1111101111101111011111111111
1110110111111111111101111111
1111111011111111111111111110
1111111101111011111111111111
1111111110111111111111110111
1110111111011111111101111111
1111101111101111111111111111
1111111111110111111111111011
1111111101111011111111111111
1111111111111101111111111111
1111111111111110101111011111
1111101111111111011111111111
1111111111111110101111011111
1111111111111111110111111101
1101111111111111111011101111
1111110111011111111101111111
1111011111111111111110111111
1111111111111110101111011111
1111111111111111111011101111
1111111110111111111111110111
1111111111110111111111111001
1111111111111111110111111001
0111111011111111111111111110
48
011111111111111111111111101111111111111111111111
101101111111111111011111111111111111111111111111
110111111111111111111111111111111101111111111111
111011111111111111111111111111111111111111111111
101101111111111111111111111011111111111111111111
111110111111111111111111111111111111111111011111
111111011111111111111111011111111111110111111111
111111101111111111111111111101111110111111111111
111111110111111111111011111110111111111111111111
111111111011111111110111111111111111111111111111
111111111101111111111111111111111111111111110011
111111111110110111111111111111111111111111111111
111111111111011111111111110111011111111111111111
111111111111101111111111111101111111111111111101
111111111110110111111111111111111111111111111111
111111111111111011111111111111110111111111111111
111111111111111101111111111111111011111111101111
111111111111111110111111111111111101111101111111
101111111111111111011111111111111111011111111111
111111111111111111101110111111111111111111111110
111111111011111111110111111111111111111111011111
111111110111111111111011111111111111111111111111
111111111111111111111101101111111111111111111111
111111111111111111101110111111111111111011111111
111111011111111111111111011111101111111111111111
011111111111111111111101101111111111111111111111
111111111111011111111111110111011111111111111111
111101111111111111111111111011111111011111111111
111111101111101111111111111101111111111111111111
111111110111111111111111111110111111111111111111
111111111111011111111111110111011111111111111111
111111111111111111111111011111101111110111111111
111111111111111011111111111111110111111111111111
111111111111111101111111111111111011111111101111
110111111111111110111111111111111101111111111111
111111101111111111111111111111111110111111111101
111111111111111111011111111011111111011111111111
111111111111111111111111111111111111101110111111
111111011111111111111111111111101111110111111111
111111111111111111111110111111111111111011111110
111111111111111110111111111111111111111101111111
111111111111111111111111111111111111101110111111
111110111111111111110111111111111111111111011111
111111111111111101111111111111111011111111101111
111111111101111111111111111111111111111111110011
111111111101111111111111111111111111111111110011
111111111111101111111111111111111110111111111101
111111111111111111101111111111111111111011111110
27
010011111111111111111111111
101111011111111111111111101
010111111011111111111111111
011011111111111111111111111
111101111111011111111101111
111110111111111001111111111
101111011111111111111111111
111111101111111101111111111
111111110110011111111111111
110111111011111111111111111
111111111101111111111011111
111111110110111111111111110
111101110111011111111111111
111111111111101111110111111
111111111111110110111111111
111110111111111011111111111
111110101111111101111111111
111111111111110110111111111
111111111111111111011011111
111111111111111111101111111
111111111111101111110111111
111111111101111111011011111
111101111111111111111101110
111111111111111111111110011
111111111111111111111110011
101111111111111111111111101
111111111110111111111101110
30
010111111111111111111111111111
101111111111110111111101111111
010111111111111111111111111111
111011111111111011111111111111
111101111111111110111111111110
111110111111111101011111111111
111111001111111111111111111111
111111001111101111111111111111
111111110111011111111111111111
111111111011111111111111111111
111111111101011111111111111111
111111111110111110111111111110
111111110101011111111111111111
111111101111101111111111111111
101111111111110111111111111111
111011111111111011111111111111
111110111111111101011111111111
111101111110111110111111111111
111110111111111101011111111111
111111111111111111101111101111
111111111111111111110111110101
111111111111111111111011011111
101111111111111111111101111011
111111111111111111111110110111
111111111111111111111011011111
111111111111111111101111101111
111111111111111111110110110111
111111111111111111111101111011
111111111111111111110111111101
111101111110111111111111111110
21
011111111111011111111
101111101111111111111
110111111111111110101
111011110111101111111
111101111111111111111
111110111111101111111
111111011111111111110
101111101111110111111
111011110111111111111
111111111011111110111
111111111101111011111
111111111110111111011
011111111111011111111
111010111111101111111
111111101111110111111
111111111101111011111
111111111111111101011
110111111011111110111
111111111110111101011
110111111111111111101
111111011111111111110
47
01111111111111111111111111111111111111101110111
10111111111111111011111111111111111111111111111
11011110111111111111111111111111111111111111111
11101111111111111111111111111111111111110111111
11110111111111101111111111111111111101111111111
11111011111111111111111111111111011111111111111
11111101111111110111111111111111111111111111111
11011110111111111111111111101111111111111111111
11111111011111111111111111111101101111111111111
11111111100111111111011111111111111111111111111
11111111100111111111111111111111111111111111011
11111111111011111111111111111111101111111111111
11111111111101111111111111111111111110111111111
11111111111110011111111111111111111111111111111
11111111111110011111111111111111111111111111111
11110111111111101111111111111111111111111111111
11111101111111110111111101111111111111111111111
10111111111111111011111111101111111111111111111
11111111111111111101111111111111011111111111111
11111111111111111110101111111111111111111111111
11111111101111111111011111111111111111111111011
11111111111111111110101111111111111111111111111
11111111111111111111110111111101111111111111111
11111111111111111111111011111111111111111011111
11111111111111110111111101111111111111111111111
11111111111111111111111110111111111111111111111
11111111111111111111111111011111111111110111110
11111110111111111011111111101111111111111111111
11111111111111111111111111110110111111111111111
11111111111111111111111111111011111111111111101
11111111011111111111110111111101111111111111111
11111111111111111111111111110110111111111111111
11111011111111111101111111111111011111111111111
11111111011011111111111111111111101111111111111
11111111111111111111111111111111110111011101111
11111111111111111111111111111111111011101110111
11110111111111111111111111111111111100111111111
11111111111101111111111111111111111100111111111
11111111111111111111111111111111110111011101111
01111111111111111111111111111111111011101111111
11101111111111111111111111011111111111110111111
11111111111111111111111011111111111111111011101
11111111111111111111111111111111110111011101111
01111111111111111111111111111111111011111110111
11111111110111111111011111111111111111111111011
11111111111111111111111111111011111111111011101
11111111111111111111111111011111111111111111110
43
0111111011111111111111111111111110111111111
1011111111111101111111111111111111111111111
1101111111110111111111111111111111111111111
1110101111111111111111111111111111111111111
1111011111111111111111111111101111111111111
1110101111111111111111111111111111111011111
1111110111111111111111111111111111111111111
0111111011111111111111111111111111111111011
1111111101111111111111111110111111110111111
1111111110111111111111111111111101111111111
1111111111011111111111111011111111111111111
1111111111101011111111101111111111111111111
1101111111110111111111111111111111111111111
1111111111101011110111111111111111111111111
1011111111111101111111111111111111111110111
1111111111111110111011111011111111111111111
1111111111111111011111111111111111111101111
1111111111111111101111111111101111011111111
1111111111111011110111111111111111111111111
1111111111111110111011111111111111111111101
1111111111111111111101111101011111111111111
1111111111111111111110111111110111111111111
1111111111111111111111011111111111101111111
1111111111101111111111101111111011111111111
1111111111111111111111110101011111111111111
1111111111011110111111111011111111111111111
1111111111111111111101110101111111111111111
1111111101111111111111111110111111110111111
1111111111111111111101110111011111111111111
1111011111111111101111111111101111111111111
1111111111111111111110111111110111111111111
1111111111111111111111101111111011111111111
1111111110111111111111111111111101111101111
0111111111111111111111111111111110111111110
1111111111111111101111111111111111011111111
1111111111111111111111011111111111101111111
1111111101111111111111111110111111110111111
1111101111111111111111111111111111111011111
1111111111111111011111111111111101111101111
1111111111111101111111111111111111111110111
1111111011111111111111111111111111111111011
1111111111111111111011111111111111111111101
1111111111111111111111111111111110111111110
42
011111111111111111111111100111111111111111
101111111111111111111111111111111101011111
110111111111111111111111111111111111111110
111011111111111111111111111111111111101111
111101111111110111111111111111111111111111
111110111111111111111111111101111111111111
111111011011111110111111111111111111111111
111111101111111111111111111111111110111111
111111110111001111111111111111111111111111
111111011011111111111111111111111111111111
111111111101111111111111011111111111111111
111111111110111111111110110111111111111111
111111110111011111111011111111111111111111
111111110111101111101111111111111111111111
111101111111110111111111111111111111111101
111111111111111011111111111111111111111111
111111111111111101111111111111111111011111
111111011111111110111111111110111111111111
111111111111111111001011111111111111111111
111111111111101111001111111111111111111111
111111111111111111110101111111111111111101
111111111111011111011011111111111111111111
111111111111111111110101111111111111111111
111111111110111111111110111111111111111111
111111111101111111111111011111111111111111
011111111111111111111111101111111111111111
011111111110111111111111110111111111111111
111111111111111111111111111011111111111011
111110111111111111111111111101111011111111
111111111111111110111111111110111111111111
111111111111111111111111111111010011111111
111111111111111111111111111111101110111111
111111111111111111111111111111010111111111
111111111111111111111111111101011011111111
101111111111111111111111111111111101111111
111111101111111111111111111111101110111111
101111111111111101111111111111111111011111
111011111111111111111111111111111111101111
111111111111111111111111111111111111110110
111111111111111111111111111011111111111011
111111111111110111110111111111111111111101
110111111111111111111111111111111111110110
45
011111111111111111111111111101111111111011111
101111111111111111111111111111111111111101111
110111111111101111111111111111111011111111111
111011101111111111111111111111111111111111110
111101111111111111111111111111111111011111101
111110111111111111111111111111111101111111111
111111011111111111111111111111101111111111111
111011101111110111111111111111111111111111111
111111110111111011111111111111111111111111111
111111111011101111111111111111111111111111111
111111111101111111111111111111110111111111111
111111111110111101111111011111111111111111111
111111111111011101111111011111111111111111111
110111111011101111111111111111111111111111111
111111101111110111111111111111111111111111111
111111110111111011111111110111111111111111111
111111111110011101111111111111111111111111111
111111111111111110111111111111111111111111111
111111111111111111011111110111111111110111111
111111111111111111101110111111111111111111111
111111111111111111110111111111111110111111111
111111111111111111111001111110111111111111111
111111111111111111111001111111111101111111111
111111111111111111101110101111111111111111111
111111111110011111111111011111111111111111111
111111111111111111111110101111111111111111111
111111111111111011011111110111111111111111111
111111111111111111111111111011011111101111111
011111111111111111111111111101111111111011111
111111111111111111111011111110111111111111111
111111111111111111111111111011011111111111011
111111011111111111111111111111101111111111111
111111111101111111111111111111110111111111111
110111111111111111111111111111111011111111111
111110111111111111111101111111111101111111111
111111111111111111110111111111111110111111111
111101111111111111111111111111111111011111111
111111111111111111111111111011111111101111111
111111111111111111011111111111111111110111111
011111111111111111111111111101111111111011111
101111111111111111111111111111111111111101111
111111111111111111111111111111111111111110110
111111111111111111111111111111011111111111011
111101111111111111111111111111111111111111101
111011111111111111111111111111111111111110110
36
011111111111111111111110111111111111
101111111111111111111111111101111111
110111111111111111111111011111111111
111011111111111111011111111111111111
111101111111111110111111111111111111
111110111111111011111111111111111111
111111011111111111111110111101111111
111111101111111111111111101111111111
111111110111111111111111110111111111
111111111011110111111111101111111111
111111111101111111111011111111111101
111111111110111111111111111111010111
111111111111011111111111111011111111
111111111111101111111111110111111111
111111111011110111111111111111111111
111110111111111011111111111111011111
111111111111111101111111111111111110
111101111111111110110111111111111111
111011111111111111011111111110111111
111111111111111111101111111111101111
111111111111111110110111111111111111
111111111101111111111011111111111111
111111111111111111111101111111111111
011111011111111111111110111111111111
110111111111111111111111011111111111
111111101011111111111111101111111111
111111110111101111111111110111111111
111111111111011111111111111011111111
101111011111111111111111111101111111
111111111111111111011111111110111011
111111111110111011111111111111011111
111111111111111111101111111111101101
111111111110111111111111111111110111
111111111111111111111111111110111011
111111111101111111111111111111101101
111111111111111101111111111111111110
47
01111111111111011111111111111111111111111111110
10111111111011111111111111111111111011111111111
11011111111111111111111111111111111111110101111
11100111111111111111101111111111111111111111111
11100111111111111111111111111111111111111111111
11111011110111111111111111111111111111101111111
11111101111111110111111111101111111111111111111
11111110111111111111111110111111111111111111111
11111111011111111111111111110110111111111111111
11111111101111111111110111111111111111111111111
11111011110111111111111111111111111111111111111
10111111111011111111111111111011111111111111111
11111111111101111111111111111111111111111111111
11111111111110111111111111111111110110111111111
01111111111111011111111111111111111111111111011
11111111111111101111111111110110111111111111111
11111101111111110101111111111111111111111111111
11111111111111111011111111111111111111111111011
11111111111111110101111111101111111111111111111
11111111111111111110111111111111111111111111101
11111111111111111111011111111111011111111111111
11101111111111111111101111111111111111111111111
11111111101111111111110111111111111111111111111
11111111111111111111111011011111111111111111111
11111111111111111111111101111111110111111110111
11111110111111111111111110111111011111111111111
11111111111111111111111011011111111111111111111
11111101111111111101111111101111111111111111111
11111111011111101111111111110111111111111111111
11111111111011111111111111111011111111111111111
11111111111111111111111111111101111101111011111
11111111011111101111111111111110111111111111111
11111111111111111111011110111111011111111111111
11111111111111111111111111111111101111011111111
11111111111110111111111101111111110111111111111
10111111111111111111111111111111111011111111111
11111111111111111111111111111101111101111011111
11111111111110111111111111111111111110111111111
11111111111111111111111111111111101111011111111
11111011111111111111111111111111111111101111111
11011111111111111111111111111111111111110111111
11111111111111111111111111111101111101111011111
11011111111111111111111111111111111111111101111
11111111111111111111111101111111111111111110111
11111111111111011011111111111111111111111111011
11111111111111111110111111111111111111111111101
01111111111111111111111111111111111111111111110
43
0111111111111110111111111111111111111011111
1011111111111111111011111111111111111111111
1101111111111111111111111111111111011111111
1110111110111111111111111111111111111111110
1111011111111101111111111110111111111111111
1111101111111110111111111111111111111011111
1111110111011111111111111111111111111111111
1111111011110111111111111111111011111111111
1111111101111111111111111111111111111101111
1110111110111111111111111111111111111111111
1111110111011111111111111111111111111111111
1111111111101111111111111111111101111111111
1111111011110111111101111111111111111111111
1111111111111011111111111011111111111111111
1111011111111101111011111111111111111111111
0111101111111110111111111111111111111111111
1111111111111111011111111111111111011111111
1111111111111111101111111111111111110111111
1111111111111111110111111111101101111111111
1011111111111101111011111111111111111111111
1111111111110111111101111111111111111111111
1111111111111111111110111101111111111111111
1111111111111111111111011111111111111101111
1111111111111111111111101111110110111111111
1111111111111111111111110111111111111111111
1111111111111011111111111011111111111111111
1111111111111111111110111101111111111111111
1111011111111111111111111110111111111111111
1111111111111111111111111111011111111110111
1111111111111111110111111111101111111111111
1111111111111111111111101111110110111111111
1111111011111111111111111111111011111111111
1111111111101111110111111111111101111111111
1111111111111111111111101111110110111111111
1101111111111111011111111111111111011111111
1111111111111111111111111111111111100111111
1111111111111111101111111111111111100111111
0111101111111111111111111111111111111011111
1111111101111111111111011111111111111101111
1111111111111111111111111111011111111110111
1111111111111111111111111111111111111111000
1111111111111111111111111111111111111111001
1110111111111111111111111111111111111111010
42
001111111111111111111111111111111111111111
001111111111111111111111111111111111111111
110111011111101111111111111111111111111111
111011111111111111111101111111111111111111
111101111111111111111111111111111111110111
111110111111111111111111111111111011111110
110111011111111111011111111111111111111111
111111101111111111111111111111011111111101
111111110111111111111111111111111110111111
111111111011111111111111111111111111111111
111111111101111111111110111111111111111011
111111111110110111111111111101111111111111
111111111111011111101111111111111111111111
110111111111101111111111111111111111111111
111111111110110111111111111111111111111110
111111111111111011011111111111111111111111
111111111111111101111111110111111111111111
111111111111111110111111111111111111011111
111111011111111011011111111111111111111111
111111111111011111101111111111111111111111
111111111111111111110111111111111110111111
111111111111111111111011111110111111111111
111011111111111111111101111111111111111111
111111111101111111111110111111110111111111
111111111111111111111111010111111111111111
111111111111111111111111101111111111110111
111111111111111101111111010111111111111111
111111111111111111111111111011111101111111
111111111110111111111111111101111011111111
111111111111111111111011111110111111111111
111111101111111111111111111111011111111111
111111111111111111111111111111101111101101
111111111111111111111110111111110111111111
111110111111111111111111111101111011111111
111111111111111111111111111011111101011111
111111110111111111110111111111111110111111
111111111111111110111111111111111101011111
111111111111111111111111111111101111101111
111101111111111111111111101111111111110111
111111111101111111111111111111111111111011
111111101111111111111111111111101111111101
111110111111110111111111111111111111111110
45
011111111111110111111111111111111101111111111
101111111111111111111110111111111111101111111
110111111111111111110111111111111111111111111
111011111111111111111111111111111111111111111
111101111110111111111111111111111111111111111
111110111111111111111111111111111111011111111
111111011111111110111111111111101111111111111
111111101111111111111101111111111111111111111
111111110111111011111111111111111111111111111
111111111011111111011111110111111111111111111
111111111101111111111011101111111111111111111
111101111110111111111111111110111111111111111
111111111111011111111111101111111111111111111
111111111111101111111111111111111110011111111
011111111111110111111111111111111111111111111
111111110111111011111111111111111111111111111
111111111111111101111111111011111111111111111
111111011111111110111111111111101111111111111
111111111011111111011111111111111111111111101
111111111111111111101111111111111111111111110
110111111111111111110111111111111011111111111
111111111101111111111011111111111111111111111
111111101111111111111101111111111111111111111
101111111111111111111110111111111111111111111
111111111111111111111111011100111111111111111
111111111101011111111111101111111111111111111
111111111011111111111111110111111111111111101
111111111111111101111111111011011111111111111
111111111111111111111111011101111111111111111
111111111110111111111111011110111111111111111
111111111111111111111111111011011111111111111
111111011111111110111111111111101111111111111
111111111111111111111111111111110111111011111
111111111111111111110111111111111011111111111
011111111111111111111111111111111101111111011
111111111111101111111111111111111110111111111
111110111111101111111111111111111111011111111
101111111111111111111111111111111111101111111
111111111111111111111111111111111111110111011
111111111111111111111111111111110111111011111
111111111111111111111111111111111111111100111
111111111111111111111111111111111111111100111
111111111111111111111111111111111101110111011
111111111111111111011111110111111111111111101
111111111111111111101111111111111111111111110
36
011111111111111110111111110111111111
101111111111111111111111111111011111
110111111111101111111110111111111111
111011111110111111111111111111111111
111101111111111111111111101111111111
111110111111111111110111111101111111
111111011101111111111111111111111111
111111101111111011111111111111111110
111111110011111111111111111111111111
111111110011111111111111111111110111
111111011101111111111111111111111111
111011111110111111111101111111111111
111111111111011111111111111111101111
110111111111101111011111111111111111
111111111111110011111111111111111111
111111101111110011111111111111111111
111111111111111101111111101111111101
011111111111111110111111111111111111
111111111111101111011111111111111111
111111111111111111101111111110111111
111110111111111111110111111111111111
111111111111111111111010111111111111
111111111110111111111101111111111111
110111111111111111111010111111111111
111111111111111111111111011111111111
111101111111111101111111101111111111
011111111111111111111111110011111111
111111111111111111111111110011111011
111110111111111111111111111101111111
111111111111111111101111111110111111
101111111111111111111111111111011111
111111111111011111111111111111101111
111111111011111111111111111111110111
111111111111111111111111111011111011
111111111111111101111111111111111101
111111101111111111111111111111111110
48
011101111111111111111111111101111111111111111111
101111111111111111111111111111111111011111111111
110110111111111111111111111111111110111111111111
111011111111111111111111111110111111111111111111
011101111111111111111111111111111111111111111111
110110111111111111111111111111011111111111111111
111111011111111111111111111011111111011111111111
111111101111111111111111111110111111111111111111
111111110111111111110111111111111111101111111111
111111111011111110111111111111111111111111111111
111111111101111111111111111111101111111111111111
111111111110111111111011111111111111111111111111
111111111111011111101111111111111111111111111111
111111111111101111111111111111111111110111111111
111111111111110111111111110111111110111111111111
111111111111111011111111111111111101111111111111
111111111111111101111101111111111111111111111111
111111111011111110111111111111111111111111111101
111111111111111111011111111101111111111111111111
111111111111011111100111111111111111111111111111
111111110111111111100111111111111111111111111111
111111111110111111111011111011111111111111111111
111111111111111101111101111111111111111111111111
111111111111111111111110111111111111111111010111
111111111111111111111111011111011111111111111111
111111111111111111111111101111101011111111111111
111111111111110111111111110111111111111111111111
111111011111111111111011111011111111111111111111
011111111111111111011111111101111111111111111111
111011101111111111111111111110111111111111111111
111110111111111111111111011111011111111111111111
111111111101111111111111101111101111111111111111
111111111111111111111111111111110111111001111111
111111111111111111111111101111111011111111111111
111111111111111011111111111111111101111111111111
110111111111110111111111111111111110111111111111
101111011111111111111111111111111111011111111111
111111110111111111111111111111111111101111111111
111111111111101111111111111111111111110111111011
111111111111111111111111111111110111111011111111
111111111111111111111111111111110111111101111110
111111111111111111111111111111111111111110111110
111111111111111111111110111111111111111111011111
111111111111111111111111111111111111111111101111
111111111111111111111110111111111111111111110011
111111111111111111111111111111111111110111110011
111111111111111110111111111111111111111111111101
111111111111111111111111111111111111111100111110
18
011111111111100111
101111111110111101
110111111111100111
111001111111111011
111001111011111111
111110111110111111
111111001111111110
111111001111111110
111111110111111111
111101111011111011
111111111101011111
101110111110111111
111111111101011101
010111111111101111
010111111111110111
111011111011111011
101111111111011101
111111001111111110
25
0111111101111011111111111
1011111110111111111111101
1101111111011111101111111
1110111111111111111110110
1111011111111011011111111
1111101111111111111011011
1111110111110111111101111
1111111001111111111111111
0111111001111111111111111
1011111110111111111111101
1101111111011101111111111
1111111111101111111111111
1111110111110110111111111
0111011111111011111111111
1111111111011101101111111
1111111111110110111101111
1111011111111111011111111
1101111111111101101111111
1111111111111111110110110
1111101111111111111011011
1111110111111110111101111
1110111111111111110110111
1111101111111111111011011
1011111110111111111111101
1110111111111111110111110
36
011111111111111110111111110111111111
101111111101111111111111111111111110
110111111111111111111111101111110111
111011111111111111111110111111011111
111100111111111111111111111111111011
111100111011111111111111111111111111
111111010111110111111111111111111111
111111101110111111110111111111111111
111111010111110111111111111111111111
111110111011111111111111111111111011
101111111101111111011111111111111111
111111101110111111111111011111111111
111111111111011111111111111111111101
111111111111101111111111101111110111
111111010111110111111111111111111111
111111111111111001111111111111111111
111111111111111001111111111111111111
011111111111111110111111111111101111
111111111101111111011111111111111110
111111111111111111101111111111111111
111111101111111111110111111011111111
111111111111111111111001111101111111
111111111111111111111001111101111111
111011111111111111111110111111011111
111111111110111111111111011111111111
110111111111101111111111101111111111
011111111111111111111111110111101111
111111111111111111110111111010111111
111111111111111111111001111101111111
111111111111111111111111111010111111
111011111111111111111110111111011111
111111111111111110111111110111101111
110111111111101111111111111111110111
111101111011111111111111111111111011
111111111111011111111111111111111101
101111111111111111011111111111111110
14
01101111111110
10011011111111
10011111111011
01101111111110
11110111111111
10111011111011
11111100110111
11111100111111
11111111001111
11111111001101
11111101110101
11011011111011
11111111100101
01101111111110
47
00111111111111111111111111110111111111111111111
00111111110111111111111111111111111111111111111
11011111111111111110111111111111111111111110111
11101111011111111111111111111111111111110111111
11110011111111111111111111111111111111111111101
11110011111111111111111111111111111111110111111
11111101111111101111111111111111111111111011111
11111110111111111111111110111011111111111111111
11101111011111111111111111111111111111111111101
11111111101111110111110111111111111111111111111
10111111110111111111111111101111111111111111111
11111111111011110011111111111111111111111111111
11111111111101111111111011111111111111111011111
11111111111110111111111111111111111111101111011
11111111111111011111111111111111111111011111111
11111101111111101111111111111111111101111111111
11111111101011110111111111111111111111111111111
11111111111011111011011111111111111111111111111
11111111111111111101111111111110011111111111111
11011111111111111110111110111111111111111111111
11111111111111111011010111111111111111111111111
11111111111111111111101111111111111110111111111
11111111101111111111010111111111111111111111111
11111111111101111111111011111111111101111111111
11111111111111111111111101100111111111111111111
11111110111111111110111110111111111111111111111
11111111111111111111111111011111011011111111111
11111111110111111111111101101111111111111111111
01111111111111111111111101110111111111111111111
11111110111111111111111111111011111111111110111
11111111111111111111111111111101111111001111111
11111111111111111101111111111110110111111111111
11111111111111111101111111011111011111111111111
11111111111111111111111111111111101111111111110
11111111111111111111111111111110110011111111111
11111111111111111111111111011111110011111111111
11111111111111101111111011111111111101111111111
11111111111111111111101111111111111110111111111
11111111111111011111111111111101111111011111111
11111111111110111111111111111101111111101111111
11101011111111111111111111111111111111110111111
11111101111101111111111111111111111111111011111
11111111111111111111111111111111111111111101111
11011111111111111111111111111011111111111110111
11111111111110111111111111111111111111111111011
11110111011111111111111111111111111111111111101
11111111111111111111111111111111101111111111110
34
0111111111110111111111111011111111
1010111111011111111111111111111111
1101110111111111011111111111111111
1010111111011111111111111111111111
1111010111111111111111111111111111
1111101111111111101101111111111111
1101010111111111111111111111111111
1111111010111111111111111111110111
1111111101101111111111011111111111
1111111010111111110111111111111111
1010111111011111111111111111111111
1111111101101111111111111110111111
0111111111110111111111111011111111
1111111111111011110111111111110111
1111111111111101011111111111011111
1111111111111110111111110111111110
1101111111111101011111111111111111
1111101111111111101101111111111111
1111111110111011110111111111111111
1111111111111111111010111101111111
1111101111111111101101111111111111
1111111111111111111010111111111101
1111111101111111111111011110111111
1111111111111111111111101111101110
1111111111111110111111110111101111
0111111111110111111111111011111111
1111111111111111111011111101111101
1111111111101111111111011110111111
1111111111111101111111111111011111
1111111111111111111111100111101111
1111111011111011111111111111110111
1111111111111111111111111111111011
1111111111111111111110111101111101
1111111111111110111111101111111110
13
0111111011111
1011111011110
1101110101111
1110011111110
1110011111111
1111101100111
1101110111011
0011111011111
1101101101111
1111101110011
1111110110011
1111111111101
1010111111110
16
0111101111111111
1001111111111101
1001111111111101
1110111110101111
1111010111111110
0111101111111111
1111010111110111
1111111011111111
1111111100101111
1110111100111111
1111111111011011
1110111101101111
1111110111110011
1111111111010011
1001111111111101
1111011111111110
7
0111011
1011110
1101111
1110100
0111001
1110001
1010110
12
010111110111
101110011111
010111111101
111010011111
111101101011
101010111111
101011011111
111101101011
011111110101
111101101011
110111110101
111111111110
19
0111011111101111111
1011011111101111111
1101110111011111111
1110101111111011111
0011011111111111111
1110101111111111101
1101110111110111111
1111111011111111111
1111111101111110011
1111111110111101110
1101111111010111111
0011111111101111111
1111110111010111111
1110111111111011101
1111111110111101110
1111111101111110011
1111111101111110011
1111101111111011101
1111111110111101110
30
011111111111111111011111111011
101111111011111111111101111111
110011111111111111111111111111
110011111111111111111111111111
111101101111111111111110111111
111110111101111011111111111111
111111011111110111110111111111
111101101111111111111110111111
111111110111111101101111111111
101111111011111111111111101111
111110111101101111111111111111
111111111110111111111111110111
111111111111010111110111111111
111111111101101011111111111111
111111011111010111111111111111
111110111111101011111111111111
111111110111111101101111111111
111111111111111110111011111110
011111111111111111011111111011
111111110111111101101111111111
111111011111011111110111111111
111111111111111110111011111101
101111111111111111111101101111
111101101111111111111110111111
111111111111111111111111011111
111111111011111111111101101111
111111111110111111111111110111
011111111111111111011111111011
111111111111111111111011111100
111111111111111110111111111100
8
01100111
10100111
11011111
00101111
00110111
11111000
11111000
11111000
41
01011111111111111101111111111111111111111
10111111011111111111111111101111111111111
01011111111111111111111111111111111011111
11101111111111111011111111111111111111101
11110111111111101111111111110111111111111
11111011111111110111111111111111111101111
11111101110111111111111111111111110111111
11111110111111101111111111111110111111111
10111111011111111111111111111011111111111
11111111101111111111110111111111111111111
11111101110110111111111111111111111111111
11111111111011111110111111111111111111111
11111111111101111111111111110110111111111
11111111110110111111111111111111111111110
11111111111111011111111111011111101111111
11110110111111101111111111111111111111111
11111011111111110011111111111111111111111
11101111111111110011111111111111111111111
01111111111111111101111110111111111111111
11111111111011111110111111111111111111111
11111111111111111111011111111111001111111
11111111111111111111101111111011111110111
11111111101111111111110111111111111111111
11111111111111111111111011111111111111111
11111111111111111111111101011111011111111
11111111111111111101111110111111111111011
11111111111111011111111101011111111111111
10111111111111111111111111101111111110111
11110111111101111111111111110111111111111
11111111011111111111101111111011111111111
11111111111111111111111111111101110111110
11111110111101111111111111111110111111111
11111111111111111111011101111111011111111
11111111111111011111011111111111101111111
11111101111111111111111111111101110111111
11011111111111111111111111111111111011011
11111011111111111111111111111111111101101
11111111111111111111101111101111111110111
11111111111111111111111110111111111011011
11101111111111111111111111111111111101101
11111111111110111111111111111101111111110
28
0111111111111110111111111110
1011111011111111111110111111
1101111111110011111111111111
1110111111011111111111101111
1111011111111111111111111100
1111101111101111111111111011
1111110111111001111111111111
1011111010111111111111111111
1111111101111111111111111111
1111111010111111111110111111
1110111111011111111111101111
1111101111101111111111111011
1101111111110101111111111111
1101110111111011111111111111
1111110111110101111111111111
0111111111111110111111111101
1111111111111111001011111111
1111111111111111001011111111
1111111111111111110101011111
1111111111111111001011111111
1111111111111111110101110111
1011111110111111111110111111
1111111111111111110111010111
1110111111011111111111101111
1111111111111111111101010111
1111101111101111111111111011
1111011111111110111111111101
0111011111111111111111111110
47
01111110111111111111111111111111111111111111110
10111011011111111111111111111111111111111111111
11011111101111111111111111111111111101111111111
11101111111111111111111111111111111011011111111
11110011111111111111111111111111111111111101111
10110011111111111111111111111111111111111111111
11111101111111111111111111110111110111111111111
01111110111111110111111111111111111111111111111
10111111011111111111111111111111111111111101111
11011111101111111111111111111111011111111111111
11111111110111111111110111111110111111111111111
11111111111011111111111111110111110111111111111
11111111111101111111101111111111111111101111111
11111111111110111111111111111111111111110011111
11111111111111011111111111111101111111111111011
11111111111111101101111111111111111111111111110
11111110111111110101111111111111111111111111111
11111111111111111011111111111111111110111110111
11111111111111100101111111111111111111111111111
11111111111111111110111101011111111111111111111
11111111111111111111011111111011111111111011111
11111111111101111111101111101111111111111111111
11111111110111111111110111111110111111111111111
11111111111111111111111011111111101111111111101
11111111111111111110111101011111111111111111111
11111111111111111111111110111111111111111111111
11111111111111111110111101011111111111111111111
11111111111111111111101111101111111111101111111
11111101111011111111111111110111111111111111111
11111111111111111111011111111011111111110111111
11111111111111011111111111111101101111111111111
11111111110111111111110111111110111111111111111
11111111101111111111111111111111011101111111111
11111111111111111111111011111101101111111111111
11111101111011111111111111111111110111111111111
11101111111111111111111111111111111011011111111
11011111111111111111111111111111011101111111111
11111111111111111011111111111111111110111110111
11101111111111111111111111111111111011011111111
11111111111101111111111111101111111111101111111
11111111111110111111111111111011111111110111111
11111111111110111111011111111111111111111011111
11110111011111111111111111111111111111111101111
11111111111111111011111111111111111110111110111
11111111111111011111111111111111111111111111001
11111111111111111111111011111111111111111111001
01111111111111101111111111111111111111111111110
50
01111111111111111111111111110111111111101111111111
10111111111111111111111111111111111111011111011111
11011111111111111011101111111111111111111111111111
11101111111111111111110111111111111110111111111111
11110110111111111111111111011111111111111111111111
11111011111111111111111111111111111111111111101101
11111101111110111111111111111011111111111111111111
11110110110111111111111111111111111111111111111111
11111111010111111111111111111111111111111110111111
11111111101111111111111111111111101111111111110111
11111110010111111111111111111111111111111111111111
11111111111011111111111111111111111110111111111011
11111111111101111110111111111111111101111111111111
11111101111110110111111111111111111111111111111111
11111111111111011111011111111111011111111111111111
11111111111111101111111111110111111111101111111111
11111111111110110111111111111101111111111111111111
11011111111111111011101111111111111111111111111111
11111111111111111101111111111010111111111111111111
11111111111101111110111110111111111111111111111111
11111111111111011111011111111111011111111111111111
11011111111111111011101111111111111111111111111111
11101111111111111111110111111111111111111111111110
11111111111111111111111011101111111111011111111111
11111111111111111111111101111111111111111111111111
11111111111111111110111110111111111111111011111111
11110111111111111111111111011111111011111111111111
11111111111111111111111011101111111111111111011111
01111111111111101111111111110111111111111111111111
11111101111111111101111111111011111111111111111111
11111111111111110111111111111100111111111111111111
11111111111111111101111111111100111111111111111111
11111111111111011111011111111111011111111111111111
11111111101111111111111111111111100111111111111111
11111111111111111111111111111111100111111101111111
11111111111111111111111111011111111011111110111111
11111111111101111111111111111111111101111011111111
11101111111011111111111111111111111110111111111111
10111111111111111111111011111111111111011111111111
01111111111111101111111111111111111111101111111111
11111111111111111111111111111111111111110101110111
11111111111111111111111110111111111101111011111111
11111111111111111111111111111111110111110101111111
11111111011111111111111111111111111011111110111111
10111111111111111111111111101111111111111111011111
11111011111111111111111111111111111111111111101101
11111111101111111111111111111111111111110111110111
11111111111011111111111111111111111111111111111010
11111011111111111111111111111111111111111111101101
11111111111111111111110111111111111111111111111010
7
0011110
0011011
1100110
1100011
1010011
1111101
0101110
10
0011111011
0011111011
1101011110
1110111101
1101010111
1111101111
1111010110
0011111011
1110111101
1101110110
